edge_id,src,dst,w_raw,w_norm,severity,severity_norm,R_ij,P_level,C_level,RiskLevel
0,3494,3574,0.0,0.009999999776482582,2.4276113510131836,0.20394447445869446,0.0020394446328282356,1,3,3
1,0,3494,0.0,0.009999999776482582,1.4115015268325806,0.05878593400120735,0.0005878593074157834,1,2,2
2,0,3780,0.0,0.009999999776482582,5.975961685180664,0.7108516693115234,0.007108516525477171,1,6,6
3,1,3780,0.0,0.009999999776482582,5.975961685180664,0.7108516693115234,0.007108516525477171,1,6,6
4,1,3494,0.0,0.009999999776482582,1.8973824977874756,0.12819750607013702,0.001281975070014596,1,2,2
5,3494,3780,0.9999998807907104,0.9999998807907104,5.975961685180664,0.7108516693115234,0.7108516097068787,5,6,30
6,2,3573,0.0,0.009999999776482582,2.9377317428588867,0.27681881189346313,0.002768188016489148,1,3,3
7,2,3494,0.0,0.009999999776482582,1.5624886751174927,0.08035552501678467,0.0008035552455112338,1,2,2
8,3,4,0.0,0.009999999776482582,1.9651466608047485,0.13787809014320374,0.0013787808129563928,1,2,2
9,4,5,0.0,0.009999999776482582,1.9651466608047485,0.13787809014320374,0.0013787808129563928,1,2,2
10,5,6,0.0,0.009999999776482582,1.547366976737976,0.07819528132677078,0.0007819528109394014,1,2,2
11,7,3780,0.0,0.009999999776482582,5.975961685180664,0.7108516693115234,0.007108516525477171,1,6,6
12,7,3494,0.0,0.009999999776482582,2.8440744876861572,0.26343920826911926,0.0026343921199440956,1,3,3
13,8,3497,0.0,0.009999999776482582,1.1908758878707886,0.027267983183264732,0.0002726798120420426,1,2,2
14,8,9,0.0,0.009999999776482582,1.0267770290374756,0.003825289895758033,3.825289968517609e-05,1,2,2
15,9,10,0.0,0.009999999776482582,1.6677029132843018,0.09538613259792328,0.0009538612794131041,1,2,2
16,10,3497,0.0,0.009999999776482582,1.6677029132843018,0.09538613259792328,0.0009538612794131041,1,2,2
17,11,3782,0.0,0.009999999776482582,3.6555848121643066,0.37936925888061523,0.003793692449107766,1,4,4
18,11,12,0.0,0.009999999776482582,3.6555848121643066,0.37936925888061523,0.003793692449107766,1,4,4
19,12,13,0.0,0.009999999776482582,1.0226988792419434,0.003242697101086378,3.2426971301902086e-05,1,2,2
20,13,14,0.0,0.009999999776482582,1.386110782623291,0.05515868216753006,0.0005515867960639298,1,2,2
21,14,15,0.0,0.009999999776482582,1.386110782623291,0.05515868216753006,0.0005515867960639298,1,2,2
22,16,17,0.0,0.009999999776482582,1.0623886585235596,0.008912665769457817,8.912665362004191e-05,1,2,2
23,17,3181,0.0,0.009999999776482582,1.0623886585235596,0.008912665769457817,8.912665362004191e-05,1,2,2
24,18,3181,0.0,0.009999999776482582,1.9193350076675415,0.13133357465267181,0.0013133357279002666,1,2,2
25,19,3181,0.0,0.009999999776482582,1.0318289995193481,0.004546999931335449,4.546999844023958e-05,1,2,2
26,19,20,0.0,0.009999999776482582,1.0300542116165161,0.004293459001928568,4.2934589146170765e-05,1,2,2
27,20,3784,0.0,0.009999999776482582,1.0443642139434814,0.006337744649499655,6.337744707707316e-05,1,2,2
28,21,3784,0.0,0.009999999776482582,1.463511347770691,0.06621591001749039,0.000662159058265388,1,2,2
29,21,22,0.0,0.009999999776482582,1.463511347770691,0.06621591001749039,0.000662159058265388,1,2,2
30,22,23,0.0,0.009999999776482582,1.2994755506515503,0.042782220989465714,0.00042782220407389104,1,2,2
31,24,25,0.0,0.009999999776482582,1.0667407512664795,0.009534393437206745,9.534393029753119e-05,1,2,2
32,25,26,0.0,0.009999999776482582,1.090826392173767,0.012975199148058891,0.00012975199206266552,1,2,2
33,26,3497,0.0,0.009999999776482582,1.1908758878707886,0.027267983183264732,0.0002726798120420426,1,2,2
34,4838,4839,0.9999998807907104,0.9999998807907104,2.665902614593506,0.23798608779907227,0.23798605799674988,5,3,15
35,3785,4838,0.0,0.009999999776482582,2.665902614593506,0.23798608779907227,0.0023798607289791107,1,3,3
36,3785,4839,0.0,0.009999999776482582,2.164429187774658,0.16634702682495117,0.0016634701751172543,1,3,3
37,3495,4839,0.5,0.5049999952316284,2.164429187774658,0.16634702682495117,0.08400524407625198,5,3,15
38,4838,4840,0.5,0.5049999952316284,2.665902614593506,0.23798608779907227,0.12018297612667084,5,3,15
39,4839,4840,0.0,0.009999999776482582,2.164429187774658,0.16634702682495117,0.0016634701751172543,1,3,3
40,27,4839,0.0,0.009999999776482582,2.164429187774658,0.16634702682495117,0.0016634701751172543,1,3,3
41,27,4838,0.0,0.009999999776482582,2.665902614593506,0.23798608779907227,0.0023798607289791107,1,3,3
42,28,3787,0.0,0.009999999776482582,1.4125523567199707,0.05893605202436447,0.0005893604829907417,1,2,2
43,3182,3787,0.5,0.5049999952316284,1.4125523567199707,0.05893605202436447,0.02976270578801632,5,2,10
44,29,3790,0.0,0.009999999776482582,2.1178126335144043,0.15968751907348633,0.0015968751395121217,1,3,3
45,29,30,0.0,0.009999999776482582,1.3750512599945068,0.053578753024339676,0.0005357874906621873,1,2,2
46,30,3789,0.0,0.009999999776482582,1.269679069519043,0.03852558135986328,0.00038525581476278603,1,2,2
47,31,3787,0.0,0.009999999776482582,1.6581463813781738,0.09402091056108475,0.0009402090799994767,1,2,2
48,32,3787,0.0,0.009999999776482582,1.4125523567199707,0.05893605202436447,0.0005893604829907417,1,2,2
49,32,3497,0.0,0.009999999776482582,1.312095284461975,0.04458504170179367,0.000445850397227332,1,2,2
50,33,3497,0.0,0.009999999776482582,1.1908758878707886,0.027267983183264732,0.0002726798120420426,1,2,2
51,33,34,0.0,0.009999999776482582,1.1128367185592651,0.01611953042447567,0.0001611953048268333,1,2,2
52,34,3788,0.0,0.009999999776482582,3.6215293407440186,0.3745041787624359,0.003745041787624359,1,4,4
53,3478,4573,0.0,0.009999999776482582,2.255894422531128,0.17941348254680634,0.001794134732335806,1,3,3
54,35,3497,0.0,0.009999999776482582,1.1908758878707886,0.027267983183264732,0.0002726798120420426,1,2,2
55,35,36,0.0,0.009999999776482582,1.2628792524337769,0.03755417838692665,0.0003755417710635811,1,2,2
56,36,3497,0.0,0.009999999776482582,1.2628792524337769,0.03755417838692665,0.0003755417710635811,1,2,2
57,37,3576,0.0,0.009999999776482582,1.0688914060592651,0.009841629303991795,9.841629071161151e-05,1,2,2
58,37,3784,0.0,0.009999999776482582,1.0443642139434814,0.006337744649499655,6.337744707707316e-05,1,2,2
59,3576,3784,0.0,0.009999999776482582,1.0688914060592651,0.009841629303991795,9.841629071161151e-05,1,2,2
60,38,3496,0.0,0.009999999776482582,1.039886713027954,0.005698102060705423,5.6981018133228645e-05,1,2,2
61,38,39,0.0,0.009999999776482582,1.039886713027954,0.005698102060705423,5.6981018133228645e-05,1,2,2
62,39,40,0.0,0.009999999776482582,1.0109708309173584,0.0015672615263611078,1.5672614608774893e-05,1,2,2
63,40,41,0.0,0.009999999776482582,1.4062362909317017,0.05803375691175461,0.0005803375388495624,1,2,2
64,41,42,0.0,0.009999999776482582,1.4062362909317017,0.05803375691175461,0.0005803375388495624,1,2,2
65,42,43,0.0,0.009999999776482582,1.9738273620605469,0.13911819458007812,0.001391181955114007,1,2,2
66,43,44,0.0,0.009999999776482582,1.9738273620605469,0.13911819458007812,0.001391181955114007,1,2,2
67,44,3792,0.0,0.009999999776482582,1.183670997619629,0.026238713413476944,0.0002623871259856969,1,2,2
68,45,3783,0.0,0.009999999776482582,2.236772060394287,0.1766817271709442,0.0017668171785771847,1,3,3
69,45,46,0.0,0.009999999776482582,1.7318949699401855,0.10455642640590668,0.0010455641895532608,1,2,2
70,46,3496,0.0,0.009999999776482582,1.7318949699401855,0.10455642640590668,0.0010455641895532608,1,2,2
71,47,4842,0.0,0.009999999776482582,2.098982810974121,0.15699754655361176,0.0015699754003435373,1,3,3
72,47,48,0.0,0.009999999776482582,1.1309998035430908,0.018714258447289467,0.00018714257748797536,1,2,2
73,48,49,0.0,0.009999999776482582,4.50984525680542,0.5014064908027649,0.005014064721763134,1,5,5
74,49,4841,0.0,0.009999999776482582,4.50984525680542,0.5014064908027649,0.005014064721763134,1,5,5
75,4841,4842,0.0,0.009999999776482582,2.098982810974121,0.15699754655361176,0.0015699754003435373,1,3,3
76,50,4842,0.0,0.009999999776482582,2.098982810974121,0.15699754655361176,0.0015699754003435373,1,3,3
77,50,4843,0.0,0.009999999776482582,1.545876145362854,0.07798230648040771,0.0007798230508342385,1,2,2
78,4842,4843,0.0,0.009999999776482582,2.098982810974121,0.15699754655361176,0.0015699754003435373,1,3,3
79,51,4843,0.0,0.009999999776482582,1.545876145362854,0.07798230648040771,0.0007798230508342385,1,2,2
80,52,4843,0.0,0.009999999776482582,1.545876145362854,0.07798230648040771,0.0007798230508342385,1,2,2
81,52,4842,0.0,0.009999999776482582,2.098982810974121,0.15699754655361176,0.0015699754003435373,1,3,3
82,53,3782,0.0,0.009999999776482582,1.3609062433242798,0.05155803635716438,0.0005155803519301116,1,2,2
83,53,3784,0.0,0.009999999776482582,1.3609062433242798,0.05155803635716438,0.0005155803519301116,1,2,2
84,3782,3784,0.0,0.009999999776482582,1.1637941598892212,0.023399164900183678,0.00023399163910653442,1,2,2
85,54,3782,0.0,0.009999999776482582,1.1637941598892212,0.023399164900183678,0.00023399163910653442,1,2,2
86,54,3784,0.0,0.009999999776482582,1.0443642139434814,0.006337744649499655,6.337744707707316e-05,1,2,2
87,3783,3784,0.0,0.009999999776482582,2.236772060394287,0.1766817271709442,0.0017668171785771847,1,3,3
88,55,56,0.0,0.009999999776482582,1.3677325248718262,0.052533216774463654,0.0005253321724012494,1,2,2
89,56,57,0.0,0.009999999776482582,1.1190135478973389,0.017001936212182045,0.0001700193533906713,1,2,2
90,57,58,0.0,0.009999999776482582,1.1229971647262573,0.017571022734045982,0.00017571022908668965,1,2,2
91,58,3782,0.0,0.009999999776482582,1.1637941598892212,0.023399164900183678,0.00023399163910653442,1,2,2
92,3572,3793,0.9999998807907104,0.9999998807907104,4.671915531158447,0.5245593786239624,0.5245593190193176,5,5,25
93,3568,3793,0.9999998807907104,0.9999998807907104,1.443695068359375,0.063385009765625,0.0633850023150444,5,2,10
94,3568,3572,0.0,0.009999999776482582,4.671915531158447,0.5245593786239624,0.0052455938421189785,1,5,5
95,59,60,0.0,0.009999999776482582,1.0138345956802368,0.0019763708114624023,1.9763707314268686e-05,1,2,2
96,60,61,0.0,0.009999999776482582,1.0138345956802368,0.0019763708114624023,1.9763707314268686e-05,1,2,2
97,61,4844,0.0,0.009999999776482582,1.1259299516677856,0.01798999309539795,0.00017989992920774966,1,2,2
98,62,4845,0.0,0.009999999776482582,2.660521984100342,0.23721742630004883,0.0023721742909401655,1,3,3
99,62,63,0.0,0.009999999776482582,1.7798621654510498,0.11140888184309006,0.0011140888091176748,1,2,2
100,63,3796,0.0,0.009999999776482582,1.274013876914978,0.039144840091466904,0.00039144838228821754,1,2,2
101,64,4846,0.0,0.009999999776482582,2.4740891456604004,0.21058416366577148,0.0021058416459709406,1,3,3
102,64,65,0.0,0.009999999776482582,1.9109971523284912,0.1301424503326416,0.0013014244614169002,1,2,2
103,65,4846,0.0,0.009999999776482582,2.4740891456604004,0.21058416366577148,0.0021058416459709406,1,3,3
104,3494,4847,0.0,0.009999999776482582,2.3002095222473145,0.18574421107769012,0.001857442082837224,1,3,3
105,66,3494,0.0,0.009999999776482582,3.5818331241607666,0.3688333034515381,0.0036883328575640917,1,4,4
106,66,67,0.0,0.009999999776482582,3.5818331241607666,0.3688333034515381,0.0036883328575640917,1,4,4
107,68,4848,0.0,0.009999999776482582,1.6417224407196045,0.09167463332414627,0.0009167463285848498,1,2,2
108,68,69,0.0,0.009999999776482582,1.4186348915100098,0.05980498343706131,0.000598049839027226,1,2,2
109,69,3788,0.0,0.009999999776482582,3.6215293407440186,0.3745041787624359,0.003745041787624359,1,4,4
110,70,3790,0.0,0.009999999776482582,2.1178126335144043,0.15968751907348633,0.0015968751395121217,1,3,3
111,70,71,0.0,0.009999999776482582,3.5966601371765137,0.37095144391059875,0.003709514392539859,1,4,4
112,71,3788,0.0,0.009999999776482582,3.6215293407440186,0.3745041787624359,0.003745041787624359,1,4,4
113,72,3790,0.0,0.009999999776482582,2.482016086578369,0.21171657741069794,0.002117165829986334,1,3,3
114,72,3183,0.0,0.009999999776482582,2.482016086578369,0.21171657741069794,0.002117165829986334,1,3,3
115,3183,4849,0.0,0.009999999776482582,1.1649754047393799,0.023567914962768555,0.00023567913740407676,1,2,2
116,73,3790,0.0,0.009999999776482582,2.1178126335144043,0.15968751907348633,0.0015968751395121217,1,3,3
117,73,74,0.0,0.009999999776482582,1.282945156097412,0.040420737117528915,0.0004042073560412973,1,2,2
118,74,4849,0.0,0.009999999776482582,1.1596250534057617,0.02280357852578163,0.00022803577303420752,1,2,2
119,75,3790,0.0,0.009999999776482582,2.1178126335144043,0.15968751907348633,0.0015968751395121217,1,3,3
120,75,76,0.0,0.009999999776482582,1.061558723449707,0.008794103749096394,8.794103632681072e-05,1,2,2
121,76,77,0.0,0.009999999776482582,1.004808783531189,0.000686969084199518,6.869690878374968e-06,1,2,2
122,78,3799,0.0,0.009999999776482582,5.2673773765563965,0.6096253395080566,0.0060962531715631485,1,6,6
123,78,79,0.0,0.009999999776482582,3.3476576805114746,0.3353796601295471,0.0033537964336574078,1,4,4
124,79,80,0.0,0.009999999776482582,6.235263347625732,0.7478947639465332,0.007478947285562754,1,7,7
125,81,82,0.0,0.009999999776482582,1.3110628128051758,0.04443754628300667,0.0004443754442036152,1,2,2
126,82,83,0.0,0.009999999776482582,1.327404499053955,0.0467720702290535,0.0004677207034546882,1,2,2
127,83,84,0.0,0.009999999776482582,2.8602378368377686,0.2657482624053955,0.002657482633367181,1,3,3
128,84,4783,0.0,0.009999999776482582,2.8602378368377686,0.2657482624053955,0.002657482633367181,1,3,3
129,85,86,0.0,0.009999999776482582,1.1640982627868652,0.02344260923564434,0.00023442608653567731,1,2,2
130,86,87,0.0,0.009999999776482582,1.1640982627868652,0.02344260923564434,0.00023442608653567731,1,2,2
131,87,88,0.0,0.009999999776482582,1.1418548822402954,0.02026498317718506,0.0002026498259510845,1,2,2
132,89,90,0.0,0.009999999776482582,7.310922622680664,0.901560366153717,0.009015603922307491,1,8,8
133,90,91,0.0,0.009999999776482582,1.7704397439956665,0.11006282269954681,0.0011006281711161137,1,2,2
134,91,4850,0.0,0.009999999776482582,1.9029231071472168,0.12898901104927063,0.0012898900313302875,1,2,2
135,3791,4850,0.0,0.009999999776482582,1.9029231071472168,0.12898901104927063,0.0012898900313302875,1,2,2
136,3497,4850,0.0,0.009999999776482582,1.9029231071472168,0.12898901104927063,0.0012898900313302875,1,2,2
137,92,4850,0.0,0.009999999776482582,1.9029231071472168,0.12898901104927063,0.0012898900313302875,1,2,2
138,92,3497,0.0,0.009999999776482582,1.2277922630310059,0.032541751861572266,0.00032541752443648875,1,2,2
139,93,3797,0.0,0.009999999776482582,1.8444085121154785,0.12062978744506836,0.001206297893077135,1,2,2
140,93,94,0.0,0.009999999776482582,4.746702194213867,0.5352431535720825,0.005352431442588568,1,5,5
141,94,3788,0.0,0.009999999776482582,4.746702194213867,0.5352431535720825,0.005352431442588568,1,5,5
142,95,3575,0.0,0.009999999776482582,2.0393624305725098,0.1484803408384323,0.0014848033897578716,1,3,3
143,3495,3575,0.0,0.009999999776482582,1.7237632274627686,0.10339474678039551,0.0010339474538341165,1,2,2
144,96,3497,0.0,0.009999999776482582,2.180450201034546,0.16863574087619781,0.0016863574273884296,1,3,3
145,96,97,0.0,0.009999999776482582,2.180450201034546,0.16863574087619781,0.0016863574273884296,1,3,3
146,97,98,0.0,0.009999999776482582,1.2380599975585938,0.03400857001543045,0.0003400856803636998,1,2,2
147,99,3578,0.0,0.009999999776482582,1.423879861831665,0.06055426597595215,0.0006055426201783121,1,2,2
148,99,100,0.0,0.009999999776482582,1.423879861831665,0.06055426597595215,0.0006055426201783121,1,2,2
149,100,3497,0.0,0.009999999776482582,1.1924011707305908,0.027485881000757217,0.00027485881582833827,1,2,2
150,101,3497,0.0,0.009999999776482582,1.1908758878707886,0.027267983183264732,0.0002726798120420426,1,2,2
151,101,102,0.0,0.009999999776482582,2.710104465484619,0.24430063366889954,0.0024430062621831894,1,3,3
152,102,3497,0.0,0.009999999776482582,2.710104465484619,0.24430063366889954,0.0024430062621831894,1,3,3
153,103,3781,0.0,0.009999999776482582,4.41729211807251,0.4881846010684967,0.004881845787167549,1,5,5
154,103,104,0.0,0.009999999776482582,2.666522979736328,0.23807470500469208,0.0023807468824088573,1,3,3
155,104,105,0.0,0.009999999776482582,2.666522979736328,0.23807470500469208,0.0023807468824088573,1,3,3
156,106,3497,0.0,0.009999999776482582,2.304062604904175,0.18629465997219086,0.001862946548499167,1,3,3
157,106,3802,0.0,0.009999999776482582,2.304062604904175,0.18629465997219086,0.001862946548499167,1,3,3
158,107,3802,0.0,0.009999999776482582,2.2917680740356445,0.18453828990459442,0.0018453828524798155,1,3,3
159,108,3575,0.0,0.009999999776482582,1.629096269607544,0.0898708924651146,0.0008987088804133236,1,2,2
160,109,3575,0.0,0.009999999776482582,1.816584587097168,0.11665493994951248,0.001166549394838512,1,2,2
161,109,3497,0.0,0.009999999776482582,1.816584587097168,0.11665493994951248,0.001166549394838512,1,2,2
162,110,3497,0.0,0.009999999776482582,2.2582848072052,0.17975497245788574,0.0017975496593862772,1,3,3
163,110,3575,0.0,0.009999999776482582,2.2582848072052,0.17975497245788574,0.0017975496593862772,1,3,3
164,3497,3575,0.0,0.009999999776482582,1.629096269607544,0.0898708924651146,0.0008987088804133236,1,2,2
165,111,3454,0.0,0.009999999776482582,2.7092533111572266,0.24417904019355774,0.002441790420562029,1,3,3
166,111,112,0.0,0.009999999776482582,2.1218106746673584,0.16025866568088531,0.001602586591616273,1,3,3
167,112,3497,0.0,0.009999999776482582,2.1218106746673584,0.16025866568088531,0.001602586591616273,1,3,3
168,113,114,0.0,0.009999999776482582,1.0411357879638672,0.0058765411376953125,5.876541035831906e-05,1,2,2
169,114,115,0.0,0.009999999776482582,6.340736389160156,0.7629623413085938,0.007629623170942068,1,7,7
170,115,3497,0.0,0.009999999776482582,6.340736389160156,0.7629623413085938,0.007629623170942068,1,7,7
171,116,3497,0.0,0.009999999776482582,2.9922008514404297,0.2846001088619232,0.002846000948920846,1,3,3
172,116,117,0.0,0.009999999776482582,2.9922008514404297,0.2846001088619232,0.002846000948920846,1,3,3
173,117,118,0.0,0.009999999776482582,4.430515289306641,0.49007362127304077,0.004900736268609762,1,5,5
174,119,120,0.0,0.009999999776482582,1.893886685371399,0.12769809365272522,0.0012769808527082205,1,2,2
175,120,121,0.0,0.009999999776482582,1.9386988878250122,0.1340998411178589,0.001340998336672783,1,2,2
176,121,122,0.0,0.009999999776482582,1.9386988878250122,0.1340998411178589,0.001340998336672783,1,2,2
177,122,3574,0.0,0.009999999776482582,2.4276113510131836,0.20394447445869446,0.0020394446328282356,1,3,3
178,123,3574,0.0,0.009999999776482582,2.4276113510131836,0.20394447445869446,0.0020394446328282356,1,3,3
179,123,3494,0.0,0.009999999776482582,1.4115015268325806,0.05878593400120735,0.0005878593074157834,1,2,2
180,124,3494,0.0,0.009999999776482582,1.4115015268325806,0.05878593400120735,0.0005878593074157834,1,2,2
181,124,125,0.0,0.009999999776482582,1.46710205078125,0.0667288675904274,0.0006672886665910482,1,2,2
182,126,3803,0.0,0.009999999776482582,2.0797910690307617,0.15425586700439453,0.0015425586607307196,1,3,3
183,127,3803,0.0,0.009999999776482582,1.6641716957092285,0.09488166868686676,0.0009488166542723775,1,2,2
184,128,129,0.0,0.009999999776482582,2.731811046600342,0.24740158021450043,0.00247401581145823,1,3,3
185,129,130,0.0,0.009999999776482582,3.4996654987335205,0.35709506273269653,0.0035709505900740623,1,4,4
186,130,3809,0.0,0.009999999776482582,3.4996654987335205,0.35709506273269653,0.0035709505900740623,1,4,4
187,131,3830,0.0,0.009999999776482582,2.4749221801757812,0.21070316433906555,0.0021070316433906555,1,3,3
188,131,132,0.0,0.009999999776482582,2.117279052734375,0.1596112996339798,0.0015961129684001207,1,3,3
189,132,133,0.0,0.009999999776482582,2.304966688156128,0.18642380833625793,0.001864238060079515,1,3,3
190,133,3830,0.0,0.009999999776482582,2.4749221801757812,0.21070316433906555,0.0021070316433906555,1,3,3
191,3625,3829,0.0,0.009999999776482582,1.485236644744873,0.06931952387094498,0.0006931952084414661,1,2,2
192,134,3625,0.0,0.009999999776482582,1.3324087858200073,0.04748696833848953,0.0004748696810565889,1,2,2
193,135,3830,0.0,0.009999999776482582,2.4749221801757812,0.21070316433906555,0.0021070316433906555,1,3,3
194,135,136,0.0,0.009999999776482582,2.6081326007843018,0.22973322868347168,0.002297332277521491,1,3,3
195,136,137,0.0,0.009999999776482582,2.6081326007843018,0.22973322868347168,0.002297332277521491,1,3,3
196,3833,3849,0.0,0.009999999776482582,2.227123975753784,0.17530342936515808,0.0017530343029648066,1,3,3
197,138,3833,0.0,0.009999999776482582,2.727132797241211,0.24673326313495636,0.0024673326406627893,1,3,3
198,138,3834,0.0,0.009999999776482582,2.727132797241211,0.24673326313495636,0.0024673326406627893,1,3,3
199,3833,3834,0.0,0.009999999776482582,2.1131069660186768,0.15901528298854828,0.0015901527367532253,1,3,3
200,139,3833,0.0,0.009999999776482582,1.3197925090789795,0.04568464308977127,0.0004568464064504951,1,2,2
201,3502,3842,0.0,0.009999999776482582,1.918929934501648,0.1312756985425949,0.0013127569109201431,1,2,2
202,140,3842,0.0,0.009999999776482582,1.918929934501648,0.1312756985425949,0.0013127569109201431,1,2,2
203,140,141,0.0,0.009999999776482582,3.4640159606933594,0.3520022928714752,0.0035200228448957205,1,4,4
204,141,3842,0.0,0.009999999776482582,3.4640159606933594,0.3520022928714752,0.0035200228448957205,1,4,4
205,3840,3842,0.0,0.009999999776482582,1.918929934501648,0.1312756985425949,0.0013127569109201431,1,2,2
206,142,143,0.0,0.009999999776482582,1.668870449066162,0.09555292129516602,0.0009555292199365795,1,2,2
207,143,144,0.0,0.009999999776482582,2.7648580074310303,0.25212258100509644,0.002521225716918707,1,3,3
208,144,145,0.0,0.009999999776482582,4.1195478439331055,0.4456496834754944,0.004456496797502041,1,5,5
209,145,3830,0.0,0.009999999776482582,4.1195478439331055,0.4456496834754944,0.004456496797502041,1,5,5
210,146,3830,0.0,0.009999999776482582,2.4749221801757812,0.21070316433906555,0.0021070316433906555,1,3,3
211,146,147,0.0,0.009999999776482582,1.144324541091919,0.020617792382836342,0.0002061779232462868,1,2,2
212,147,148,0.0,0.009999999776482582,1.1194794178009033,0.017068488523364067,0.00017068488523364067,1,2,2
213,149,3561,0.0,0.009999999776482582,2.67909574508667,0.2398708164691925,0.002398708136752248,1,3,3
214,149,3866,0.0,0.009999999776482582,1.2625720500946045,0.03751029446721077,0.0003751029435079545,1,2,2
215,3561,3866,0.5,0.5049999952316284,2.67909574508667,0.2398708164691925,0.12113475799560547,5,3,15
216,150,3561,0.0,0.009999999776482582,2.67909574508667,0.2398708164691925,0.002398708136752248,1,3,3
217,150,4852,0.0,0.009999999776482582,1.5861051082611084,0.08372930437326431,0.0008372930460609496,1,2,2
218,151,4852,0.0,0.009999999776482582,1.9076389074325562,0.12966270744800568,0.001296627102419734,1,2,2
219,151,4853,0.0,0.009999999776482582,1.9773914813995361,0.1396273523569107,0.0013962734956294298,1,2,2
220,152,3866,0.0,0.009999999776482582,1.2988500595092773,0.042692866176366806,0.0004269286582712084,1,2,2
221,152,3561,0.0,0.009999999776482582,2.67909574508667,0.2398708164691925,0.002398708136752248,1,3,3
222,153,3561,0.0,0.009999999776482582,2.67909574508667,0.2398708164691925,0.002398708136752248,1,3,3
223,153,4852,0.0,0.009999999776482582,1.5238089561462402,0.07482985407114029,0.0007482985383830965,1,2,2
224,3561,4852,0.5,0.5049999952316284,2.67909574508667,0.2398708164691925,0.12113475799560547,5,3,15
225,154,3561,0.0,0.009999999776482582,2.67909574508667,0.2398708164691925,0.002398708136752248,1,3,3
226,154,155,0.0,0.009999999776482582,1.3228332996368408,0.04611904174089432,0.00046119041508063674,1,2,2
227,155,3561,0.0,0.009999999776482582,2.67909574508667,0.2398708164691925,0.002398708136752248,1,3,3
228,3866,4852,0.0,0.009999999776482582,1.0634381771087646,0.009062596596777439,9.0625966549851e-05,1,2,2
229,156,3866,0.0,0.009999999776482582,1.3980207443237305,0.05686010792851448,0.0005686010699719191,1,2,2
230,156,4853,0.0,0.009999999776482582,1.9773914813995361,0.1396273523569107,0.0013962734956294298,1,2,2
231,157,4852,0.0,0.009999999776482582,1.6976327896118164,0.09966182708740234,0.0009966182988137007,1,2,2
232,157,3561,0.0,0.009999999776482582,2.67909574508667,0.2398708164691925,0.002398708136752248,1,3,3
233,158,159,0.0,0.009999999776482582,2.0310862064361572,0.14729802310466766,0.0014729802496731281,1,3,3
234,159,160,0.0,0.009999999776482582,1.4321938753128052,0.06174198165535927,0.0006174197769723833,1,2,2
235,160,161,0.0,0.009999999776482582,1.6974259614944458,0.09963227808475494,0.000996322720311582,1,2,2
236,161,162,0.0,0.009999999776482582,1.6974259614944458,0.09963227808475494,0.000996322720311582,1,2,2
237,163,164,0.0,0.009999999776482582,2.5390026569366455,0.21985752880573273,0.002198575297370553,1,3,3
238,164,165,0.0,0.009999999776482582,1.3660725355148315,0.052296075969934464,0.0005229607340879738,1,2,2
239,165,166,0.0,0.009999999776482582,1.3660725355148315,0.052296075969934464,0.0005229607340879738,1,2,2
240,3517,3606,0.0,0.009999999776482582,2.671663999557495,0.23880913853645325,0.002388091292232275,1,3,3
241,167,3606,0.0,0.009999999776482582,1.9759836196899414,0.13942623138427734,0.0013942623045295477,1,2,2
242,167,3517,0.0,0.009999999776482582,2.671663999557495,0.23880913853645325,0.002388091292232275,1,3,3
243,3606,3847,0.0,0.009999999776482582,1.8242883682250977,0.1177554801106453,0.0011775547172874212,1,2,2
244,168,3847,0.0,0.009999999776482582,2.162566661834717,0.16608095169067383,0.0016608095029368997,1,3,3
245,168,3606,0.0,0.009999999776482582,2.162566661834717,0.16608095169067383,0.0016608095029368997,1,3,3
246,3561,3847,0.5,0.5049999952316284,2.67909574508667,0.2398708164691925,0.12113475799560547,5,3,15
247,169,3847,0.0,0.009999999776482582,2.718111038208008,0.2454444319009781,0.0024544443003833294,1,3,3
248,169,3865,0.0,0.009999999776482582,3.146430492401123,0.306632936000824,0.0030663292855024338,1,4,4
249,3847,3865,0.5,0.5049999952316284,3.146430492401123,0.306632936000824,0.15484963357448578,5,4,20
250,3816,3847,0.0,0.009999999776482582,6.981029510498047,0.8544327616691589,0.008544327691197395,1,7,7
251,3816,4564,0.5,0.5049999952316284,6.981029510498047,0.8544327616691589,0.4314885437488556,5,7,35
252,3902,4564,0.0,0.009999999776482582,1.1315808296203613,0.018797261640429497,0.0001879726187326014,1,2,2
253,3816,3902,0.5,0.5049999952316284,6.981029510498047,0.8544327616691589,0.4314885437488556,5,7,35
254,170,3816,0.0,0.009999999776482582,6.981029510498047,0.8544327616691589,0.008544327691197395,1,7,7
255,170,3606,0.0,0.009999999776482582,2.7324366569519043,0.24749095737934113,0.0024749094154685736,1,3,3
256,3606,3816,0.0,0.009999999776482582,6.981029510498047,0.8544327616691589,0.008544327691197395,1,7,7
257,3561,4107,0.0,0.009999999776482582,2.67909574508667,0.2398708164691925,0.002398708136752248,1,3,3
258,171,4107,0.0,0.009999999776482582,1.562931776046753,0.08041882514953613,0.0008041882538236678,1,2,2
259,171,172,0.0,0.009999999776482582,1.562931776046753,0.08041882514953613,0.0008041882538236678,1,2,2
260,172,4107,0.0,0.009999999776482582,1.5398585796356201,0.07712265104055405,0.0007712264778092504,1,2,2
261,173,4107,0.0,0.009999999776482582,1.5398585796356201,0.07712265104055405,0.0007712264778092504,1,2,2
262,173,3561,0.0,0.009999999776482582,2.67909574508667,0.2398708164691925,0.002398708136752248,1,3,3
263,3828,3847,0.0,0.009999999776482582,1.5245895385742188,0.07494135946035385,0.0007494135643355548,1,2,2
264,3828,4564,0.0,0.009999999776482582,1.5245895385742188,0.07494135946035385,0.0007494135643355548,1,2,2
265,174,4564,0.0,0.009999999776482582,3.4579644203186035,0.35113778710365295,0.0035113778430968523,1,4,4
266,174,175,0.0,0.009999999776482582,3.4579644203186035,0.35113778710365295,0.0035113778430968523,1,4,4
267,175,3902,0.0,0.009999999776482582,2.52217960357666,0.2174542248249054,0.002174542285501957,1,3,3
268,176,3561,0.0,0.009999999776482582,2.720564842224121,0.24579498171806335,0.002457949798554182,1,3,3
269,176,177,0.0,0.009999999776482582,2.720564842224121,0.24579498171806335,0.002457949798554182,1,3,3
270,177,4564,0.0,0.009999999776482582,1.117759346961975,0.01682276464998722,0.00016822764882817864,1,2,2
271,3625,4564,0.0,0.009999999776482582,1.3324087858200073,0.04748696833848953,0.0004748696810565889,1,2,2
272,178,3625,0.0,0.009999999776482582,1.4871270656585693,0.06958957761526108,0.0006958957528695464,1,2,2
273,178,3561,0.0,0.009999999776482582,2.67909574508667,0.2398708164691925,0.002398708136752248,1,3,3
274,3561,3848,0.0,0.009999999776482582,2.67909574508667,0.2398708164691925,0.002398708136752248,1,3,3
275,3848,4564,0.0,0.009999999776482582,1.2906750440597534,0.04152500629425049,0.00041525004780851305,1,2,2
276,3847,4564,0.0,0.009999999776482582,1.4117999076843262,0.05882855877280235,0.0005882855621166527,1,2,2
277,3184,3847,0.0,0.009999999776482582,1.4629416465759277,0.06613451987504959,0.0006613451987504959,1,2,2
278,3184,3865,0.0,0.009999999776482582,3.146430492401123,0.306632936000824,0.0030663292855024338,1,4,4
279,179,3865,0.0,0.009999999776482582,3.146430492401123,0.306632936000824,0.0030663292855024338,1,4,4
280,179,180,0.0,0.009999999776482582,1.5504028797149658,0.07862897962331772,0.0007862898055464029,1,2,2
281,180,3184,0.0,0.009999999776482582,1.4629416465759277,0.06613451987504959,0.0006613451987504959,1,2,2
282,3184,3816,0.0,0.009999999776482582,6.981029510498047,0.8544327616691589,0.008544327691197395,1,7,7
283,3816,3865,0.0,0.009999999776482582,6.981029510498047,0.8544327616691589,0.008544327691197395,1,7,7
284,3847,3902,0.0,0.009999999776482582,1.4117999076843262,0.05882855877280235,0.0005882855621166527,1,2,2
285,3561,3902,0.0,0.009999999776482582,2.67909574508667,0.2398708164691925,0.002398708136752248,1,3,3
286,181,3503,0.0,0.009999999776482582,2.18887996673584,0.1698399931192398,0.001698399893939495,1,3,3
287,181,3850,0.0,0.009999999776482582,2.508122444152832,0.21544606983661652,0.0021544606424868107,1,3,3
288,3548,3850,0.0,0.009999999776482582,3.9478273391723633,0.42111819982528687,0.004211181774735451,1,4,4
289,182,3644,0.0,0.009999999776482582,2.232393741607666,0.17605625092983246,0.0017605624161660671,1,3,3
290,182,183,0.0,0.009999999776482582,2.232393741607666,0.17605625092983246,0.0017605624161660671,1,3,3
291,183,3858,0.0,0.009999999776482582,2.0079472064971924,0.14399245381355286,0.0014399244682863355,1,3,3
292,184,3636,0.0,0.009999999776482582,6.962948799133301,0.8518498539924622,0.00851849839091301,1,7,7
293,184,185,0.0,0.009999999776482582,1.7579667568206787,0.1082809641957283,0.001082809641957283,1,2,2
294,185,3451,0.0,0.009999999776482582,2.187114715576172,0.16958782076835632,0.0016958782216534019,1,3,3
295,186,4325,0.0,0.009999999776482582,1.593606948852539,0.08480099588632584,0.0008480099495500326,1,2,2
296,186,4431,0.0,0.009999999776482582,1.644726276397705,0.0921037569642067,0.0009210375719703734,1,2,2
297,4325,4431,0.0,0.009999999776482582,1.644726276397705,0.0921037569642067,0.0009210375719703734,1,2,2
298,187,188,0.0,0.009999999776482582,2.4650051593780518,0.20928645133972168,0.002092864364385605,1,3,3
299,188,189,0.0,0.009999999776482582,2.4650051593780518,0.20928645133972168,0.002092864364385605,1,3,3
300,189,190,0.0,0.009999999776482582,1.5032682418823242,0.07189546525478363,0.0007189546595327556,1,2,2
301,191,3831,0.0,0.009999999776482582,2.261784553527832,0.18025493621826172,0.0018025493482127786,1,3,3
302,191,3850,0.0,0.009999999776482582,2.508122444152832,0.21544606983661652,0.0021544606424868107,1,3,3
303,3499,3850,0.0,0.009999999776482582,2.508122444152832,0.21544606983661652,0.0021544606424868107,1,3,3
304,192,193,0.0,0.009999999776482582,2.6601815223693848,0.2371687889099121,0.0023716879077255726,1,3,3
305,193,3185,0.0,0.009999999776482582,2.6601815223693848,0.2371687889099121,0.0023716879077255726,1,3,3
306,194,3185,0.0,0.009999999776482582,1.8176766633987427,0.11681095510721207,0.0011681094765663147,1,2,2
307,195,3849,0.0,0.009999999776482582,3.19873046875,0.3141043484210968,0.0031410434748977423,1,4,4
308,195,3537,0.0,0.009999999776482582,3.19873046875,0.3141043484210968,0.0031410434748977423,1,4,4
309,3537,3849,0.0,0.009999999776482582,2.227123975753784,0.17530342936515808,0.0017530343029648066,1,3,3
310,196,3831,0.0,0.009999999776482582,2.261784553527832,0.18025493621826172,0.0018025493482127786,1,3,3
311,196,197,0.0,0.009999999776482582,1.6026610136032104,0.086094431579113,0.0008609442738816142,1,2,2
312,197,3850,0.0,0.009999999776482582,2.508122444152832,0.21544606983661652,0.0021544606424868107,1,3,3
313,3590,3682,0.0,0.009999999776482582,2.5556180477142334,0.22223114967346191,0.0022223114501684904,1,3,3
314,198,3682,0.0,0.009999999776482582,1.5345518589019775,0.07636455446481705,0.0007636455120518804,1,2,2
315,198,3636,0.0,0.009999999776482582,6.962948799133301,0.8518498539924622,0.00851849839091301,1,7,7
316,3591,4431,0.0,0.009999999776482582,1.8769878149032593,0.12528397142887115,0.0012528396910056472,1,2,2
317,199,4431,0.0,0.009999999776482582,1.644726276397705,0.0921037569642067,0.0009210375719703734,1,2,2
318,199,200,0.0,0.009999999776482582,1.2774277925491333,0.039632540196180344,0.0003963253984693438,1,2,2
319,201,3846,0.0,0.009999999776482582,2.943727493286133,0.2776753604412079,0.0027767536230385303,1,3,3
320,201,202,0.0,0.009999999776482582,1.9916236400604248,0.14166052639484406,0.0014166051987558603,1,2,2
321,202,3846,0.0,0.009999999776482582,2.943727493286133,0.2776753604412079,0.0027767536230385303,1,3,3
322,203,3831,0.0,0.009999999776482582,2.261784553527832,0.18025493621826172,0.0018025493482127786,1,3,3
323,203,3850,0.0,0.009999999776482582,2.508122444152832,0.21544606983661652,0.0021544606424868107,1,3,3
324,3831,3850,0.5,0.5049999952316284,2.508122444152832,0.21544606983661652,0.1088002622127533,5,3,15
325,204,205,0.0,0.009999999776482582,1.1128027439117432,0.016114678233861923,0.0001611467741895467,1,2,2
326,205,3842,0.0,0.009999999776482582,1.918929934501648,0.1312756985425949,0.0013127569109201431,1,2,2
327,3186,3842,0.0,0.009999999776482582,1.918929934501648,0.1312756985425949,0.0013127569109201431,1,2,2
328,206,3561,0.0,0.009999999776482582,2.67909574508667,0.2398708164691925,0.002398708136752248,1,3,3
329,206,207,0.0,0.009999999776482582,1.6800074577331543,0.09714392572641373,0.0009714392363093793,1,2,2
330,207,3187,0.0,0.009999999776482582,1.6800074577331543,0.09714392572641373,0.0009714392363093793,1,2,2
331,3187,3561,0.5,0.5049999952316284,2.67909574508667,0.2398708164691925,0.12113475799560547,5,3,15
332,3561,4854,0.5,0.5049999952316284,2.67909574508667,0.2398708164691925,0.12113475799560547,5,3,15
333,208,4854,0.0,0.009999999776482582,3.585343599319458,0.36933478713035583,0.0036933477967977524,1,4,4
334,208,3561,0.0,0.009999999776482582,3.585343599319458,0.36933478713035583,0.0036933477967977524,1,4,4
335,3561,4092,0.5,0.5049999952316284,2.67909574508667,0.2398708164691925,0.12113475799560547,5,3,15
336,3188,4092,0.0,0.009999999776482582,1.292928695678711,0.04184695705771446,0.00041846957174129784,1,2,2
337,3188,3561,0.0,0.009999999776482582,2.67909574508667,0.2398708164691925,0.002398708136752248,1,3,3
338,209,3561,0.0,0.009999999776482582,2.67909574508667,0.2398708164691925,0.002398708136752248,1,3,3
339,209,3189,0.0,0.009999999776482582,1.3911268711090088,0.0558752678334713,0.0005587526829913259,1,2,2
340,3189,3561,0.5,0.5049999952316284,2.67909574508667,0.2398708164691925,0.12113475799560547,5,3,15
341,3561,3865,0.0,0.009999999776482582,3.146430492401123,0.306632936000824,0.0030663292855024338,1,4,4
342,3865,4854,0.0,0.009999999776482582,3.146430492401123,0.306632936000824,0.0030663292855024338,1,4,4
343,210,3561,0.0,0.009999999776482582,2.67909574508667,0.2398708164691925,0.002398708136752248,1,3,3
344,210,211,0.0,0.009999999776482582,1.517952799797058,0.0739932581782341,0.0007399325841106474,1,2,2
345,211,3561,0.0,0.009999999776482582,2.67909574508667,0.2398708164691925,0.002398708136752248,1,3,3
346,4092,4441,0.0,0.009999999776482582,1.2484397888183594,0.035491399466991425,0.00035491399466991425,1,2,2
347,3561,4441,0.0,0.009999999776482582,2.67909574508667,0.2398708164691925,0.002398708136752248,1,3,3
348,212,3561,0.0,0.009999999776482582,2.67909574508667,0.2398708164691925,0.002398708136752248,1,3,3
349,212,3866,0.0,0.009999999776482582,1.1825343370437622,0.026076333597302437,0.00026076333597302437,1,2,2
350,213,3561,0.0,0.009999999776482582,2.67909574508667,0.2398708164691925,0.002398708136752248,1,3,3
351,213,4854,0.0,0.009999999776482582,1.9820153713226318,0.14028790593147278,0.001402879017405212,1,2,2
352,3187,4854,0.0,0.009999999776482582,1.1168853044509888,0.016697900369763374,0.0001669790071900934,1,2,2
353,214,4854,0.0,0.009999999776482582,3.159789562225342,0.30854135751724243,0.003085413482040167,1,4,4
354,214,3561,0.0,0.009999999776482582,3.159789562225342,0.30854135751724243,0.003085413482040167,1,4,4
355,215,3561,0.0,0.009999999776482582,2.67909574508667,0.2398708164691925,0.002398708136752248,1,3,3
356,215,216,0.0,0.009999999776482582,2.2633209228515625,0.1804744154214859,0.0018047441262751818,1,3,3
357,216,217,0.0,0.009999999776482582,1.8789563179016113,0.12556518614292145,0.0012556518195196986,1,2,2
358,217,3189,0.0,0.009999999776482582,1.8789563179016113,0.12556518614292145,0.0012556518195196986,1,2,2
359,3477,3872,0.0,0.009999999776482582,7.005972385406494,0.8579960465431213,0.008579960092902184,1,8,8
360,218,3872,0.0,0.009999999776482582,1.9961869716644287,0.1423124223947525,0.001423124223947525,1,2,2
361,218,3477,0.0,0.009999999776482582,7.005972385406494,0.8579960465431213,0.008579960092902184,1,8,8
362,3511,3993,0.0,0.009999999776482582,2.3214056491851807,0.18877223134040833,0.0018877222901210189,1,3,3
363,219,3993,0.0,0.009999999776482582,1.997159481048584,0.14245136082172394,0.0014245135243982077,1,2,2
364,219,3862,0.0,0.009999999776482582,2.117265224456787,0.15960931777954102,0.0015960931777954102,1,3,3
365,3511,3862,0.0,0.009999999776482582,2.3214056491851807,0.18877223134040833,0.0018877222901210189,1,3,3
366,3477,3881,0.0,0.009999999776482582,7.005972385406494,0.8579960465431213,0.008579960092902184,1,8,8
367,3872,3881,0.0,0.009999999776482582,1.9914751052856445,0.14163930714130402,0.0014163930900394917,1,2,2
368,3862,3872,0.5,0.5049999952316284,2.117265224456787,0.15960931777954102,0.08060270547866821,5,3,15
369,3862,3993,0.5,0.5049999952316284,2.117265224456787,0.15960931777954102,0.08060270547866821,5,3,15
370,220,3993,0.0,0.009999999776482582,1.997159481048584,0.14245136082172394,0.0014245135243982077,1,2,2
371,220,3477,0.0,0.009999999776482582,7.005972385406494,0.8579960465431213,0.008579960092902184,1,8,8
372,3477,3862,0.9999998807907104,0.9999998807907104,7.005972385406494,0.8579960465431213,0.8579959273338318,5,8,40
373,3862,3896,0.0,0.009999999776482582,2.2281508445739746,0.17545011639595032,0.001754501136019826,1,3,3
374,3477,3896,0.5,0.5049999952316284,7.005972385406494,0.8579960465431213,0.43328800797462463,5,8,40
375,3477,3868,0.5,0.5049999952316284,7.005972385406494,0.8579960465431213,0.43328800797462463,5,8,40
376,221,3868,0.0,0.009999999776482582,2.92299485206604,0.27471354603767395,0.0027471354696899652,1,3,3
377,221,3511,0.0,0.009999999776482582,2.92299485206604,0.27471354603767395,0.0027471354696899652,1,3,3
378,222,3830,0.0,0.009999999776482582,2.4749221801757812,0.21070316433906555,0.0021070316433906555,1,3,3
379,222,3889,0.0,0.009999999776482582,1.921840786933899,0.13169154524803162,0.001316915382631123,1,2,2
380,3830,3889,0.0,0.009999999776482582,2.4749221801757812,0.21070316433906555,0.0021070316433906555,1,3,3
381,223,3830,0.0,0.009999999776482582,2.4749221801757812,0.21070316433906555,0.0021070316433906555,1,3,3
382,223,224,0.0,0.009999999776482582,1.8118921518325806,0.11598459631204605,0.0011598459677770734,1,2,2
383,224,225,0.0,0.009999999776482582,1.5620094537734985,0.08028706163167953,0.0008028706070035696,1,2,2
384,225,3830,0.0,0.009999999776482582,2.4749221801757812,0.21070316433906555,0.0021070316433906555,1,3,3
385,226,4343,0.0,0.009999999776482582,4.582691669464111,0.5118131041526794,0.005118130706250668,1,5,5
386,226,4307,0.0,0.009999999776482582,1.2691833972930908,0.03845477104187012,0.00038454768946394324,1,2,2
387,4307,4856,0.9999998807907104,0.9999998807907104,1.3319675922393799,0.047423940151929855,0.04742393270134926,5,2,10
388,4343,4856,0.5,0.5049999952316284,4.582691669464111,0.5118131041526794,0.25846561789512634,5,5,25
389,227,4343,0.0,0.009999999776482582,4.582691669464111,0.5118131041526794,0.005118130706250668,1,5,5
390,227,228,0.0,0.009999999776482582,1.6734442710876465,0.09620632231235504,0.0009620632044970989,1,2,2
391,228,229,0.0,0.009999999776482582,1.6734442710876465,0.09620632231235504,0.0009620632044970989,1,2,2
392,229,4343,0.0,0.009999999776482582,4.582691669464111,0.5118131041526794,0.005118130706250668,1,5,5
393,4343,4855,0.0,0.009999999776482582,4.582691669464111,0.5118131041526794,0.005118130706250668,1,5,5
394,230,4855,0.0,0.009999999776482582,1.5485987663269043,0.07837124913930893,0.0007837124867364764,1,2,2
395,230,231,0.0,0.009999999776482582,1.5480681657791138,0.07829545438289642,0.0007829545065760612,1,2,2
396,231,232,0.0,0.009999999776482582,1.5480681657791138,0.07829545438289642,0.0007829545065760612,1,2,2
397,232,4343,0.0,0.009999999776482582,4.582691669464111,0.5118131041526794,0.005118130706250668,1,5,5
398,233,4307,0.0,0.009999999776482582,1.2415786981582642,0.03451124206185341,0.00034511240664869547,1,2,2
399,234,4307,0.0,0.009999999776482582,1.9324290752410889,0.1332041472196579,0.0013320414582267404,1,2,2
400,234,4343,0.0,0.009999999776482582,4.582691669464111,0.5118131041526794,0.005118130706250668,1,5,5
401,4307,4855,0.0,0.009999999776482582,1.5485987663269043,0.07837124913930893,0.0007837124867364764,1,2,2
402,235,4855,0.0,0.009999999776482582,1.5485987663269043,0.07837124913930893,0.0007837124867364764,1,2,2
403,235,4343,0.0,0.009999999776482582,4.582691669464111,0.5118131041526794,0.005118130706250668,1,5,5
404,4307,4343,0.0,0.009999999776482582,4.582691669464111,0.5118131041526794,0.005118130706250668,1,5,5
405,236,4307,0.0,0.009999999776482582,1.8040934801101685,0.11487049609422684,0.001148704905062914,1,2,2
406,236,237,0.0,0.009999999776482582,2.960968017578125,0.2801382839679718,0.0028013826813548803,1,3,3
407,3636,3900,0.5,0.5049999952316284,6.962948799133301,0.8518498539924622,0.43018418550491333,5,7,35
408,3190,3900,0.5,0.5049999952316284,1.6237291097640991,0.08910416066646576,0.044997598975896835,5,2,10
409,3190,3858,0.5,0.5049999952316284,2.0079472064971924,0.14399245381355286,0.07271619141101837,5,3,15
410,238,4857,0.0,0.009999999776482582,1.5606749057769775,0.08009641617536545,0.0008009641314856708,1,2,2
411,238,239,0.0,0.009999999776482582,3.70668363571167,0.3866690993309021,0.0038666909094899893,1,4,4
412,239,3858,0.0,0.009999999776482582,3.70668363571167,0.3866690993309021,0.0038666909094899893,1,4,4
413,240,4857,0.0,0.009999999776482582,1.3269942998886108,0.04671347141265869,0.00046713469782844186,1,2,2
414,240,241,0.0,0.009999999776482582,1.3269942998886108,0.04671347141265869,0.00046713469782844186,1,2,2
415,241,4857,0.0,0.009999999776482582,1.2738533020019531,0.039121899753808975,0.00039121898589655757,1,2,2
416,242,3561,0.0,0.009999999776482582,2.67909574508667,0.2398708164691925,0.002398708136752248,1,3,3
417,242,243,0.0,0.009999999776482582,1.9621622562408447,0.13745175302028656,0.0013745174510404468,1,2,2
418,243,3561,0.0,0.009999999776482582,2.67909574508667,0.2398708164691925,0.002398708136752248,1,3,3
419,244,3561,0.0,0.009999999776482582,2.67909574508667,0.2398708164691925,0.002398708136752248,1,3,3
420,244,245,0.0,0.009999999776482582,1.9753320217132568,0.13933314383029938,0.0013933314476162195,1,2,2
421,245,3561,0.0,0.009999999776482582,2.67909574508667,0.2398708164691925,0.002398708136752248,1,3,3
422,3561,3877,0.5,0.5049999952316284,2.67909574508667,0.2398708164691925,0.12113475799560547,5,3,15
423,3826,3877,0.5,0.5049999952316284,1.484177827835083,0.06916826218366623,0.034929972141981125,5,2,10
424,3561,3826,0.0,0.009999999776482582,2.67909574508667,0.2398708164691925,0.002398708136752248,1,3,3
425,246,3877,0.0,0.009999999776482582,1.5703976154327393,0.08148537576198578,0.0008148537599481642,1,2,2
426,246,3561,0.0,0.009999999776482582,2.67909574508667,0.2398708164691925,0.002398708136752248,1,3,3
427,3561,3878,0.0,0.009999999776482582,2.67909574508667,0.2398708164691925,0.002398708136752248,1,3,3
428,3878,3969,0.5,0.5049999952316284,1.82467520236969,0.11781074106693268,0.05949442461133003,5,2,10
429,3561,3969,0.0,0.009999999776482582,2.67909574508667,0.2398708164691925,0.002398708136752248,1,3,3
430,3952,3969,0.0,0.009999999776482582,2.784162759780884,0.2548803985118866,0.0025488040409982204,1,3,3
431,3849,3952,0.0,0.009999999776482582,2.784162759780884,0.2548803985118866,0.0025488040409982204,1,3,3
432,247,3625,0.0,0.009999999776482582,3.3508081436157227,0.3358297348022461,0.0033582972828298807,1,4,4
433,3625,3865,0.0,0.009999999776482582,3.146430492401123,0.306632936000824,0.0030663292855024338,1,4,4
434,248,3865,0.0,0.009999999776482582,3.146430492401123,0.306632936000824,0.0030663292855024338,1,4,4
435,248,249,0.0,0.009999999776482582,1.4965794086456299,0.07093991339206696,0.0007093991152942181,1,2,2
436,249,3517,0.0,0.009999999776482582,2.671663999557495,0.23880913853645325,0.002388091292232275,1,3,3
437,250,4853,0.0,0.009999999776482582,1.9773914813995361,0.1396273523569107,0.0013962734956294298,1,2,2
438,250,251,0.0,0.009999999776482582,3.293053150177002,0.3275790214538574,0.003275790251791477,1,4,4
439,251,3846,0.0,0.009999999776482582,3.293053150177002,0.3275790214538574,0.003275790251791477,1,4,4
440,252,3846,0.0,0.009999999776482582,2.943727493286133,0.2776753604412079,0.0027767536230385303,1,3,3
441,252,253,0.0,0.009999999776482582,4.717548847198486,0.5310783982276917,0.0053107840940356255,1,5,5
442,253,3846,0.0,0.009999999776482582,4.717548847198486,0.5310783982276917,0.0053107840940356255,1,5,5
443,3705,3846,0.0,0.009999999776482582,3.291696548461914,0.32738521695137024,0.0032738521695137024,1,4,4
444,3192,3705,0.0,0.009999999776482582,3.291696548461914,0.32738521695137024,0.0032738521695137024,1,4,4
445,254,3192,0.0,0.009999999776482582,1.8475890159606934,0.12108414620161057,0.0012108414666727185,1,2,2
446,254,3846,0.0,0.009999999776482582,2.943727493286133,0.2776753604412079,0.0027767536230385303,1,3,3
447,255,3846,0.0,0.009999999776482582,2.943727493286133,0.2776753604412079,0.0027767536230385303,1,3,3
448,255,256,0.0,0.009999999776482582,1.6838666200637817,0.0976952314376831,0.0009769522584974766,1,2,2
449,256,3191,0.0,0.009999999776482582,1.396396517753601,0.05662807449698448,0.0005662807379849255,1,2,2
450,257,3191,0.0,0.009999999776482582,2.280954360961914,0.18299348652362823,0.0018299347721040249,1,3,3
451,3477,3873,0.9999998807907104,0.9999998807907104,7.005972385406494,0.8579960465431213,0.8579959273338318,5,8,40
452,3873,3993,0.0,0.009999999776482582,2.1657416820526123,0.16653452813625336,0.0016653452767059207,1,3,3
453,3993,3995,0.5,0.5049999952316284,1.997159481048584,0.14245136082172394,0.0719379335641861,5,2,10
454,258,3993,0.0,0.009999999776482582,1.997159481048584,0.14245136082172394,0.0014245135243982077,1,2,2
455,259,3477,0.0,0.009999999776482582,7.005972385406494,0.8579960465431213,0.008579960092902184,1,8,8
456,259,3862,0.0,0.009999999776482582,2.117265224456787,0.15960931777954102,0.0015960931777954102,1,3,3
457,260,3477,0.0,0.009999999776482582,7.005972385406494,0.8579960465431213,0.008579960092902184,1,8,8
458,260,3993,0.0,0.009999999776482582,2.060026168823242,0.15143230557441711,0.0015143230557441711,1,3,3
459,3477,3993,0.5,0.5049999952316284,7.005972385406494,0.8579960465431213,0.43328800797462463,5,8,40
460,3193,3873,0.0,0.009999999776482582,2.1657416820526123,0.16653452813625336,0.0016653452767059207,1,3,3
461,3193,3477,0.0,0.009999999776482582,7.005972385406494,0.8579960465431213,0.008579960092902184,1,8,8
462,261,3477,0.0,0.009999999776482582,7.005972385406494,0.8579960465431213,0.008579960092902184,1,8,8
463,261,3862,0.0,0.009999999776482582,2.117265224456787,0.15960931777954102,0.0015960931777954102,1,3,3
464,262,3881,0.0,0.009999999776482582,1.9914751052856445,0.14163930714130402,0.0014163930900394917,1,2,2
465,262,3993,0.0,0.009999999776482582,1.997159481048584,0.14245136082172394,0.0014245135243982077,1,2,2
466,263,3993,0.0,0.009999999776482582,1.997159481048584,0.14245136082172394,0.0014245135243982077,1,2,2
467,263,3477,0.0,0.009999999776482582,7.005972385406494,0.8579960465431213,0.008579960092902184,1,8,8
468,264,3194,0.0,0.009999999776482582,1.6380208730697632,0.0911458358168602,0.0009114583372138441,1,2,2
469,3194,3826,0.0,0.009999999776482582,1.5850598812103271,0.08357997983694077,0.0008357997867278755,1,2,2
470,265,3877,0.0,0.009999999776482582,1.512505292892456,0.0732150450348854,0.0007321504526771605,1,2,2
471,265,3864,0.0,0.009999999776482582,1.9975214004516602,0.1425030529499054,0.001425030524842441,1,2,2
472,3864,4580,0.0,0.009999999776482582,1.9975214004516602,0.1425030529499054,0.001425030524842441,1,2,2
473,4580,4858,0.0,0.009999999776482582,1.5526893138885498,0.07895561307668686,0.0007895561284385622,1,2,2
474,266,4858,0.0,0.009999999776482582,2.3911044597625732,0.19872920215129852,0.0019872919656336308,1,3,3
475,266,3877,0.0,0.009999999776482582,2.3911044597625732,0.19872920215129852,0.0019872919656336308,1,3,3
476,3768,3877,0.0,0.009999999776482582,1.6199114322662354,0.08855877816677094,0.0008855877676978707,1,2,2
477,3195,3768,0.0,0.009999999776482582,1.6199114322662354,0.08855877816677094,0.0008855877676978707,1,2,2
478,3195,4858,0.0,0.009999999776482582,1.5526893138885498,0.07895561307668686,0.0007895561284385622,1,2,2
479,3826,4858,0.0,0.009999999776482582,1.5526893138885498,0.07895561307668686,0.0007895561284385622,1,2,2
480,267,3877,0.0,0.009999999776482582,2.0032005310058594,0.14331436157226562,0.001433143625035882,1,3,3
481,267,268,0.0,0.009999999776482582,2.0032005310058594,0.14331436157226562,0.001433143625035882,1,3,3
482,268,269,0.0,0.009999999776482582,1.7719743251800537,0.1102820485830307,0.0011028205044567585,1,2,2
483,269,3877,0.0,0.009999999776482582,1.4262877702713013,0.060898251831531525,0.0006089825183153152,1,2,2
484,3864,3877,0.0,0.009999999776482582,1.9975214004516602,0.1425030529499054,0.001425030524842441,1,2,2
485,270,3864,0.0,0.009999999776482582,3.009286880493164,0.28704097867012024,0.0028704097494482994,1,4,4
486,270,3194,0.0,0.009999999776482582,3.009286880493164,0.28704097867012024,0.0028704097494482994,1,4,4
487,271,3194,0.0,0.009999999776482582,1.5850598812103271,0.08357997983694077,0.0008357997867278755,1,2,2
488,271,3826,0.0,0.009999999776482582,1.484177827835083,0.06916826218366623,0.0006916826241649687,1,2,2
489,272,3826,0.0,0.009999999776482582,1.5349652767181396,0.07642360776662827,0.0007642360869795084,1,2,2
490,272,3195,0.0,0.009999999776482582,1.5349652767181396,0.07642360776662827,0.0007642360869795084,1,2,2
491,273,3195,0.0,0.009999999776482582,1.5335960388183594,0.07622800767421722,0.0007622800767421722,1,2,2
492,273,4858,0.0,0.009999999776482582,1.5526893138885498,0.07895561307668686,0.0007895561284385622,1,2,2
493,274,4858,0.0,0.009999999776482582,2.384921073913574,0.19784586131572723,0.0019784586038440466,1,3,3
494,274,275,0.0,0.009999999776482582,2.384921073913574,0.19784586131572723,0.0019784586038440466,1,3,3
495,275,3877,0.0,0.009999999776482582,1.8494459390640259,0.12134941667318344,0.001213494106195867,1,2,2
496,276,3877,0.0,0.009999999776482582,1.5764673948287964,0.08235248178243637,0.0008235247805714607,1,2,2
497,276,277,0.0,0.009999999776482582,1.5764673948287964,0.08235248178243637,0.0008235247805714607,1,2,2
498,277,4580,0.0,0.009999999776482582,1.4021728038787842,0.057453256100416183,0.0005745325470343232,1,2,2
499,278,4580,0.0,0.009999999776482582,1.4261583089828491,0.06087975949048996,0.0006087975925765932,1,2,2
500,279,3636,0.0,0.009999999776482582,6.962948799133301,0.8518498539924622,0.00851849839091301,1,7,7
501,279,4859,0.0,0.009999999776482582,1.6947925090789795,0.09925607591867447,0.0009925607591867447,1,2,2
502,280,4859,0.0,0.009999999776482582,1.5783051252365112,0.08261501789093018,0.0008261501789093018,1,2,2
503,3883,4859,0.0,0.009999999776482582,2.1985816955566406,0.17122595012187958,0.0017122594872489572,1,3,3
504,3892,4666,0.0,0.009999999776482582,2.002925395965576,0.14327505230903625,0.0014327504904940724,1,3,3
505,3892,4358,0.0,0.009999999776482582,2.002925395965576,0.14327505230903625,0.0014327504904940724,1,3,3
506,281,4358,0.0,0.009999999776482582,1.243828535079956,0.03483264893293381,0.00034832648816518486,1,2,2
507,281,3566,0.0,0.009999999776482582,2.314941883087158,0.18784883618354797,0.0018784883432090282,1,3,3
508,282,3566,0.0,0.009999999776482582,2.314941883087158,0.18784883618354797,0.0018784883432090282,1,3,3
509,3858,3859,0.0,0.009999999776482582,2.9153432846069336,0.27362045645713806,0.0027362045366317034,1,3,3
510,283,3859,0.0,0.009999999776482582,2.9153432846069336,0.27362045645713806,0.0027362045366317034,1,3,3
511,283,3858,0.0,0.009999999776482582,2.106868028640747,0.15812399983406067,0.0015812399797141552,1,3,3
512,284,3858,0.0,0.009999999776482582,3.0563716888427734,0.29376739263534546,0.0029376738239079714,1,4,4
513,284,285,0.0,0.009999999776482582,3.0563716888427734,0.29376739263534546,0.0029376738239079714,1,4,4
514,285,286,0.0,0.009999999776482582,1.3064745664596558,0.043782081454992294,0.00043782079592347145,1,2,2
515,286,3858,0.0,0.009999999776482582,2.0079472064971924,0.14399245381355286,0.0014399244682863355,1,3,3
516,287,4814,0.0,0.009999999776482582,2.3072474002838135,0.1867496222257614,0.0018674961756914854,1,3,3
517,287,288,0.0,0.009999999776482582,1.2284375429153442,0.032633934170007706,0.0003263393300585449,1,2,2
518,289,290,0.0,0.009999999776482582,1.507323145866394,0.07247473299503326,0.0007247473113238811,1,2,2
519,290,291,0.0,0.009999999776482582,1.507323145866394,0.07247473299503326,0.0007247473113238811,1,2,2
520,291,3508,0.0,0.009999999776482582,1.73793625831604,0.10541946440935135,0.0010541946394369006,1,2,2
521,3508,3636,0.5,0.5049999952316284,6.962948799133301,0.8518498539924622,0.43018418550491333,5,7,35
522,292,3726,0.0,0.009999999776482582,2.122671604156494,0.16038165986537933,0.0016038165194913745,1,3,3
523,292,293,0.0,0.009999999776482582,1.1894046068191528,0.027057800441980362,0.0002705779916141182,1,2,2
524,293,3455,0.0,0.009999999776482582,1.3131475448608398,0.044735364615917206,0.00044735363917425275,1,2,2
525,3608,4814,0.0,0.009999999776482582,2.357255458831787,0.1938936412334442,0.001938936416991055,1,3,3
526,294,4814,0.0,0.009999999776482582,3.192368507385254,0.31319549679756165,0.0031319549307227135,1,4,4
527,294,3894,0.0,0.009999999776482582,3.192368507385254,0.31319549679756165,0.0031319549307227135,1,4,4
528,3726,3894,0.0,0.009999999776482582,2.122671604156494,0.16038165986537933,0.0016038165194913745,1,3,3
529,295,3636,0.0,0.009999999776482582,6.962948799133301,0.8518498539924622,0.00851849839091301,1,7,7
530,295,3895,0.0,0.009999999776482582,3.101076364517212,0.3001537621021271,0.0030015376396477222,1,4,4
531,3895,4295,0.0,0.009999999776482582,6.226338863372803,0.7466198205947876,0.007466197945177555,1,7,7
532,3456,3508,0.0,0.009999999776482582,2.748372793197632,0.24976754188537598,0.0024976753629744053,1,3,3
533,3508,3898,0.0,0.009999999776482582,3.772090435028076,0.39601293206214905,0.003960129339247942,1,4,4
534,3456,3898,0.0,0.009999999776482582,3.772090435028076,0.39601293206214905,0.003960129339247942,1,4,4
535,296,4295,0.0,0.009999999776482582,6.226338863372803,0.7466198205947876,0.007466197945177555,1,7,7
536,296,297,0.0,0.009999999776482582,2.4974122047424316,0.21391603350639343,0.0021391601767390966,1,3,3
537,297,298,0.0,0.009999999776482582,1.9787168502807617,0.13981668651103973,0.001398166874423623,1,2,2
538,3862,3881,0.0,0.009999999776482582,2.117265224456787,0.15960931777954102,0.0015960931777954102,1,3,3
539,3872,3873,0.0,0.009999999776482582,2.1657416820526123,0.16653452813625336,0.0016653452767059207,1,3,3
540,3872,3996,0.0,0.009999999776482582,1.9804916381835938,0.14007022976875305,0.001400702283717692,1,2,2
541,299,3993,0.0,0.009999999776482582,2.0711374282836914,0.15301963686943054,0.0015301962848752737,1,3,3
542,299,3995,0.0,0.009999999776482582,2.0711374282836914,0.15301963686943054,0.0015301962848752737,1,3,3
543,3868,3993,0.0,0.009999999776482582,2.2481751441955566,0.17831073701381683,0.0017831072909757495,1,3,3
544,3868,3896,0.0,0.009999999776482582,2.2481751441955566,0.17831073701381683,0.0017831072909757495,1,3,3
545,300,3868,0.0,0.009999999776482582,2.2481751441955566,0.17831073701381683,0.0017831072909757495,1,3,3
546,300,3993,0.0,0.009999999776482582,1.997159481048584,0.14245136082172394,0.0014245135243982077,1,2,2
547,301,3857,0.0,0.009999999776482582,2.681089401245117,0.24015562236309052,0.002401556121185422,1,3,3
548,301,3882,0.0,0.009999999776482582,2.681089401245117,0.24015562236309052,0.002401556121185422,1,3,3
549,3456,3882,0.0,0.009999999776482582,2.748372793197632,0.24976754188537598,0.0024976753629744053,1,3,3
550,3594,3903,0.0,0.009999999776482582,2.4442219734191895,0.20631742477416992,0.0020631742663681507,1,3,3
551,302,3903,0.0,0.009999999776482582,2.3472142219543457,0.19245918095111847,0.00192459172103554,1,3,3
552,302,3839,0.0,0.009999999776482582,2.3472142219543457,0.19245918095111847,0.00192459172103554,1,3,3
553,3666,4814,0.0,0.009999999776482582,5.345047950744629,0.620721161365509,0.006207211408764124,1,6,6
554,303,4814,0.0,0.009999999776482582,2.3072474002838135,0.1867496222257614,0.0018674961756914854,1,3,3
555,303,4860,0.0,0.009999999776482582,1.8718717098236084,0.12455309927463531,0.0012455310206860304,1,2,2
556,3508,4860,0.0,0.009999999776482582,1.7934014797210693,0.11334306746721268,0.001133430632762611,1,2,2
557,304,3456,0.0,0.009999999776482582,2.748372793197632,0.24976754188537598,0.0024976753629744053,1,3,3
558,304,4860,0.0,0.009999999776482582,1.7934014797210693,0.11334306746721268,0.001133430632762611,1,2,2
559,3636,4860,0.0,0.009999999776482582,6.962948799133301,0.8518498539924622,0.00851849839091301,1,7,7
560,305,3508,0.0,0.009999999776482582,1.73793625831604,0.10541946440935135,0.0010541946394369006,1,2,2
561,305,4860,0.0,0.009999999776482582,1.7934014797210693,0.11334306746721268,0.001133430632762611,1,2,2
562,3666,4860,0.5,0.5049999952316284,5.345047950744629,0.620721161365509,0.3134641945362091,5,6,30
563,306,3666,0.0,0.009999999776482582,5.345047950744629,0.620721161365509,0.006207211408764124,1,6,6
564,306,3508,0.0,0.009999999776482582,1.7986137866973877,0.11408768594264984,0.0011408767895773053,1,2,2
565,307,3508,0.0,0.009999999776482582,1.73793625831604,0.10541946440935135,0.0010541946394369006,1,2,2
566,308,309,0.0,0.009999999776482582,5.710864543914795,0.6729806661605835,0.006729806307703257,1,6,6
567,309,310,0.0,0.009999999776482582,1.3663601875305176,0.0523371696472168,0.0005233716801740229,1,2,2
568,310,4860,0.0,0.009999999776482582,1.7934014797210693,0.11334306746721268,0.001133430632762611,1,2,2
569,311,4860,0.0,0.009999999776482582,1.7934014797210693,0.11334306746721268,0.001133430632762611,1,2,2
570,311,312,0.0,0.009999999776482582,1.0771613121032715,0.01102304458618164,0.00011023044498870149,1,2,2
571,312,4860,0.0,0.009999999776482582,1.7934014797210693,0.11334306746721268,0.001133430632762611,1,2,2
572,313,4860,0.0,0.009999999776482582,1.7934014797210693,0.11334306746721268,0.001133430632762611,1,2,2
573,314,3666,0.0,0.009999999776482582,5.345047950744629,0.620721161365509,0.006207211408764124,1,6,6
574,314,315,0.0,0.009999999776482582,2.582331657409668,0.22604738175868988,0.0022604737896472216,1,3,3
575,315,3898,0.0,0.009999999776482582,3.772090435028076,0.39601293206214905,0.003960129339247942,1,4,4
576,3666,3898,0.0,0.009999999776482582,5.345047950744629,0.620721161365509,0.006207211408764124,1,6,6
577,316,3666,0.0,0.009999999776482582,5.345047950744629,0.620721161365509,0.006207211408764124,1,6,6
578,316,4814,0.0,0.009999999776482582,4.368379592895508,0.4811970889568329,0.004811970982700586,1,5,5
579,317,4814,0.0,0.009999999776482582,3.8214080333709717,0.4030582904815674,0.004030582960695028,1,4,4
580,317,3469,0.0,0.009999999776482582,3.8214080333709717,0.4030582904815674,0.004030582960695028,1,4,4
581,318,3666,0.0,0.009999999776482582,5.345047950744629,0.620721161365509,0.006207211408764124,1,6,6
582,318,319,0.0,0.009999999776482582,3.1005914211273193,0.30008450150489807,0.003000844968482852,1,4,4
583,319,3693,0.0,0.009999999776482582,3.1005914211273193,0.30008450150489807,0.003000844968482852,1,4,4
584,3858,3900,0.0,0.009999999776482582,2.0079472064971924,0.14399245381355286,0.0014399244682863355,1,3,3
585,320,3900,0.0,0.009999999776482582,2.9965217113494873,0.28521737456321716,0.0028521737549453974,1,3,3
586,320,3857,0.0,0.009999999776482582,2.9965217113494873,0.28521737456321716,0.0028521737549453974,1,3,3
587,321,3902,0.0,0.009999999776482582,1.6627308130264282,0.09467583149671555,0.0009467583149671555,1,2,2
588,321,4070,0.0,0.009999999776482582,1.6627308130264282,0.09467583149671555,0.0009467583149671555,1,2,2
589,3829,4070,0.0,0.009999999776482582,1.6108784675598145,0.08726835250854492,0.0008726834785193205,1,2,2
590,322,4070,0.0,0.009999999776482582,1.7361925840377808,0.1051703691482544,0.0010517037007957697,1,2,2
591,3848,4070,0.0,0.009999999776482582,1.6108784675598145,0.08726835250854492,0.0008726834785193205,1,2,2
592,323,3848,0.0,0.009999999776482582,2.095893383026123,0.15655620396137238,0.0015655619790777564,1,3,3
593,323,3472,0.0,0.009999999776482582,2.095893383026123,0.15655620396137238,0.0015655619790777564,1,3,3
594,324,3472,0.0,0.009999999776482582,1.9964916706085205,0.14235594868659973,0.001423559500835836,1,2,2
595,324,325,0.0,0.009999999776482582,1.1483575105667114,0.021193930879235268,0.00021193930297158659,1,2,2
596,325,3848,0.0,0.009999999776482582,1.2906750440597534,0.04152500629425049,0.00041525004780851305,1,2,2
597,3829,3848,0.0,0.009999999776482582,1.485236644744873,0.06931952387094498,0.0006931952084414661,1,2,2
598,3471,3592,0.0,0.009999999776482582,2.679168701171875,0.2398812472820282,0.0023988124448806047,1,3,3
599,326,3471,0.0,0.009999999776482582,3.6225109100341797,0.3746444284915924,0.0037464441265910864,1,4,4
600,326,3636,0.0,0.009999999776482582,6.962948799133301,0.8518498539924622,0.00851849839091301,1,7,7
601,327,3535,0.0,0.009999999776482582,4.752325534820557,0.5360465049743652,0.005360465031117201,1,5,5
602,327,3903,0.0,0.009999999776482582,1.9022115468978882,0.1288873702287674,0.0012888737255707383,1,2,2
603,328,3903,0.0,0.009999999776482582,1.3882088661193848,0.05545840784907341,0.000554584083147347,1,2,2
604,328,3839,0.0,0.009999999776482582,2.2385976314544678,0.17694251239299774,0.0017694251146167517,1,3,3
605,329,3831,0.0,0.009999999776482582,2.261784553527832,0.18025493621826172,0.0018025493482127786,1,3,3
606,329,3850,0.0,0.009999999776482582,2.508122444152832,0.21544606983661652,0.0021544606424868107,1,3,3
607,330,3831,0.0,0.009999999776482582,2.261784553527832,0.18025493621826172,0.0018025493482127786,1,3,3
608,330,3850,0.0,0.009999999776482582,2.508122444152832,0.21544606983661652,0.0021544606424868107,1,3,3
609,3850,3901,0.0,0.009999999776482582,7.007259845733643,0.8581799864768982,0.008581799454987049,1,8,8
610,331,3886,0.0,0.009999999776482582,2.1380209922790527,0.1625744253396988,0.0016257441602647305,1,3,3
611,331,332,0.0,0.009999999776482582,1.4370932579040527,0.06244189292192459,0.0006244188989512622,1,2,2
612,332,3886,0.0,0.009999999776482582,2.1380209922790527,0.1625744253396988,0.0016257441602647305,1,3,3
613,333,3908,0.0,0.009999999776482582,1.8140422105789185,0.11629174649715424,0.0011629174696281552,1,2,2
614,333,334,0.0,0.009999999776482582,3.1977710723876953,0.3139672875404358,0.003139672800898552,1,4,4
615,334,3909,0.0,0.009999999776482582,3.1977710723876953,0.3139672875404358,0.003139672800898552,1,4,4
616,335,336,0.0,0.009999999776482582,2.3224616050720215,0.18892309069633484,0.0018892309162765741,1,3,3
617,336,3842,0.0,0.009999999776482582,1.918929934501648,0.1312756985425949,0.0013127569109201431,1,2,2
618,337,3842,0.0,0.009999999776482582,1.918929934501648,0.1312756985425949,0.0013127569109201431,1,2,2
619,338,339,0.0,0.009999999776482582,1.4314172267913818,0.06163103133440018,0.0006163102807477117,1,2,2
620,339,340,0.0,0.009999999776482582,1.4314172267913818,0.06163103133440018,0.0006163102807477117,1,2,2
621,340,3924,0.0,0.009999999776482582,2.3362326622009277,0.1908903867006302,0.001908903825096786,1,3,3
622,341,3567,0.0,0.009999999776482582,1.000115156173706,1.6450881958007812e-05,1.6450881901164394e-07,1,2,2
623,341,342,0.0,0.009999999776482582,1.3061784505844116,0.04373977705836296,0.0004373977717477828,1,2,2
624,342,3484,0.0,0.009999999776482582,1.4759975671768188,0.06799965351819992,0.0006799965049140155,1,2,2
625,343,3925,0.0,0.009999999776482582,3.4899673461914062,0.35570961236953735,0.003557096002623439,1,4,4
626,343,344,0.0,0.009999999776482582,2.8278157711029053,0.26111653447151184,0.002611165400594473,1,3,3
627,344,3885,0.0,0.009999999776482582,1.5600329637527466,0.08000470697879791,0.0008000470697879791,1,2,2
628,345,3484,0.0,0.009999999776482582,1.4759975671768188,0.06799965351819992,0.0006799965049140155,1,2,2
629,345,346,0.0,0.009999999776482582,1.5253291130065918,0.07504701614379883,0.0007504701497964561,1,2,2
630,346,347,0.0,0.009999999776482582,1.8672523498535156,0.12389319390058517,0.0012389319017529488,1,2,2
631,347,4466,0.0,0.009999999776482582,2.4221317768096924,0.20316168665885925,0.0020316168665885925,1,3,3
632,3779,3930,0.0,0.009999999776482582,2.6623306274414062,0.23747579753398895,0.0023747580125927925,1,3,3
633,348,3930,0.0,0.009999999776482582,1.4543325901031494,0.06490465253591537,0.0006490465020760894,1,2,2
634,348,349,0.0,0.009999999776482582,1.4543325901031494,0.06490465253591537,0.0006490465020760894,1,2,2
635,349,3914,0.0,0.009999999776482582,2.064246654510498,0.15203523635864258,0.00152035232167691,1,3,3
636,3934,4861,0.0,0.009999999776482582,1.3074959516525269,0.04392799362540245,0.0004392799164634198,1,2,2
637,350,3934,0.0,0.009999999776482582,1.2032673358917236,0.029038190841674805,0.00029038189677521586,1,2,2
638,350,351,0.0,0.009999999776482582,2.073345184326172,0.15333501994609833,0.001533350208774209,1,3,3
639,351,3823,0.0,0.009999999776482582,2.073345184326172,0.15333501994609833,0.001533350208774209,1,3,3
640,3823,4861,0.0,0.009999999776482582,1.3074959516525269,0.04392799362540245,0.0004392799164634198,1,2,2
641,352,4862,0.0,0.009999999776482582,2.652636766433716,0.23609097301959991,0.0023609097115695477,1,3,3
642,352,353,0.0,0.009999999776482582,2.896860122680664,0.27098003029823303,0.0027098001446574926,1,3,3
643,353,4862,0.0,0.009999999776482582,2.896860122680664,0.27098003029823303,0.0027098001446574926,1,3,3
644,3603,4864,0.0,0.009999999776482582,3.027984619140625,0.2897121012210846,0.002897121012210846,1,4,4
645,3196,4864,0.0,0.009999999776482582,2.0667505264282227,0.1523929387331009,0.0015239292988553643,1,3,3
646,3196,4863,0.0,0.009999999776482582,1.8851181268692017,0.1264454424381256,0.0012644544476643205,1,2,2
647,3197,4350,0.0,0.009999999776482582,1.1547198295593262,0.022102832794189453,0.00022102832735981792,1,2,2
648,3197,3948,0.0,0.009999999776482582,1.1547198295593262,0.022102832794189453,0.00022102832735981792,1,2,2
649,3948,4350,0.0,0.009999999776482582,1.0875362157821655,0.012505173683166504,0.00012505173799581826,1,2,2
650,3198,4350,0.0,0.009999999776482582,1.0875362157821655,0.012505173683166504,0.00012505173799581826,1,2,2
651,3198,3947,0.0,0.009999999776482582,1.0784220695495605,0.011203153058886528,0.00011203152826055884,1,2,2
652,3947,4350,0.5,0.5049999952316284,1.0875362157821655,0.012505173683166504,0.006315112579613924,5,2,10
653,354,4040,0.0,0.009999999776482582,2.868265390396118,0.266895055770874,0.0026689504738897085,1,3,3
654,354,3878,0.0,0.009999999776482582,1.4330178499221802,0.06185969337821007,0.0006185969104990363,1,2,2
655,3878,4040,0.0,0.009999999776482582,2.868265390396118,0.266895055770874,0.0026689504738897085,1,3,3
656,355,4040,0.0,0.009999999776482582,2.868265390396118,0.266895055770874,0.0026689504738897085,1,3,3
657,355,3878,0.0,0.009999999776482582,2.437798261642456,0.205399751663208,0.002053997479379177,1,3,3
658,3517,3969,0.0,0.009999999776482582,2.671663999557495,0.23880913853645325,0.002388091292232275,1,3,3
659,4534,4865,0.9999998807907104,0.9999998807907104,1.7809847593307495,0.11156924813985825,0.11156923323869705,5,2,10
660,356,3821,0.0,0.009999999776482582,2.423452615737915,0.20335038006305695,0.0020335037261247635,1,3,3
661,356,357,0.0,0.009999999776482582,1.8457369804382324,0.1208195686340332,0.0012081956956535578,1,2,2
662,357,4866,0.0,0.009999999776482582,1.8457369804382324,0.1208195686340332,0.0012081956956535578,1,2,2
663,358,3807,0.0,0.009999999776482582,1.3192157745361328,0.04560225456953049,0.0004560225352179259,1,2,2
664,358,359,0.0,0.009999999776482582,1.3192157745361328,0.04560225456953049,0.0004560225352179259,1,2,2
665,359,360,0.0,0.009999999776482582,4.517918586730957,0.5025597810745239,0.005025597754865885,1,5,5
666,360,4867,0.0,0.009999999776482582,4.517918586730957,0.5025597810745239,0.005025597754865885,1,5,5
667,3493,4867,0.0,0.009999999776482582,5.357282638549805,0.6224689483642578,0.006224689539521933,1,6,6
668,361,3493,0.0,0.009999999776482582,5.357282638549805,0.6224689483642578,0.006224689539521933,1,6,6
669,361,4867,0.0,0.009999999776482582,1.4627615213394165,0.06610878556966782,0.0006610878626815975,1,2,2
670,3807,4867,0.0,0.009999999776482582,1.4627615213394165,0.06610878556966782,0.0006610878626815975,1,2,2
671,362,3807,0.0,0.009999999776482582,1.2634698152542114,0.03763854503631592,0.0003763854329008609,1,2,2
672,362,363,0.0,0.009999999776482582,1.39546537399292,0.056495051831007004,0.00056495051831007,1,2,2
673,363,364,0.0,0.009999999776482582,1.39546537399292,0.056495051831007004,0.00056495051831007,1,2,2
674,364,365,0.0,0.009999999776482582,1.3233802318572998,0.04619717597961426,0.0004619717365130782,1,2,2
675,365,366,0.0,0.009999999776482582,1.1553536653518677,0.022193381562829018,0.00022193380573298782,1,2,2
676,366,367,0.0,0.009999999776482582,1.6266350746154785,0.08951929956674576,0.0008951929630711675,1,2,2
677,367,368,0.0,0.009999999776482582,4.706581115722656,0.529511570930481,0.005295115523040295,1,5,5
678,369,4868,0.0,0.009999999776482582,3.0614724159240723,0.2944960594177246,0.002944960491731763,1,4,4
679,369,370,0.0,0.009999999776482582,1.7066224813461304,0.10094606876373291,0.001009460655041039,1,2,2
680,370,4868,0.0,0.009999999776482582,3.0614724159240723,0.2944960594177246,0.002944960491731763,1,4,4
681,371,4868,0.0,0.009999999776482582,3.216881275177002,0.3166973292827606,0.0031669731251895428,1,4,4
682,371,4869,0.0,0.009999999776482582,3.216881275177002,0.3166973292827606,0.0031669731251895428,1,4,4
683,4868,4869,0.0,0.009999999776482582,3.0614724159240723,0.2944960594177246,0.002944960491731763,1,4,4
684,372,3583,0.0,0.009999999776482582,3.0524163246154785,0.29320234060287476,0.0029320232570171356,1,4,4
685,372,373,0.0,0.009999999776482582,1.7410297393798828,0.10586138814687729,0.0010586138814687729,1,2,2
686,373,3636,0.0,0.009999999776482582,6.962948799133301,0.8518498539924622,0.00851849839091301,1,7,7
687,374,3583,0.0,0.009999999776482582,3.0524163246154785,0.29320234060287476,0.0029320232570171356,1,4,4
688,374,375,0.0,0.009999999776482582,2.0018222332000732,0.14311745762825012,0.0014311745762825012,1,3,3
689,375,3926,0.0,0.009999999776482582,3.102898120880127,0.3004140257835388,0.003004140220582485,1,4,4
690,376,4175,0.0,0.009999999776482582,1.6501927375793457,0.09288467466831207,0.0009288467117585242,1,2,2
691,377,4175,0.0,0.009999999776482582,4.219747543334961,0.45996394753456116,0.004599639214575291,1,5,5
692,378,379,0.0,0.009999999776482582,1.3617202043533325,0.051674313843250275,0.0005167431081645191,1,2,2
693,379,380,0.0,0.009999999776482582,1.7867779731750488,0.11239685118198395,0.0011239685118198395,1,2,2
694,380,381,0.0,0.009999999776482582,1.7867779731750488,0.11239685118198395,0.0011239685118198395,1,2,2
695,382,383,0.0,0.009999999776482582,3.2199950218200684,0.31714215874671936,0.0031714215874671936,1,4,4
696,383,384,0.0,0.009999999776482582,2.701052188873291,0.24300745129585266,0.002430074382573366,1,3,3
697,384,385,0.0,0.009999999776482582,2.701052188873291,0.24300745129585266,0.002430074382573366,1,3,3
698,385,386,0.0,0.009999999776482582,1.7727051973342896,0.1103864535689354,0.0011038645170629025,1,2,2
699,386,387,0.0,0.009999999776482582,1.479325532913208,0.06847507506608963,0.0006847507320344448,1,2,2
700,388,3963,0.0,0.009999999776482582,1.4090418815612793,0.05843455344438553,0.000584345543757081,1,2,2
701,388,389,0.0,0.009999999776482582,1.5297101736068726,0.07567287981510162,0.0007567287539131939,1,2,2
702,389,3963,0.0,0.009999999776482582,1.5297101736068726,0.07567287981510162,0.0007567287539131939,1,2,2
703,3968,4121,0.0,0.009999999776482582,1.8563923835754395,0.12234176695346832,0.0012234176974743605,1,2,2
704,3650,3968,0.0,0.009999999776482582,1.7783067226409912,0.1111866757273674,0.0011118667898699641,1,2,2
705,3650,4871,0.0,0.009999999776482582,4.937243938446045,0.5624634027481079,0.005624633748084307,1,5,5
706,3907,4295,0.0,0.009999999776482582,6.226338863372803,0.7466198205947876,0.007466197945177555,1,7,7
707,3907,4196,0.0,0.009999999776482582,2.543816566467285,0.2205452173948288,0.0022054521832615137,1,3,3
708,3473,4196,0.0,0.009999999776482582,2.800828695297241,0.2572612464427948,0.0025726123712956905,1,3,3
709,390,4873,0.0,0.009999999776482582,1.7562265396118164,0.10803236067295074,0.0010803235927596688,1,2,2
710,390,391,0.0,0.009999999776482582,2.2687337398529053,0.18124768137931824,0.0018124767811968923,1,3,3
711,391,392,0.0,0.009999999776482582,2.2687337398529053,0.18124768137931824,0.0018124767811968923,1,3,3
712,392,4873,0.0,0.009999999776482582,1.619287133216858,0.08846958726644516,0.0008846958517096937,1,2,2
713,393,4873,0.0,0.009999999776482582,1.2132558822631836,0.030465126037597656,0.0003046512429136783,1,2,2
714,393,394,0.0,0.009999999776482582,1.0276274681091309,0.003946781158447266,3.946780998376198e-05,1,2,2
715,394,395,0.0,0.009999999776482582,2.559741497039795,0.2228202074766159,0.0022282020654529333,1,3,3
716,395,396,0.0,0.009999999776482582,2.559741497039795,0.2228202074766159,0.0022282020654529333,1,3,3
717,396,397,0.0,0.009999999776482582,2.990262508392334,0.28432321548461914,0.002843232126906514,1,3,3
718,397,398,0.0,0.009999999776482582,2.990262508392334,0.28432321548461914,0.002843232126906514,1,3,3
719,398,4873,0.0,0.009999999776482582,1.372884750366211,0.05326924845576286,0.0005326924729160964,1,2,2
720,399,3886,0.0,0.009999999776482582,2.948962688446045,0.2784232497215271,0.0027842323761433363,1,3,3
721,399,4008,0.0,0.009999999776482582,2.948962688446045,0.2784232497215271,0.0027842323761433363,1,3,3
722,400,4008,0.0,0.009999999776482582,2.0711162090301514,0.153016597032547,0.0015301659004762769,1,3,3
723,400,3594,0.0,0.009999999776482582,2.4442219734191895,0.20631742477416992,0.0020631742663681507,1,3,3
724,3984,4874,0.0,0.009999999776482582,2.931586980819702,0.27594098448753357,0.00275940983556211,1,3,3
725,4654,4874,0.5,0.5049999952316284,2.598649024963379,0.22837843000888824,0.11533110588788986,5,3,15
726,4005,4654,0.0,0.009999999776482582,3.34179949760437,0.33454278111457825,0.0033454278018325567,1,4,4
727,401,4003,0.0,0.009999999776482582,3.141879081726074,0.3059827387332916,0.003059827256947756,1,4,4
728,401,4874,0.0,0.009999999776482582,3.141879081726074,0.3059827387332916,0.003059827256947756,1,4,4
729,3981,4874,0.9999998807907104,0.9999998807907104,2.598649024963379,0.22837843000888824,0.22837840020656586,5,3,15
730,402,4003,0.0,0.009999999776482582,4.3011250495910645,0.4715892970561981,0.00471589295193553,1,5,5
731,402,4874,0.0,0.009999999776482582,4.3011250495910645,0.4715892970561981,0.00471589295193553,1,5,5
732,4008,4654,0.0,0.009999999776482582,2.195425271987915,0.17077504098415375,0.0017077503725886345,1,3,3
733,4006,4008,0.0,0.009999999776482582,3.1140761375427246,0.3020108640193939,0.003020108677446842,1,4,4
734,4004,4006,0.5,0.5049999952316284,3.1140761375427246,0.3020108640193939,0.1525154858827591,5,4,20
735,4004,4874,0.5,0.5049999952316284,2.598649024963379,0.22837843000888824,0.11533110588788986,5,3,15
736,403,4003,0.0,0.009999999776482582,2.303462266921997,0.18620888888835907,0.0018620888004079461,1,3,3
737,403,4654,0.0,0.009999999776482582,2.195425271987915,0.17077504098415375,0.0017077503725886345,1,3,3
738,4006,4654,0.0,0.009999999776482582,3.1140761375427246,0.3020108640193939,0.003020108677446842,1,4,4
739,404,3680,0.0,0.009999999776482582,3.5345754623413086,0.36208221316337585,0.0036208219826221466,1,4,4
740,404,405,0.0,0.009999999776482582,1.9302375316619873,0.13289107382297516,0.0013289107009768486,1,2,2
741,405,3680,0.0,0.009999999776482582,3.5345754623413086,0.36208221316337585,0.0036208219826221466,1,4,4
742,406,407,0.0,0.009999999776482582,1.1863089799880981,0.0266155693680048,0.000266155693680048,1,2,2
743,407,3508,0.0,0.009999999776482582,1.73793625831604,0.10541946440935135,0.0010541946394369006,1,2,2
744,408,3508,0.0,0.009999999776482582,1.73793625831604,0.10541946440935135,0.0010541946394369006,1,2,2
745,408,409,0.0,0.009999999776482582,1.4302477836608887,0.06146397069096565,0.0006146397208794951,1,2,2
746,409,410,0.0,0.009999999776482582,1.4302477836608887,0.06146397069096565,0.0006146397208794951,1,2,2
747,410,411,0.0,0.009999999776482582,1.1878612041473389,0.026837315410375595,0.000268373143626377,1,2,2
748,412,3508,0.0,0.009999999776482582,1.73793625831604,0.10541946440935135,0.0010541946394369006,1,2,2
749,412,413,0.0,0.009999999776482582,1.5762839317321777,0.08232627809047699,0.0008232627878896892,1,2,2
750,413,3508,0.0,0.009999999776482582,1.73793625831604,0.10541946440935135,0.0010541946394369006,1,2,2
751,3508,3987,0.0,0.009999999776482582,2.0420219898223877,0.14886029064655304,0.0014886028366163373,1,3,3
752,3199,3508,0.0,0.009999999776482582,1.73793625831604,0.10541946440935135,0.0010541946394369006,1,2,2
753,3901,4673,0.0,0.009999999776482582,7.007259845733643,0.8581799864768982,0.008581799454987049,1,8,8
754,3861,4673,0.0,0.009999999776482582,2.6270627975463867,0.23243753612041473,0.0023243753239512444,1,3,3
755,414,3990,0.0,0.009999999776482582,2.074756145477295,0.1535365879535675,0.0015353658236563206,1,3,3
756,3520,3990,0.0,0.009999999776482582,3.8250794410705566,0.40358278155326843,0.004035827703773975,1,4,4
757,415,3757,0.0,0.009999999776482582,3.432417392730713,0.3474881947040558,0.003474881872534752,1,4,4
758,415,416,0.0,0.009999999776482582,3.9805142879486084,0.4257877469062805,0.004257877357304096,1,4,4
759,416,3757,0.0,0.009999999776482582,3.9805142879486084,0.4257877469062805,0.004257877357304096,1,4,4
760,417,3501,0.0,0.009999999776482582,2.471989154815674,0.21028415858745575,0.0021028416231274605,1,3,3
761,417,418,0.0,0.009999999776482582,2.471989154815674,0.21028415858745575,0.0021028416231274605,1,3,3
762,418,3501,0.0,0.009999999776482582,1.9147984981536865,0.130685493350029,0.0013068548869341612,1,2,2
763,419,3745,0.0,0.009999999776482582,3.1046791076660156,0.3006684482097626,0.003006684361025691,1,4,4
764,419,4875,0.0,0.009999999776482582,2.5679166316986084,0.22398808598518372,0.0022398808505386114,1,3,3
765,3745,4875,0.0,0.009999999776482582,3.1046791076660156,0.3006684482097626,0.003006684361025691,1,4,4
766,420,3745,0.0,0.009999999776482582,3.1046791076660156,0.3006684482097626,0.003006684361025691,1,4,4
767,420,421,0.0,0.009999999776482582,2.3617775440216064,0.1945396512746811,0.0019453964196145535,1,3,3
768,421,422,0.0,0.009999999776482582,2.3617775440216064,0.1945396512746811,0.0019453964196145535,1,3,3
769,422,423,0.0,0.009999999776482582,1.3439418077468872,0.049134545028209686,0.0004913454176858068,1,2,2
770,423,3745,0.0,0.009999999776482582,3.1046791076660156,0.3006684482097626,0.003006684361025691,1,4,4
771,424,3745,0.0,0.009999999776482582,3.1046791076660156,0.3006684482097626,0.003006684361025691,1,4,4
772,424,425,0.0,0.009999999776482582,2.512519598007202,0.21607422828674316,0.0021607421804219484,1,3,3
773,425,426,0.0,0.009999999776482582,4.2463483810424805,0.4637640416622162,0.004637640435248613,1,5,5
774,426,3745,0.0,0.009999999776482582,4.2463483810424805,0.4637640416622162,0.004637640435248613,1,5,5
775,427,3745,0.0,0.009999999776482582,3.1046791076660156,0.3006684482097626,0.003006684361025691,1,4,4
776,427,4875,0.0,0.009999999776482582,2.5679166316986084,0.22398808598518372,0.0022398808505386114,1,3,3
777,3200,4875,0.0,0.009999999776482582,3.4841084480285645,0.3548726439476013,0.003548726439476013,1,4,4
778,3200,3745,0.0,0.009999999776482582,3.4841084480285645,0.3548726439476013,0.003548726439476013,1,4,4
779,428,3745,0.0,0.009999999776482582,3.1046791076660156,0.3006684482097626,0.003006684361025691,1,4,4
780,428,429,0.0,0.009999999776482582,3.3159775733947754,0.3308539390563965,0.003308539278805256,1,4,4
781,429,3745,0.0,0.009999999776482582,3.3159775733947754,0.3308539390563965,0.003308539278805256,1,4,4
782,430,3745,0.0,0.009999999776482582,3.1046791076660156,0.3006684482097626,0.003006684361025691,1,4,4
783,430,431,0.0,0.009999999776482582,1.0520954132080078,0.0074422019533813,7.442201604135334e-05,1,2,2
784,431,3745,0.0,0.009999999776482582,3.1046791076660156,0.3006684482097626,0.003006684361025691,1,4,4
785,432,4785,0.0,0.009999999776482582,2.3155388832092285,0.18793413043022156,0.0018793413182720542,1,3,3
786,3669,4785,0.0,0.009999999776482582,2.3155388832092285,0.18793413043022156,0.0018793413182720542,1,3,3
787,3477,4002,0.0,0.009999999776482582,7.005972385406494,0.8579960465431213,0.008579960092902184,1,8,8
788,3863,4002,0.0,0.009999999776482582,2.0717639923095703,0.15310914814472198,0.001531091402284801,1,3,3
789,3477,3863,0.0,0.009999999776482582,7.005972385406494,0.8579960465431213,0.008579960092902184,1,8,8
790,3477,3997,0.0,0.009999999776482582,7.005972385406494,0.8579960465431213,0.008579960092902184,1,8,8
791,3863,3997,0.0,0.009999999776482582,2.0717639923095703,0.15310914814472198,0.001531091402284801,1,3,3
792,3863,3994,0.0,0.009999999776482582,2.0717639923095703,0.15310914814472198,0.001531091402284801,1,3,3
793,3511,3994,0.0,0.009999999776482582,2.3214056491851807,0.18877223134040833,0.0018877222901210189,1,3,3
794,3863,3993,0.0,0.009999999776482582,2.0717639923095703,0.15310914814472198,0.001531091402284801,1,3,3
795,3998,3999,0.0,0.009999999776482582,2.975541114807129,0.28222015500068665,0.0028222014661878347,1,3,3
796,433,3999,0.0,0.009999999776482582,2.975541114807129,0.28222015500068665,0.0028222014661878347,1,3,3
797,433,3979,0.0,0.009999999776482582,2.9350438117980957,0.27643483877182007,0.002764348406344652,1,3,3
798,434,3867,0.0,0.009999999776482582,1.2798352241516113,0.03997645899653435,0.00039976456901058555,1,2,2
799,3460,3867,0.0,0.009999999776482582,4.174483299255371,0.45349761843681335,0.004534976091235876,1,5,5
800,4007,4877,0.9999998807907104,0.9999998807907104,1.2932488918304443,0.041892699897289276,0.04189269617199898,5,2,10
801,4007,4876,0.9999998807907104,0.9999998807907104,1.2932488918304443,0.041892699897289276,0.04189269617199898,5,2,10
802,4876,4877,0.0,0.009999999776482582,1.1760132312774658,0.025144746527075768,0.000251447461778298,1,2,2
803,3201,4876,0.0,0.009999999776482582,1.667165756225586,0.09530939161777496,0.0009530938696116209,1,2,2
804,3201,4007,0.0,0.009999999776482582,1.667165756225586,0.09530939161777496,0.0009530938696116209,1,2,2
805,3201,4877,0.0,0.009999999776482582,1.667165756225586,0.09530939161777496,0.0009530938696116209,1,2,2
806,435,4876,0.0,0.009999999776482582,1.332566261291504,0.047509465366601944,0.00047509465366601944,1,2,2
807,435,4877,0.0,0.009999999776482582,1.332566261291504,0.047509465366601944,0.00047509465366601944,1,2,2
808,436,3477,0.0,0.009999999776482582,7.005972385406494,0.8579960465431213,0.008579960092902184,1,8,8
809,436,437,0.0,0.009999999776482582,1.9773746728897095,0.1396249532699585,0.0013962495140731335,1,2,2
810,437,3477,0.0,0.009999999776482582,7.005972385406494,0.8579960465431213,0.008579960092902184,1,8,8
811,3477,3992,0.0,0.009999999776482582,7.005972385406494,0.8579960465431213,0.008579960092902184,1,8,8
812,3863,3992,0.0,0.009999999776482582,2.0717639923095703,0.15310914814472198,0.001531091402284801,1,3,3
813,3863,3996,0.0,0.009999999776482582,2.0717639923095703,0.15310914814472198,0.001531091402284801,1,3,3
814,438,4878,0.0,0.009999999776482582,3.1709446907043457,0.3101349472999573,0.0031013493426144123,1,4,4
815,438,439,0.0,0.009999999776482582,3.1709446907043457,0.3101349472999573,0.0031013493426144123,1,4,4
816,439,4878,0.0,0.009999999776482582,2.9357237815856934,0.27653196454048157,0.0027653195429593325,1,3,3
817,440,4878,0.0,0.009999999776482582,2.124311685562134,0.1606159508228302,0.0016061594942584634,1,3,3
818,440,441,0.0,0.009999999776482582,1.2878613471984863,0.041123051196336746,0.0004112304886803031,1,2,2
819,441,3604,0.0,0.009999999776482582,2.757901430130005,0.25112876296043396,0.002511287573724985,1,3,3
820,442,4878,0.0,0.009999999776482582,2.124311685562134,0.1606159508228302,0.0016061594942584634,1,3,3
821,442,4013,0.0,0.009999999776482582,2.1013989448547363,0.15734270215034485,0.0015734269982203841,1,3,3
822,3604,4013,0.0,0.009999999776482582,2.757901430130005,0.25112876296043396,0.002511287573724985,1,3,3
823,443,4016,0.0,0.009999999776482582,2.209402561187744,0.17277179658412933,0.0017277179285883904,1,3,3
824,443,444,0.0,0.009999999776482582,2.81790828704834,0.2597011923789978,0.002597011858597398,1,3,3
825,444,4017,0.0,0.009999999776482582,2.81790828704834,0.2597011923789978,0.002597011858597398,1,3,3
826,3202,4879,0.0,0.009999999776482582,2.296154737472534,0.18516495823860168,0.0018516494892537594,1,3,3
827,445,3202,0.0,0.009999999776482582,2.296154737472534,0.18516495823860168,0.0018516494892537594,1,3,3
828,445,4879,0.0,0.009999999776482582,1.3155760765075684,0.045082297176122665,0.0004508229612838477,1,2,2
829,446,447,0.0,0.009999999776482582,1.4961695671081543,0.07088136672973633,0.0007088136626407504,1,2,2
830,447,4513,0.0,0.009999999776482582,1.7607614994049072,0.10868021100759506,0.0010868021054193377,1,2,2
831,3613,4513,0.0,0.009999999776482582,1.7607614994049072,0.10868021100759506,0.0010868021054193377,1,2,2
832,448,3614,0.0,0.009999999776482582,2.3825607299804688,0.19750867784023285,0.0019750867504626513,1,3,3
833,448,3769,0.0,0.009999999776482582,2.3825607299804688,0.19750867784023285,0.0019750867504626513,1,3,3
834,449,3769,0.0,0.009999999776482582,1.5268160104751587,0.07525943219661713,0.0007525943219661713,1,2,2
835,449,450,0.0,0.009999999776482582,1.472435712814331,0.06749081611633301,0.000674908165819943,1,2,2
836,450,3739,0.0,0.009999999776482582,1.472435712814331,0.06749081611633301,0.000674908165819943,1,2,2
837,3739,3777,0.9999998807907104,0.9999998807907104,7.127651214599609,0.8753787279129028,0.8753786087036133,5,8,40
838,451,3552,0.0,0.009999999776482582,3.293243408203125,0.327606201171875,0.0032760619651526213,1,4,4
839,451,3615,0.0,0.009999999776482582,2.7824759483337402,0.2546394169330597,0.0025463940110057592,1,3,3
840,3615,4019,0.0,0.009999999776482582,1.5402898788452148,0.0771842673420906,0.0007718426641076803,1,2,2
841,4019,4020,0.0,0.009999999776482582,3.0208048820495605,0.2886864244937897,0.002886864123865962,1,4,4
842,452,4021,0.0,0.009999999776482582,2.140101909637451,0.16287170350551605,0.001628716941922903,1,3,3
843,3999,4021,0.0,0.009999999776482582,2.975541114807129,0.28222015500068665,0.0028222014661878347,1,3,3
844,3473,3999,0.0,0.009999999776482582,2.975541114807129,0.28222015500068665,0.0028222014661878347,1,3,3
845,453,4772,0.0,0.009999999776482582,2.171769142150879,0.16739559173583984,0.00167395593598485,1,3,3
846,453,3203,0.0,0.009999999776482582,1.4549620151519775,0.06499457359313965,0.0006499456940218806,1,2,2
847,3203,4772,0.0,0.009999999776482582,2.171769142150879,0.16739559173583984,0.00167395593598485,1,3,3
848,4772,4786,0.5,0.5049999952316284,2.171769142150879,0.16739559173583984,0.08453477174043655,5,3,15
849,3203,4786,0.0,0.009999999776482582,1.4471195936203003,0.06387422978878021,0.0006387422909028828,1,2,2
850,454,3203,0.0,0.009999999776482582,1.4471195936203003,0.06387422978878021,0.0006387422909028828,1,2,2
851,454,455,0.0,0.009999999776482582,2.4803924560546875,0.2114846408367157,0.002114846371114254,1,3,3
852,455,4772,0.0,0.009999999776482582,2.4803924560546875,0.2114846408367157,0.002114846371114254,1,3,3
853,456,4772,0.0,0.009999999776482582,2.171769142150879,0.16739559173583984,0.00167395593598485,1,3,3
854,456,457,0.0,0.009999999776482582,1.33810293674469,0.04830041900277138,0.0004830041725654155,1,2,2
855,457,3460,0.0,0.009999999776482582,4.174483299255371,0.45349761843681335,0.004534976091235876,1,5,5
856,4135,4250,0.0,0.009999999776482582,3.346309185028076,0.33518701791763306,0.0033518699929118156,1,4,4
857,4029,4250,0.5,0.5049999952316284,2.1541714668273926,0.164881631731987,0.08326522260904312,5,3,15
858,458,459,0.0,0.009999999776482582,1.71950364112854,0.10278623551130295,0.0010278623085469007,1,2,2
859,459,4030,0.0,0.009999999776482582,1.5524065494537354,0.07891522347927094,0.0007891522254794836,1,2,2
860,3528,4030,0.0,0.009999999776482582,3.755185604095459,0.39359793066978455,0.003935979213565588,1,4,4
861,460,3528,0.0,0.009999999776482582,3.755185604095459,0.39359793066978455,0.003935979213565588,1,4,4
862,460,461,0.0,0.009999999776482582,2.464442253112793,0.20920602977275848,0.0020920601673424244,1,3,3
863,461,3528,0.0,0.009999999776482582,3.755185604095459,0.39359793066978455,0.003935979213565588,1,4,4
864,462,3528,0.0,0.009999999776482582,3.755185604095459,0.39359793066978455,0.003935979213565588,1,4,4
865,462,463,0.0,0.009999999776482582,2.6293132305145264,0.232759028673172,0.002327590249478817,1,3,3
866,463,464,0.0,0.009999999776482582,2.681666135787964,0.2402380257844925,0.002402380108833313,1,3,3
867,464,465,0.0,0.009999999776482582,2.681666135787964,0.2402380257844925,0.002402380108833313,1,3,3
868,466,3980,0.0,0.009999999776482582,2.72055983543396,0.24579426646232605,0.0024579425808042288,1,3,3
869,466,467,0.0,0.009999999776482582,1.9684357643127441,0.13834796845912933,0.0013834796845912933,1,2,2
870,467,3980,0.0,0.009999999776482582,2.72055983543396,0.24579426646232605,0.0024579425808042288,1,3,3
871,3528,3672,0.0,0.009999999776482582,3.755185604095459,0.39359793066978455,0.003935979213565588,1,4,4
872,3672,4033,0.0,0.009999999776482582,1.7701878547668457,0.11002683639526367,0.0011002683313563466,1,2,2
873,3528,4033,0.0,0.009999999776482582,3.755185604095459,0.39359793066978455,0.003935979213565588,1,4,4
874,468,3891,0.0,0.009999999776482582,2.48305606842041,0.2118651568889618,0.002118651522323489,1,3,3
875,468,469,0.0,0.009999999776482582,2.2631969451904297,0.1804567128419876,0.001804567058570683,1,3,3
876,469,3598,0.0,0.009999999776482582,3.905942440032959,0.41513463854789734,0.0041513461619615555,1,4,4
877,470,471,0.0,0.009999999776482582,2.4948339462280273,0.2135477066040039,0.002135477028787136,1,3,3
878,471,4037,0.0,0.009999999776482582,2.2166669368743896,0.17380955815315247,0.0017380955396220088,1,3,3
879,4023,4037,0.0,0.009999999776482582,3.800354242324829,0.4000506103038788,0.004000505898147821,1,4,4
880,472,3607,0.0,0.009999999776482582,1.826093316078186,0.11801332980394363,0.0011801333166658878,1,2,2
881,472,3204,0.0,0.009999999776482582,1.4143446683883667,0.05919209495186806,0.0005919209215790033,1,2,2
882,473,3204,0.0,0.009999999776482582,1.4143446683883667,0.05919209495186806,0.0005919209215790033,1,2,2
883,3204,3607,0.0,0.009999999776482582,1.826093316078186,0.11801332980394363,0.0011801333166658878,1,2,2
884,3206,4772,0.0,0.009999999776482582,2.171769142150879,0.16739559173583984,0.00167395593598485,1,3,3
885,474,3206,0.0,0.009999999776482582,2.4470911026000977,0.2067272961139679,0.0020672730170190334,1,3,3
886,474,4028,0.0,0.009999999776482582,2.4470911026000977,0.2067272961139679,0.0020672730170190334,1,3,3
887,475,4786,0.0,0.009999999776482582,1.7047619819641113,0.10068028420209885,0.0010068027768284082,1,2,2
888,475,4772,0.0,0.009999999776482582,2.171769142150879,0.16739559173583984,0.00167395593598485,1,3,3
889,476,4772,0.0,0.009999999776482582,2.171769142150879,0.16739559173583984,0.00167395593598485,1,3,3
890,476,477,0.0,0.009999999776482582,1.8289411067962646,0.11842016130685806,0.001184201566502452,1,2,2
891,477,478,0.0,0.009999999776482582,1.8289411067962646,0.11842016130685806,0.001184201566502452,1,2,2
892,478,479,0.0,0.009999999776482582,1.4163076877593994,0.05947252735495567,0.0005947252502664924,1,2,2
893,479,4772,0.0,0.009999999776482582,2.171769142150879,0.16739559173583984,0.00167395593598485,1,3,3
894,480,4772,0.0,0.009999999776482582,2.171769142150879,0.16739559173583984,0.00167395593598485,1,3,3
895,480,481,0.0,0.009999999776482582,1.144882082939148,0.020697440952062607,0.00020697440777439624,1,2,2
896,481,482,0.0,0.009999999776482582,1.5505698919296265,0.07865284383296967,0.0007865283987484872,1,2,2
897,482,4772,0.0,0.009999999776482582,2.171769142150879,0.16739559173583984,0.00167395593598485,1,3,3
898,483,4772,0.0,0.009999999776482582,2.171769142150879,0.16739559173583984,0.00167395593598485,1,3,3
899,483,3205,0.0,0.009999999776482582,1.210466980934143,0.030066711828112602,0.0003006671031471342,1,2,2
900,484,3205,0.0,0.009999999776482582,1.474491000175476,0.06778442859649658,0.0006778442766517401,1,2,2
901,484,4772,0.0,0.009999999776482582,2.171769142150879,0.16739559173583984,0.00167395593598485,1,3,3
902,3207,4772,0.0,0.009999999776482582,2.171769142150879,0.16739559173583984,0.00167395593598485,1,3,3
903,485,3207,0.0,0.009999999776482582,1.6279832124710083,0.08971188962459564,0.0008971188799478114,1,2,2
904,485,4772,0.0,0.009999999776482582,2.171769142150879,0.16739559173583984,0.00167395593598485,1,3,3
905,3611,3864,0.0,0.009999999776482582,1.9975214004516602,0.1425030529499054,0.001425030524842441,1,2,2
906,3611,3876,0.0,0.009999999776482582,1.84220552444458,0.1203150749206543,0.0012031507212668657,1,2,2
907,3864,3876,0.0,0.009999999776482582,1.9975214004516602,0.1425030529499054,0.001425030524842441,1,2,2
908,4014,4015,0.0,0.009999999776482582,2.5926620960235596,0.22752316296100616,0.0022752315271645784,1,3,3
909,486,4014,0.0,0.009999999776482582,2.420154094696045,0.2028791606426239,0.002028791466727853,1,3,3
910,486,4015,0.0,0.009999999776482582,2.5926620960235596,0.22752316296100616,0.0022752315271645784,1,3,3
911,3980,4015,0.0,0.009999999776482582,2.72055983543396,0.24579426646232605,0.0024579425808042288,1,3,3
912,487,488,0.0,0.009999999776482582,2.0811309814453125,0.1544472873210907,0.0015444728778675199,1,3,3
913,488,489,0.0,0.009999999776482582,1.3602604866027832,0.05146578326821327,0.0005146578187122941,1,2,2
914,489,3748,0.0,0.009999999776482582,1.0911755561828613,0.013025079853832722,0.00013025080261286348,1,2,2
915,490,3748,0.0,0.009999999776482582,2.0667994022369385,0.1523999124765396,0.0015239991480484605,1,3,3
916,490,491,0.0,0.009999999776482582,2.0667994022369385,0.1523999124765396,0.0015239991480484605,1,3,3
917,491,492,0.0,0.009999999776482582,2.0471415519714355,0.14959165453910828,0.0014959165127947927,1,3,3
918,3561,4041,0.0,0.009999999776482582,2.67909574508667,0.2398708164691925,0.002398708136752248,1,3,3
919,4021,4041,0.0,0.009999999776482582,2.140101909637451,0.16287170350551605,0.001628716941922903,1,3,3
920,3473,4021,0.0,0.009999999776482582,2.800828695297241,0.2572612464427948,0.0025726123712956905,1,3,3
921,493,4228,0.0,0.009999999776482582,3.770001173019409,0.3957144618034363,0.003957144450396299,1,4,4
922,493,4880,0.0,0.009999999776482582,3.770001173019409,0.3957144618034363,0.003957144450396299,1,4,4
923,4228,4880,0.0,0.009999999776482582,3.2045412063598633,0.31493446230888367,0.0031493445858359337,1,4,4
924,494,3940,0.0,0.009999999776482582,2.600231647491455,0.2286045253276825,0.0022860451135784388,1,3,3
925,494,495,0.0,0.009999999776482582,2.600231647491455,0.2286045253276825,0.0022860451135784388,1,3,3
926,495,3940,0.0,0.009999999776482582,2.4553561210632324,0.2079080194234848,0.002079080091789365,1,3,3
927,496,4545,0.0,0.009999999776482582,1.2636688947677612,0.037666983902454376,0.0003766698355320841,1,2,2
928,497,4545,0.0,0.009999999776482582,1.2636688947677612,0.037666983902454376,0.0003766698355320841,1,2,2
929,497,498,0.0,0.009999999776482582,1.4003186225891113,0.05718837305903435,0.000571883691009134,1,2,2
930,499,500,0.0,0.009999999776482582,1.074395775794983,0.010627968236804008,0.00010627968003973365,1,2,2
931,500,501,0.0,0.009999999776482582,1.074395775794983,0.010627968236804008,0.00010627968003973365,1,2,2
932,501,502,0.0,0.009999999776482582,1.1881542205810547,0.026879174634814262,0.0002687917440198362,1,2,2
933,502,4045,0.0,0.009999999776482582,1.1881542205810547,0.026879174634814262,0.0002687917440198362,1,2,2
934,3208,4881,0.5,0.5049999952316284,1.1551086902618408,0.022158384323120117,0.011189984157681465,5,2,10
935,503,3208,0.0,0.009999999776482582,1.2831954956054688,0.04045649990439415,0.00040456498390994966,1,2,2
936,503,4881,0.0,0.009999999776482582,1.2831954956054688,0.04045649990439415,0.00040456498390994966,1,2,2
937,4351,4881,0.9999998807907104,0.9999998807907104,1.1551086902618408,0.022158384323120117,0.022158382460474968,5,2,10
938,504,4351,0.0,0.009999999776482582,2.3991382122039795,0.19987688958644867,0.001998768886551261,1,3,3
939,504,4881,0.0,0.009999999776482582,2.3991382122039795,0.19987688958644867,0.001998768886551261,1,3,3
940,4881,4882,0.5,0.5049999952316284,1.1551086902618408,0.022158384323120117,0.011189984157681465,5,2,10
941,505,4882,0.0,0.009999999776482582,2.712608814239502,0.24465839564800262,0.0024465839378535748,1,3,3
942,505,4881,0.0,0.009999999776482582,2.712608814239502,0.24465839564800262,0.0024465839378535748,1,3,3
943,4351,4884,0.0,0.009999999776482582,1.3133331537246704,0.04476187750697136,0.0004476187750697136,1,2,2
944,506,4884,0.0,0.009999999776482582,2.0392251014709473,0.1484607309103012,0.0014846072299405932,1,3,3
945,506,4881,0.0,0.009999999776482582,2.0392251014709473,0.1484607309103012,0.0014846072299405932,1,3,3
946,507,3208,0.0,0.009999999776482582,1.1348179578781128,0.019259708002209663,0.0001925970718730241,1,2,2
947,507,4047,0.0,0.009999999776482582,1.272370457649231,0.03891006484627724,0.00038910063449293375,1,2,2
948,4047,4881,0.5,0.5049999952316284,1.272370457649231,0.03891006484627724,0.019649581983685493,5,2,10
949,4882,4883,0.0,0.009999999776482582,1.1557458639144897,0.022249409928917885,0.00022249409812502563,1,2,2
950,4881,4883,0.5,0.5049999952316284,1.1557458639144897,0.022249409928917885,0.011235951445996761,5,2,10
951,508,4881,0.0,0.009999999776482582,2.007484197616577,0.14392630755901337,0.0014392629964277148,1,3,3
952,508,4884,0.0,0.009999999776482582,2.007484197616577,0.14392630755901337,0.0014392629964277148,1,3,3
953,4883,4884,0.0,0.009999999776482582,1.3133331537246704,0.04476187750697136,0.0004476187750697136,1,2,2
954,509,4881,0.0,0.009999999776482582,2.6264164447784424,0.23234520852565765,0.002323451917618513,1,3,3
955,509,4884,0.0,0.009999999776482582,2.6264164447784424,0.23234520852565765,0.002323451917618513,1,3,3
956,4881,4884,0.0,0.009999999776482582,1.3133331537246704,0.04476187750697136,0.0004476187750697136,1,2,2
957,3946,4351,0.0,0.009999999776482582,1.497170090675354,0.07102429866790771,0.0007102429517544806,1,2,2
958,4047,4351,0.0,0.009999999776482582,1.272370457649231,0.03891006484627724,0.00038910063449293375,1,2,2
959,510,4351,0.0,0.009999999776482582,2.7529261112213135,0.2504180073738098,0.0025041799526661634,1,3,3
960,510,4881,0.0,0.009999999776482582,2.7529261112213135,0.2504180073738098,0.0025041799526661634,1,3,3
961,3619,3676,0.5,0.5049999952316284,1.1381739377975464,0.01973913423717022,0.00996826309710741,5,2,10
962,511,3676,0.0,0.009999999776482582,1.1800971031188965,0.02572815679013729,0.00025728155742399395,1,2,2
963,511,3619,0.0,0.009999999776482582,1.1800971031188965,0.02572815679013729,0.00025728155742399395,1,2,2
964,512,513,0.0,0.009999999776482582,1.7207047939300537,0.1029578298330307,0.0010295782703906298,1,2,2
965,513,514,0.0,0.009999999776482582,2.6486692428588867,0.23552417755126953,0.002355241682380438,1,3,3
966,514,515,0.0,0.009999999776482582,2.6486692428588867,0.23552417755126953,0.002355241682380438,1,3,3
967,3209,3901,0.0,0.009999999776482582,7.007259845733643,0.8581799864768982,0.008581799454987049,1,8,8
968,516,4060,0.0,0.009999999776482582,2.163780689239502,0.16625438630580902,0.0016625438584014773,1,3,3
969,3210,4060,0.0,0.009999999776482582,1.4103423357009888,0.058620333671569824,0.0005862032994627953,1,2,2
970,517,3210,0.0,0.009999999776482582,1.862012505531311,0.12314464151859283,0.0012314463965594769,1,2,2
971,517,518,0.0,0.009999999776482582,1.862012505531311,0.12314464151859283,0.0012314463965594769,1,2,2
972,518,3210,0.0,0.009999999776482582,1.307863712310791,0.04398053139448166,0.00043980529881082475,1,2,2
973,519,520,0.0,0.009999999776482582,1.4732484817504883,0.06760692596435547,0.0006760692340321839,1,2,2
974,520,521,0.0,0.009999999776482582,1.8477776050567627,0.12111108750104904,0.001211110851727426,1,2,2
975,521,522,0.0,0.009999999776482582,2.620884418487549,0.23155491054058075,0.00231554894708097,1,3,3
976,3525,4668,0.0,0.009999999776482582,3.243422508239746,0.32048892974853516,0.003204889129847288,1,4,4
977,3836,4668,0.0,0.009999999776482582,3.1589694023132324,0.3084242045879364,0.0030842418782413006,1,4,4
978,523,3700,0.0,0.009999999776482582,3.8259105682373047,0.403701514005661,0.00403701514005661,1,4,4
979,523,524,0.0,0.009999999776482582,2.643423080444336,0.23477472364902496,0.0023477470967918634,1,3,3
980,524,3853,0.0,0.009999999776482582,2.6246213912963867,0.23208877444267273,0.002320887753739953,1,3,3
981,525,3581,0.0,0.009999999776482582,2.931215286254883,0.2758879065513611,0.002758878981694579,1,3,3
982,525,3622,0.0,0.009999999776482582,2.095341205596924,0.15647731721401215,0.001564773148857057,1,3,3
983,3581,3622,0.0,0.009999999776482582,2.931215286254883,0.2758879065513611,0.002758878981694579,1,3,3
984,526,527,0.0,0.009999999776482582,1.1755728721618652,0.02508183941245079,0.0002508183824829757,1,2,2
985,527,528,0.0,0.009999999776482582,1.3381378650665283,0.048305410891771317,0.0004830540856346488,1,2,2
986,528,529,0.0,0.009999999776482582,1.3381378650665283,0.048305410891771317,0.0004830540856346488,1,2,2
987,530,531,0.0,0.009999999776482582,1.7668795585632324,0.109554223716259,0.0010955422185361385,1,2,2
988,531,532,0.0,0.009999999776482582,1.7668795585632324,0.109554223716259,0.0010955422185361385,1,2,2
989,532,4055,0.0,0.009999999776482582,1.6267372369766235,0.08953388780355453,0.0008953388314694166,1,2,2
990,533,4885,0.0,0.009999999776482582,1.8799521923065186,0.1257074624300003,0.0012570746475830674,1,2,2
991,533,534,0.0,0.009999999776482582,1.5840232372283936,0.08343189209699631,0.000834318925626576,1,2,2
992,534,4885,0.0,0.009999999776482582,1.8799521923065186,0.1257074624300003,0.0012570746475830674,1,2,2
993,535,4087,0.0,0.009999999776482582,2.2287731170654297,0.1755390167236328,0.0017553900834172964,1,3,3
994,535,536,0.0,0.009999999776482582,1.9961953163146973,0.142313614487648,0.0014231360983103514,1,2,2
995,536,4087,0.0,0.009999999776482582,2.2287731170654297,0.1755390167236328,0.0017553900834172964,1,3,3
996,4139,4239,0.9999998807907104,0.9999998807907104,1.1623997688293457,0.023199966177344322,0.023199964314699173,5,2,10
997,537,4139,0.0,0.009999999776482582,1.3167475461959839,0.04524964839220047,0.00045249646063894033,1,2,2
998,537,4239,0.0,0.009999999776482582,1.3167475461959839,0.04524964839220047,0.00045249646063894033,1,2,2
999,538,4139,0.0,0.009999999776482582,1.1623997688293457,0.023199966177344322,0.00023199965653475374,1,2,2
1000,538,4239,0.0,0.009999999776482582,1.0486599206924438,0.0069514173083007336,6.951417162781581e-05,1,2,2
1001,539,4139,0.0,0.009999999776482582,2.467156410217285,0.2095937728881836,0.002095937728881836,1,3,3
1002,539,3467,0.0,0.009999999776482582,3.232045888900757,0.3188636898994446,0.003188636852428317,1,4,4
1003,4015,4139,0.0,0.009999999776482582,2.5926620960235596,0.22752316296100616,0.0022752315271645784,1,3,3
1004,4015,4063,0.5,0.5049999952316284,2.5926620960235596,0.22752316296100616,0.11489919573068619,5,3,15
1005,540,4056,0.0,0.009999999776482582,1.6690208911895752,0.09557441622018814,0.000955744122620672,1,2,2
1006,540,541,0.0,0.009999999776482582,1.3448599576950073,0.04926570877432823,0.0004926570691168308,1,2,2
1007,541,4057,0.0,0.009999999776482582,1.3448599576950073,0.04926570877432823,0.0004926570691168308,1,2,2
1008,542,4057,0.0,0.009999999776482582,1.5224500894546509,0.07463572919368744,0.0007463572546839714,1,2,2
1009,542,4058,0.0,0.009999999776482582,1.5224500894546509,0.07463572919368744,0.0007463572546839714,1,2,2
1010,543,3211,0.0,0.009999999776482582,3.201040744781494,0.31443437933921814,0.0031443436164408922,1,4,4
1011,543,544,0.0,0.009999999776482582,1.5104553699493408,0.07292219251394272,0.0007292219088412821,1,2,2
1012,544,545,0.0,0.009999999776482582,1.7460658550262451,0.10658083856105804,0.0010658083483576775,1,2,2
1013,546,3490,0.0,0.009999999776482582,1.6155415773391724,0.08793450891971588,0.0008793450542725623,1,2,2
1014,546,547,0.0,0.009999999776482582,1.6159440279006958,0.08799200505018234,0.0008799200295470655,1,2,2
1015,547,548,0.0,0.009999999776482582,1.6159440279006958,0.08799200505018234,0.0008799200295470655,1,2,2
1016,549,3913,0.0,0.009999999776482582,1.5075676441192627,0.07250966131687164,0.0007250966154970229,1,2,2
1017,549,550,0.0,0.009999999776482582,1.2703213691711426,0.0386173389852047,0.0003861733712255955,1,2,2
1018,550,551,0.0,0.009999999776482582,1.8791285753250122,0.12558980286121368,0.0012558980379253626,1,2,2
1019,3878,3949,0.0,0.009999999776482582,1.8056914806365967,0.11509878188371658,0.00115098780952394,1,2,2
1020,552,3878,0.0,0.009999999776482582,1.4330178499221802,0.06185969337821007,0.0006185969104990363,1,2,2
1021,552,3949,0.0,0.009999999776482582,1.8056914806365967,0.11509878188371658,0.00115098780952394,1,2,2
1022,4796,4797,0.9999998807907104,0.9999998807907104,1.8923265933990479,0.12747523188591003,0.12747521698474884,5,2,10
1023,3552,4797,0.5,0.5049999952316284,3.293243408203125,0.327606201171875,0.1654411256313324,5,4,20
1024,3663,4015,0.0,0.009999999776482582,2.5926620960235596,0.22752316296100616,0.0022752315271645784,1,3,3
1025,4015,4269,0.5,0.5049999952316284,2.5926620960235596,0.22752316296100616,0.11489919573068619,5,3,15
1026,4063,4064,0.0,0.009999999776482582,2.247023344039917,0.17814619839191437,0.0017814619932323694,1,3,3
1027,3684,4064,0.0,0.009999999776482582,3.1245250701904297,0.3035035729408264,0.0030350356828421354,1,4,4
1028,3684,4528,0.0,0.009999999776482582,3.1245250701904297,0.3035035729408264,0.0030350356828421354,1,4,4
1029,553,4528,0.0,0.009999999776482582,1.9617609977722168,0.13739442825317383,0.001373944221995771,1,2,2
1030,553,554,0.0,0.009999999776482582,1.9238325357437134,0.13197608292102814,0.001319760805927217,1,2,2
1031,554,555,0.0,0.009999999776482582,1.4065678119659424,0.058081116527318954,0.0005808111745864153,1,2,2
1032,555,3212,0.0,0.009999999776482582,1.5489656925201416,0.07842367142438889,0.0007842367049306631,1,2,2
1033,3212,3571,0.0,0.009999999776482582,1.8097498416900635,0.11567854881286621,0.0011567854089662433,1,2,2
1034,556,3684,0.0,0.009999999776482582,3.1245250701904297,0.3035035729408264,0.0030350356828421354,1,4,4
1035,556,3656,0.0,0.009999999776482582,2.515963554382324,0.21656621992588043,0.0021656621247529984,1,3,3
1036,557,3656,0.0,0.009999999776482582,2.515963554382324,0.21656621992588043,0.0021656621247529984,1,3,3
1037,557,4064,0.0,0.009999999776482582,2.247023344039917,0.17814619839191437,0.0017814619932323694,1,3,3
1038,4064,4269,0.0,0.009999999776482582,2.247023344039917,0.17814619839191437,0.0017814619932323694,1,3,3
1039,3662,4064,0.5,0.5049999952316284,2.247023344039917,0.17814619839191437,0.08996383100748062,5,3,15
1040,3777,4886,0.9999998807907104,0.9999998807907104,7.127651214599609,0.8753787279129028,0.8753786087036133,5,8,40
1041,558,4886,0.0,0.009999999776482582,2.471511125564575,0.21021588146686554,0.0021021587308496237,1,3,3
1042,558,4255,0.0,0.009999999776482582,2.471511125564575,0.21021588146686554,0.0021021587308496237,1,3,3
1043,4067,4796,0.0,0.009999999776482582,2.091949939727783,0.15599285066127777,0.0015599285252392292,1,3,3
1044,4271,4796,0.0,0.009999999776482582,2.912553548812866,0.2732219398021698,0.0027322194073349237,1,3,3
1045,559,4796,0.0,0.009999999776482582,1.835585594177246,0.11936937272548676,0.0011936937225982547,1,2,2
1046,559,4797,0.0,0.009999999776482582,1.8923265933990479,0.12747523188591003,0.0012747523142024875,1,2,2
1047,3656,4797,0.0,0.009999999776482582,2.515963554382324,0.21656621992588043,0.0021656621247529984,1,3,3
1048,3656,4990,0.0,0.009999999776482582,2.515963554382324,0.21656621992588043,0.0021656621247529984,1,3,3
1049,560,561,0.0,0.009999999776482582,1.8697776794433594,0.12425395101308823,0.0012425394961610436,1,2,2
1050,561,562,0.0,0.009999999776482582,1.2180335521697998,0.031147649511694908,0.00031147649860940874,1,2,2
1051,562,563,0.0,0.009999999776482582,1.1883456707000732,0.02690652385354042,0.0002690652327146381,1,2,2
1052,563,3841,0.0,0.009999999776482582,1.938509225845337,0.13407275080680847,0.0013407274382188916,1,2,2
1053,564,3841,0.0,0.009999999776482582,2.0253963470458984,0.14648519456386566,0.0014648518990725279,1,3,3
1054,564,565,0.0,0.009999999776482582,2.0253963470458984,0.14648519456386566,0.0014648518990725279,1,3,3
1055,565,566,0.0,0.009999999776482582,1.2212146520614624,0.03160209208726883,0.0003160209162160754,1,2,2
1056,567,568,0.0,0.009999999776482582,1.5074052810668945,0.07248646765947342,0.0007248646579682827,1,2,2
1057,568,569,0.0,0.009999999776482582,1.8998013734817505,0.12854304909706116,0.001285430509597063,1,2,2
1058,569,4071,0.0,0.009999999776482582,2.3787670135498047,0.1969667226076126,0.00196966715157032,1,3,3
1059,570,4071,0.0,0.009999999776482582,2.3787670135498047,0.1969667226076126,0.00196966715157032,1,3,3
1060,570,4072,0.0,0.009999999776482582,2.0088257789611816,0.14411796629428864,0.0014411796582862735,1,3,3
1061,571,4072,0.0,0.009999999776482582,1.9712882041931152,0.1387554556131363,0.0013875545701012015,1,2,2
1062,571,572,0.0,0.009999999776482582,1.9712882041931152,0.1387554556131363,0.0013875545701012015,1,2,2
1063,573,574,0.0,0.009999999776482582,1.8242919445037842,0.11775599420070648,0.0011775599559769034,1,2,2
1064,574,575,0.0,0.009999999776482582,1.8242919445037842,0.11775599420070648,0.0011775599559769034,1,2,2
1065,575,4073,0.0,0.009999999776482582,1.6677298545837402,0.09538997709751129,0.0009538997546769679,1,2,2
1066,576,4073,0.0,0.009999999776482582,1.856328010559082,0.12233257293701172,0.0012233257293701172,1,2,2
1067,576,577,0.0,0.009999999776482582,1.856328010559082,0.12233257293701172,0.0012233257293701172,1,2,2
1068,577,578,0.0,0.009999999776482582,1.5771962404251099,0.08245660364627838,0.0008245659992098808,1,2,2
1069,578,579,0.0,0.009999999776482582,1.5771962404251099,0.08245660364627838,0.0008245659992098808,1,2,2
1070,579,4074,0.0,0.009999999776482582,1.5505499839782715,0.07864999771118164,0.0007864999352023005,1,2,2
1071,580,4075,0.0,0.009999999776482582,3.440966844558716,0.3487095534801483,0.003487095469608903,1,4,4
1072,580,581,0.0,0.009999999776482582,1.9355976581573486,0.1336568146944046,0.001336568151600659,1,2,2
1073,581,582,0.0,0.009999999776482582,2.064289093017578,0.15204130113124847,0.0015204129740595818,1,3,3
1074,582,4072,0.0,0.009999999776482582,2.064289093017578,0.15204130113124847,0.0015204129740595818,1,3,3
1075,3213,4072,0.0,0.009999999776482582,1.9176621437072754,0.13109458982944489,0.0013109458377584815,1,2,2
1076,4072,4074,0.0,0.009999999776482582,1.4153045415878296,0.05932921916246414,0.0005932921776548028,1,2,2
1077,3213,4074,0.0,0.009999999776482582,1.9176621437072754,0.13109458982944489,0.0013109458377584815,1,2,2
1078,583,3213,0.0,0.009999999776482582,1.9176621437072754,0.13109458982944489,0.0013109458377584815,1,2,2
1079,584,585,0.0,0.009999999776482582,2.539796829223633,0.2199709713459015,0.0021997096482664347,1,3,3
1080,585,586,0.0,0.009999999776482582,2.539796829223633,0.2199709713459015,0.0021997096482664347,1,3,3
1081,586,587,0.0,0.009999999776482582,1.982651948928833,0.14037884771823883,0.001403788453899324,1,2,2
1082,587,4076,0.0,0.009999999776482582,1.982651948928833,0.14037884771823883,0.001403788453899324,1,2,2
1083,588,4076,0.0,0.009999999776482582,1.7460414171218872,0.10657734423875809,0.0010657734237611294,1,2,2
1084,588,589,0.0,0.009999999776482582,1.7460414171218872,0.10657734423875809,0.0010657734237611294,1,2,2
1085,3545,4078,0.0,0.009999999776482582,1.15928053855896,0.022754361853003502,0.00022754361270926893,1,2,2
1086,590,4078,0.0,0.009999999776482582,1.0618784427642822,0.008839777670800686,8.839777729008347e-05,1,2,2
1087,590,591,0.0,0.009999999776482582,1.0097498893737793,0.0013928413391113281,1.3928412954555824e-05,1,2,2
1088,592,593,0.0,0.009999999776482582,1.472027063369751,0.06743244081735611,0.0006743244011886418,1,2,2
1089,593,594,0.0,0.009999999776482582,1.1245750188827515,0.017796430736780167,0.00017796430620364845,1,2,2
1090,594,595,0.0,0.009999999776482582,1.2066314220428467,0.029518773779273033,0.00029518772498704493,1,2,2
1091,595,596,0.0,0.009999999776482582,1.5132194757461548,0.07331706583499908,0.0007331706583499908,1,2,2
1092,596,597,0.0,0.009999999776482582,1.720566987991333,0.10293813794851303,0.0010293814120814204,1,2,2
1093,597,4079,0.0,0.009999999776482582,1.720566987991333,0.10293813794851303,0.0010293814120814204,1,2,2
1094,598,4887,0.0,0.009999999776482582,3.572172164916992,0.3674531579017639,0.003674531588330865,1,4,4
1095,598,4112,0.0,0.009999999776482582,2.871814250946045,0.2674020230770111,0.002674020128324628,1,3,3
1096,3498,4112,0.0,0.009999999776482582,2.3731017112731934,0.19615738093852997,0.001961573725566268,1,3,3
1097,599,3561,0.0,0.009999999776482582,2.67909574508667,0.2398708164691925,0.002398708136752248,1,3,3
1098,599,3214,0.0,0.009999999776482582,1.660128116607666,0.09430401772260666,0.0009430401842109859,1,2,2
1099,3214,3561,0.0,0.009999999776482582,2.67909574508667,0.2398708164691925,0.002398708136752248,1,3,3
1100,600,4080,0.0,0.009999999776482582,1.749722957611084,0.10710328072309494,0.0010710328351706266,1,2,2
1101,600,601,0.0,0.009999999776482582,1.749722957611084,0.10710328072309494,0.0010710328351706266,1,2,2
1102,601,4080,0.0,0.009999999776482582,1.1519519090652466,0.02170741558074951,0.00021707414998672903,1,2,2
1103,602,4075,0.0,0.009999999776482582,3.440966844558716,0.3487095534801483,0.003487095469608903,1,4,4
1104,602,4074,0.0,0.009999999776482582,1.851477026939392,0.12163957208395004,0.0012163956416770816,1,2,2
1105,603,4074,0.0,0.009999999776482582,1.3807792663574219,0.054397039115428925,0.0005439703818410635,1,2,2
1106,603,4073,0.0,0.009999999776482582,1.6677298545837402,0.09538997709751129,0.0009538997546769679,1,2,2
1107,3843,4073,0.0,0.009999999776482582,2.675942897796631,0.23942041397094727,0.0023942040279507637,1,3,3
1108,3843,4079,0.0,0.009999999776482582,2.675942897796631,0.23942041397094727,0.0023942040279507637,1,3,3
1109,4075,4079,0.5,0.5049999952316284,3.440966844558716,0.3487095534801483,0.1760983169078827,5,4,20
1110,604,4075,0.0,0.009999999776482582,3.440966844558716,0.3487095534801483,0.003487095469608903,1,4,4
1111,604,4085,0.0,0.009999999776482582,1.242218017578125,0.0346025750041008,0.0003460257430560887,1,2,2
1112,3561,4085,0.0,0.009999999776482582,2.67909574508667,0.2398708164691925,0.002398708136752248,1,3,3
1113,3561,4498,0.0,0.009999999776482582,2.67909574508667,0.2398708164691925,0.002398708136752248,1,3,3
1114,4074,4498,0.0,0.009999999776482582,1.315285325050354,0.045040760189294815,0.0004504075914155692,1,2,2
1115,4074,4075,0.9999998807907104,0.9999998807907104,3.440966844558716,0.3487095534801483,0.3487095236778259,5,4,20
1116,605,3561,0.0,0.009999999776482582,2.67909574508667,0.2398708164691925,0.002398708136752248,1,3,3
1117,605,3215,0.0,0.009999999776482582,1.3093078136444092,0.04418683052062988,0.00044186829472891986,1,2,2
1118,3215,3561,0.0,0.009999999776482582,2.67909574508667,0.2398708164691925,0.002398708136752248,1,3,3
1119,3561,4074,0.0,0.009999999776482582,2.67909574508667,0.2398708164691925,0.002398708136752248,1,3,3
1120,606,4074,0.0,0.009999999776482582,1.2214438915252686,0.03163484111428261,0.0003163483925163746,1,2,2
1121,606,4079,0.0,0.009999999776482582,1.2214438915252686,0.03163484111428261,0.0003163483925163746,1,2,2
1122,4079,4116,0.0,0.009999999776482582,1.6572272777557373,0.09388960897922516,0.0009388960897922516,1,2,2
1123,3623,4116,0.0,0.009999999776482582,1.6572272777557373,0.09388960897922516,0.0009388960897922516,1,2,2
1124,3623,4075,0.0,0.009999999776482582,3.440966844558716,0.3487095534801483,0.003487095469608903,1,4,4
1125,607,4075,0.0,0.009999999776482582,3.440966844558716,0.3487095534801483,0.003487095469608903,1,4,4
1126,607,608,0.0,0.009999999776482582,1.2697926759719849,0.03854181244969368,0.00038541812682524323,1,2,2
1127,608,4075,0.0,0.009999999776482582,3.440966844558716,0.3487095534801483,0.003487095469608903,1,4,4
1128,3216,4075,0.0,0.009999999776482582,3.440966844558716,0.3487095534801483,0.003487095469608903,1,4,4
1129,3216,4079,0.0,0.009999999776482582,1.5220619440078735,0.07458027452230453,0.0007458027102984488,1,2,2
1130,4079,4081,0.0,0.009999999776482582,1.1053715944290161,0.015053085051476955,0.0001505308464402333,1,2,2
1131,4040,4081,0.0,0.009999999776482582,2.868265390396118,0.266895055770874,0.0026689504738897085,1,3,3
1132,4075,4085,0.0,0.009999999776482582,3.440966844558716,0.3487095534801483,0.003487095469608903,1,4,4
1133,4085,4116,0.0,0.009999999776482582,1.6572272777557373,0.09388960897922516,0.0009388960897922516,1,2,2
1134,4075,4116,0.0,0.009999999776482582,3.440966844558716,0.3487095534801483,0.003487095469608903,1,4,4
1135,609,4075,0.0,0.009999999776482582,3.440966844558716,0.3487095534801483,0.003487095469608903,1,4,4
1136,609,4074,0.0,0.009999999776482582,1.1260173320770264,0.018002476543188095,0.0001800247555365786,1,2,2
1137,610,4074,0.0,0.009999999776482582,1.2649552822113037,0.0378507561981678,0.0003785075678024441,1,2,2
1138,610,3843,0.0,0.009999999776482582,2.675942897796631,0.23942041397094727,0.0023942040279507637,1,3,3
1139,3216,3843,0.0,0.009999999776482582,2.675942897796631,0.23942041397094727,0.0023942040279507637,1,3,3
1140,611,3216,0.0,0.009999999776482582,1.5220619440078735,0.07458027452230453,0.0007458027102984488,1,2,2
1141,611,3215,0.0,0.009999999776482582,1.376509666442871,0.05378709360957146,0.0005378709174692631,1,2,2
1142,3215,4498,0.0,0.009999999776482582,1.315285325050354,0.045040760189294815,0.0004504075914155692,1,2,2
1143,4079,4498,0.0,0.009999999776482582,1.315285325050354,0.045040760189294815,0.0004504075914155692,1,2,2
1144,612,4083,0.0,0.009999999776482582,2.7500343322753906,0.25000491738319397,0.0025000490713864565,1,3,3
1145,612,613,0.0,0.009999999776482582,1.752652645111084,0.10752180963754654,0.0010752180824056268,1,2,2
1146,613,614,0.0,0.009999999776482582,1.5661101341247559,0.08087287843227386,0.0008087287424132228,1,2,2
1147,615,616,0.0,0.009999999776482582,1.327150583267212,0.046735797077417374,0.00046735795331187546,1,2,2
1148,616,617,0.0,0.009999999776482582,1.9726694822311401,0.13895277678966522,0.0013895276933908463,1,2,2
1149,617,3675,0.0,0.009999999776482582,5.481402397155762,0.6402003169059753,0.006402003113180399,1,6,6
1150,618,3824,0.0,0.009999999776482582,1.805631399154663,0.11509019881486893,0.0011509020114317536,1,2,2
1151,618,619,0.0,0.009999999776482582,1.2306519746780396,0.03295028209686279,0.00032950280001387,1,2,2
1152,619,3917,0.0,0.009999999776482582,1.5898680686950684,0.08426686376333237,0.0008426686399616301,1,2,2
1153,620,4074,0.0,0.009999999776482582,1.1260173320770264,0.018002476543188095,0.0001800247555365786,1,2,2
1154,620,4075,0.0,0.009999999776482582,3.440966844558716,0.3487095534801483,0.003487095469608903,1,4,4
1155,3545,4075,0.9999998807907104,0.9999998807907104,3.440966844558716,0.3487095534801483,0.3487095236778259,5,4,20
1156,3545,4074,0.5,0.5049999952316284,1.15928053855896,0.022754361853003502,0.011490952223539352,5,2,10
1157,621,4075,0.0,0.009999999776482582,3.440966844558716,0.3487095534801483,0.003487095469608903,1,4,4
1158,621,4086,0.0,0.009999999776482582,1.2428040504455566,0.034686293452978134,0.00034686291473917663,1,2,2
1159,4075,4086,0.0,0.009999999776482582,3.440966844558716,0.3487095534801483,0.003487095469608903,1,4,4
1160,622,3545,0.0,0.009999999776482582,1.5420622825622559,0.07743746787309647,0.0007743746391497552,1,2,2
1161,622,4075,0.0,0.009999999776482582,3.440966844558716,0.3487095534801483,0.003487095469608903,1,4,4
1162,4075,4091,0.5,0.5049999952316284,3.440966844558716,0.3487095534801483,0.1760983169078827,5,4,20
1163,623,4091,0.0,0.009999999776482582,1.194974660873413,0.027853522449731827,0.00027853521169163287,1,2,2
1164,623,4075,0.0,0.009999999776482582,3.440966844558716,0.3487095534801483,0.003487095469608903,1,4,4
1165,4075,4888,0.0,0.009999999776482582,3.440966844558716,0.3487095534801483,0.003487095469608903,1,4,4
1166,624,4888,0.0,0.009999999776482582,1.2105052471160889,0.030072178691625595,0.0003007217892445624,1,2,2
1167,624,4075,0.0,0.009999999776482582,3.440966844558716,0.3487095534801483,0.003487095469608903,1,4,4
1168,4075,4523,0.9999998807907104,0.9999998807907104,3.440966844558716,0.3487095534801483,0.3487095236778259,5,4,20
1169,625,4523,0.0,0.009999999776482582,1.1738637685775757,0.024837682023644447,0.0002483768039382994,1,2,2
1170,625,4075,0.0,0.009999999776482582,3.440966844558716,0.3487095534801483,0.003487095469608903,1,4,4
1171,626,3545,0.0,0.009999999776482582,1.3357150554656982,0.04795929417014122,0.0004795929417014122,1,2,2
1172,626,4523,0.0,0.009999999776482582,1.3357150554656982,0.04795929417014122,0.0004795929417014122,1,2,2
1173,4075,4081,0.5,0.5049999952316284,3.440966844558716,0.3487095534801483,0.1760983169078827,5,4,20
1174,627,4081,0.0,0.009999999776482582,1.1053715944290161,0.015053085051476955,0.0001505308464402333,1,2,2
1175,627,4075,0.0,0.009999999776482582,3.440966844558716,0.3487095534801483,0.003487095469608903,1,4,4
1176,628,3545,0.0,0.009999999776482582,1.2325565814971924,0.033222369849681854,0.0003322236880194396,1,2,2
1177,628,4091,0.0,0.009999999776482582,1.2325565814971924,0.033222369849681854,0.0003322236880194396,1,2,2
1178,629,4075,0.0,0.009999999776482582,3.440966844558716,0.3487095534801483,0.003487095469608903,1,4,4
1179,629,630,0.0,0.009999999776482582,1.3550018072128296,0.05071454495191574,0.0005071454215794802,1,2,2
1180,630,4075,0.0,0.009999999776482582,3.440966844558716,0.3487095534801483,0.003487095469608903,1,4,4
1181,631,4075,0.0,0.009999999776482582,3.440966844558716,0.3487095534801483,0.003487095469608903,1,4,4
1182,631,3545,0.0,0.009999999776482582,1.2253557443618774,0.03219367936253548,0.00032193679362535477,1,2,2
1183,632,3726,0.0,0.009999999776482582,2.122671604156494,0.16038165986537933,0.0016038165194913745,1,3,3
1184,632,633,0.0,0.009999999776482582,3.248713493347168,0.3212447762489319,0.0032124477438628674,1,4,4
1185,633,3627,0.0,0.009999999776482582,3.248713493347168,0.3212447762489319,0.0032124477438628674,1,4,4
1186,3627,3630,0.0,0.009999999776482582,1.7199723720550537,0.1028531938791275,0.0010285319294780493,1,2,2
1187,634,3630,0.0,0.009999999776482582,2.0944323539733887,0.15634748339653015,0.0015634747687727213,1,3,3
1188,634,3894,0.0,0.009999999776482582,2.0944323539733887,0.15634748339653015,0.0015634747687727213,1,3,3
1189,3554,3894,0.0,0.009999999776482582,1.781631588935852,0.11166165769100189,0.001116616535000503,1,2,2
1190,635,4074,0.0,0.009999999776482582,1.3224420547485352,0.046063151210546494,0.0004606315051205456,1,2,2
1191,635,636,0.0,0.009999999776482582,1.3224420547485352,0.046063151210546494,0.0004606315051205456,1,2,2
1192,636,637,0.0,0.009999999776482582,1.3567105531692505,0.050958652049303055,0.0005095865344628692,1,2,2
1193,637,638,0.0,0.009999999776482582,1.3723666667938232,0.05319523811340332,0.0005319523625075817,1,2,2
1194,639,4081,0.0,0.009999999776482582,1.1053715944290161,0.015053085051476955,0.0001505308464402333,1,2,2
1195,639,4075,0.0,0.009999999776482582,3.440966844558716,0.3487095534801483,0.003487095469608903,1,4,4
1196,640,4075,0.0,0.009999999776482582,3.440966844558716,0.3487095534801483,0.003487095469608903,1,4,4
1197,640,641,0.0,0.009999999776482582,1.2700717449188232,0.03858167678117752,0.0003858167619910091,1,2,2
1198,641,4075,0.0,0.009999999776482582,3.440966844558716,0.3487095534801483,0.003487095469608903,1,4,4
1199,642,4075,0.0,0.009999999776482582,3.440966844558716,0.3487095534801483,0.003487095469608903,1,4,4
1200,642,643,0.0,0.009999999776482582,1.2382999658584595,0.034042853862047195,0.0003404285234864801,1,2,2
1201,643,4075,0.0,0.009999999776482582,3.440966844558716,0.3487095534801483,0.003487095469608903,1,4,4
1202,644,4075,0.0,0.009999999776482582,3.440966844558716,0.3487095534801483,0.003487095469608903,1,4,4
1203,644,645,0.0,0.009999999776482582,1.1966431140899658,0.028091873973608017,0.000280918728094548,1,2,2
1204,645,4075,0.0,0.009999999776482582,3.440966844558716,0.3487095534801483,0.003487095469608903,1,4,4
1205,646,4075,0.0,0.009999999776482582,3.440966844558716,0.3487095534801483,0.003487095469608903,1,4,4
1206,646,647,0.0,0.009999999776482582,1.5082783699035645,0.07261119782924652,0.0007261119899339974,1,2,2
1207,647,4523,0.0,0.009999999776482582,1.5082783699035645,0.07261119782924652,0.0007261119899339974,1,2,2
1208,4075,4090,0.0,0.009999999776482582,3.440966844558716,0.3487095534801483,0.003487095469608903,1,4,4
1209,4081,4090,0.0,0.009999999776482582,1.7207084894180298,0.10295835882425308,0.001029583509080112,1,2,2
1210,3545,4091,0.0,0.009999999776482582,1.15928053855896,0.022754361853003502,0.00022754361270926893,1,2,2
1211,648,4075,0.0,0.009999999776482582,3.440966844558716,0.3487095534801483,0.003487095469608903,1,4,4
1212,648,649,0.0,0.009999999776482582,1.2764027118682861,0.039486102759838104,0.00039486101013608277,1,2,2
1213,649,4075,0.0,0.009999999776482582,3.440966844558716,0.3487095534801483,0.003487095469608903,1,4,4
1214,650,4075,0.0,0.009999999776482582,3.440966844558716,0.3487095534801483,0.003487095469608903,1,4,4
1215,650,651,0.0,0.009999999776482582,1.2247087955474854,0.03210125491023064,0.0003210125432815403,1,2,2
1216,651,4075,0.0,0.009999999776482582,3.440966844558716,0.3487095534801483,0.003487095469608903,1,4,4
1217,652,4075,0.0,0.009999999776482582,3.440966844558716,0.3487095534801483,0.003487095469608903,1,4,4
1218,652,4523,0.0,0.009999999776482582,1.2150996923446655,0.030728528276085854,0.00030728528508916497,1,2,2
1219,653,4075,0.0,0.009999999776482582,3.440966844558716,0.3487095534801483,0.003487095469608903,1,4,4
1220,653,654,0.0,0.009999999776482582,1.117628574371338,0.016804082319140434,0.00016804081678856164,1,2,2
1221,654,4075,0.0,0.009999999776482582,3.440966844558716,0.3487095534801483,0.003487095469608903,1,4,4
1222,655,4473,0.0,0.009999999776482582,2.0848231315612793,0.15497472882270813,0.0015497473068535328,1,3,3
1223,655,656,0.0,0.009999999776482582,2.0430619716644287,0.1490088552236557,0.0014900885289534926,1,3,3
1224,656,657,0.0,0.009999999776482582,2.0430619716644287,0.1490088552236557,0.0014900885289534926,1,3,3
1225,657,658,0.0,0.009999999776482582,1.7083604335784912,0.1011943444609642,0.001011943444609642,1,2,2
1226,659,3547,0.0,0.009999999776482582,3.9574532508850098,0.4224933087825775,0.004224933218210936,1,4,4
1227,659,4092,0.0,0.009999999776482582,3.9574532508850098,0.4224933087825775,0.004224933218210936,1,4,4
1228,4020,4092,0.0,0.009999999776482582,3.0208048820495605,0.2886864244937897,0.002886864123865962,1,4,4
1229,660,3841,0.0,0.009999999776482582,2.1454827785491943,0.16364039480686188,0.0016364039620384574,1,3,3
1230,661,3841,0.0,0.009999999776482582,2.1961050033569336,0.17087213695049286,0.0017087212763726711,1,3,3
1231,661,662,0.0,0.009999999776482582,2.441234588623047,0.20589065551757812,0.0020589064806699753,1,3,3
1232,662,3879,0.0,0.009999999776482582,2.441234588623047,0.20589065551757812,0.0020589064806699753,1,3,3
1233,663,3879,0.0,0.009999999776482582,2.4210643768310547,0.2030092030763626,0.0020300920587033033,1,3,3
1234,663,664,0.0,0.009999999776482582,1.4713820219039917,0.06734029203653336,0.0006734029157087207,1,2,2
1235,664,3451,0.0,0.009999999776482582,2.187114715576172,0.16958782076835632,0.0016958782216534019,1,3,3
1236,665,3451,0.0,0.009999999776482582,2.187114715576172,0.16958782076835632,0.0016958782216534019,1,3,3
1237,665,666,0.0,0.009999999776482582,1.8220165967941284,0.11743094027042389,0.0011743094073608518,1,2,2
1238,666,3530,0.0,0.009999999776482582,2.781860828399658,0.25455155968666077,0.002545515540987253,1,3,3
1239,667,4020,0.0,0.009999999776482582,3.0208048820495605,0.2886864244937897,0.002886864123865962,1,4,4
1240,667,668,0.0,0.009999999776482582,2.1346161365509033,0.16208802163600922,0.0016208802117034793,1,3,3
1241,668,669,0.0,0.009999999776482582,2.073554515838623,0.15336492657661438,0.0015336492797359824,1,3,3
1242,669,3552,0.0,0.009999999776482582,3.293243408203125,0.327606201171875,0.0032760619651526213,1,4,4
1243,670,671,0.0,0.009999999776482582,1.5784170627593994,0.08263100683689117,0.000826310075353831,1,2,2
1244,671,672,0.0,0.009999999776482582,2.855454921722412,0.2650649845600128,0.0026506497524678707,1,3,3
1245,672,4020,0.0,0.009999999776482582,3.0208048820495605,0.2886864244937897,0.002886864123865962,1,4,4
1246,3626,3636,0.0,0.009999999776482582,6.962948799133301,0.8518498539924622,0.00851849839091301,1,7,7
1247,673,3626,0.0,0.009999999776482582,2.7448391914367676,0.249262735247612,0.0024926273617893457,1,3,3
1248,673,674,0.0,0.009999999776482582,2.7448391914367676,0.249262735247612,0.0024926273617893457,1,3,3
1249,674,3465,0.0,0.009999999776482582,2.602825880050659,0.22897513210773468,0.002289751311764121,1,3,3
1250,3565,4062,0.5,0.5049999952316284,4.425342559814453,0.4893346428871155,0.24711398780345917,5,5,25
1251,3810,4062,0.0,0.009999999776482582,2.5108585357666016,0.21583692729473114,0.002158369170501828,1,3,3
1252,3810,3918,0.0,0.009999999776482582,2.5853734016418457,0.22648191452026367,0.0022648191079497337,1,3,3
1253,3663,3764,0.0,0.009999999776482582,2.279628276824951,0.18280403316020966,0.0018280403455719352,1,3,3
1254,3764,4101,0.0,0.009999999776482582,2.279628276824951,0.18280403316020966,0.0018280403455719352,1,3,3
1255,3663,4101,0.9999998807907104,0.9999998807907104,1.9143092632293701,0.13061560690402985,0.13061559200286865,5,2,10
1256,3663,4094,0.5,0.5049999952316284,1.8313546180725098,0.11876494437456131,0.05997629463672638,5,2,10
1257,4094,4733,0.0,0.009999999776482582,2.5029897689819336,0.21471282839775085,0.002147128339856863,1,3,3
1258,3521,4733,0.0,0.009999999776482582,2.5029897689819336,0.21471282839775085,0.002147128339856863,1,3,3
1259,3521,3917,0.0,0.009999999776482582,1.6541974544525146,0.09345678240060806,0.0009345678263343871,1,2,2
1260,4101,4733,0.0,0.009999999776482582,2.5029897689819336,0.21471282839775085,0.002147128339856863,1,3,3
1261,675,4733,0.0,0.009999999776482582,2.5029897689819336,0.21471282839775085,0.002147128339856863,1,3,3
1262,675,3663,0.0,0.009999999776482582,1.8313546180725098,0.11876494437456131,0.0011876494390890002,1,2,2
1263,676,677,0.0,0.009999999776482582,1.2101829051971436,0.030026128515601158,0.0003002612793352455,1,2,2
1264,677,678,0.0,0.009999999776482582,1.6858811378479004,0.09798301756381989,0.0009798301616683602,1,2,2
1265,678,679,0.0,0.009999999776482582,1.6858811378479004,0.09798301756381989,0.0009798301616683602,1,2,2
1266,680,4771,0.0,0.009999999776482582,2.4894847869873047,0.212783545255661,0.0021278352942317724,1,3,3
1267,681,4771,0.0,0.009999999776482582,2.4894847869873047,0.212783545255661,0.0021278352942317724,1,3,3
1268,681,3861,0.0,0.009999999776482582,2.6270627975463867,0.23243753612041473,0.0023243753239512444,1,3,3
1269,682,3861,0.0,0.009999999776482582,2.6270627975463867,0.23243753612041473,0.0023243753239512444,1,3,3
1270,682,4771,0.0,0.009999999776482582,2.4894847869873047,0.212783545255661,0.0021278352942317724,1,3,3
1271,3573,4771,0.0,0.009999999776482582,2.9377317428588867,0.27681881189346313,0.002768188016489148,1,3,3
1272,683,4095,0.0,0.009999999776482582,3.0301928520202637,0.29002755880355835,0.0029002756346017122,1,4,4
1273,683,684,0.0,0.009999999776482582,3.0301928520202637,0.29002755880355835,0.0029002756346017122,1,4,4
1274,684,685,0.0,0.009999999776482582,1.842619776725769,0.12037425488233566,0.0012037425767630339,1,2,2
1275,3779,3793,0.0,0.009999999776482582,2.6623306274414062,0.23747579753398895,0.0023747580125927925,1,3,3
1276,3568,3941,0.9999998807907104,0.9999998807907104,1.6520072221755981,0.09314388781785965,0.09314388036727905,5,2,10
1277,686,3779,0.0,0.009999999776482582,2.6623306274414062,0.23747579753398895,0.0023747580125927925,1,3,3
1278,686,3568,0.0,0.009999999776482582,1.443695068359375,0.063385009765625,0.0006338501116260886,1,2,2
1279,3572,3956,0.0,0.009999999776482582,4.671915531158447,0.5245593786239624,0.0052455938421189785,1,5,5
1280,3956,4099,0.0,0.009999999776482582,2.0058460235595703,0.143692284822464,0.0014369228156283498,1,3,3
1281,3572,4099,0.0,0.009999999776482582,4.671915531158447,0.5245593786239624,0.0052455938421189785,1,5,5
1282,3568,3779,0.0,0.009999999776482582,2.6623306274414062,0.23747579753398895,0.0023747580125927925,1,3,3
1283,687,3572,0.0,0.009999999776482582,4.671915531158447,0.5245593786239624,0.0052455938421189785,1,5,5
1284,687,3956,0.0,0.009999999776482582,2.083179473876953,0.15473993122577667,0.0015473993262276053,1,3,3
1285,3956,4096,0.0,0.009999999776482582,1.7916450500488281,0.11309214681386948,0.0011309214169159532,1,2,2
1286,688,3860,0.0,0.009999999776482582,2.3164031505584717,0.18805758655071259,0.001880575786344707,1,3,3
1287,688,689,0.0,0.009999999776482582,2.880113363265991,0.2685876190662384,0.0026858760975301266,1,3,3
1288,689,4097,0.0,0.009999999776482582,2.880113363265991,0.2685876190662384,0.0026858760975301266,1,3,3
1289,3779,4098,0.0,0.009999999776482582,2.6623306274414062,0.23747579753398895,0.0023747580125927925,1,3,3
1290,3640,4098,0.0,0.009999999776482582,2.0588576793670654,0.15126538276672363,0.0015126537764444947,1,3,3
1291,3640,3860,0.5,0.5049999952316284,2.1577115058898926,0.165387362241745,0.08352061361074448,5,3,15
1292,690,3572,0.0,0.009999999776482582,4.671915531158447,0.5245593786239624,0.0052455938421189785,1,5,5
1293,690,4099,0.0,0.009999999776482582,2.0058460235595703,0.143692284822464,0.0014369228156283498,1,3,3
1294,3941,4099,0.0,0.009999999776482582,2.0058460235595703,0.143692284822464,0.0014369228156283498,1,3,3
1295,691,3572,0.0,0.009999999776482582,4.671915531158447,0.5245593786239624,0.0052455938421189785,1,5,5
1296,691,692,0.0,0.009999999776482582,2.819033622741699,0.25986194610595703,0.002598619321361184,1,3,3
1297,692,3572,0.0,0.009999999776482582,4.671915531158447,0.5245593786239624,0.0052455938421189785,1,5,5
1298,3450,3779,0.9999998807907104,0.9999998807907104,2.6623306274414062,0.23747579753398895,0.23747576773166656,5,3,15
1299,693,3450,0.0,0.009999999776482582,1.488383412361145,0.06976906210184097,0.0006976905860938132,1,2,2
1300,693,4259,0.0,0.009999999776482582,1.988295316696167,0.14118504524230957,0.0014118504477664828,1,2,2
1301,3593,4259,0.0,0.009999999776482582,7.000628471374512,0.8572326302528381,0.00857232604175806,1,8,8
1302,694,4088,0.0,0.009999999776482582,2.0447633266448975,0.14925190806388855,0.0014925190480425954,1,3,3
1303,694,4039,0.0,0.009999999776482582,2.221536636352539,0.17450523376464844,0.0017450522864237428,1,3,3
1304,3918,4039,0.0,0.009999999776482582,2.5853734016418457,0.22648191452026367,0.0022648191079497337,1,3,3
1305,4101,4102,0.0,0.009999999776482582,2.452547788619995,0.20750682055950165,0.002075068186968565,1,3,3
1306,3663,4102,0.0,0.009999999776482582,2.452547788619995,0.20750682055950165,0.002075068186968565,1,3,3
1307,4101,4121,0.0,0.009999999776482582,1.9143092632293701,0.13061560690402985,0.001306156045757234,1,2,2
1308,3810,4101,0.0,0.009999999776482582,2.5108585357666016,0.21583692729473114,0.002158369170501828,1,3,3
1309,3521,3810,0.0,0.009999999776482582,2.5108585357666016,0.21583692729473114,0.002158369170501828,1,3,3
1310,3521,3663,0.5,0.5049999952316284,1.8313546180725098,0.11876494437456131,0.05997629463672638,5,2,10
1311,4094,4101,0.0,0.009999999776482582,1.9143092632293701,0.13061560690402985,0.001306156045757234,1,2,2
1312,3521,4121,0.0,0.009999999776482582,1.8563923835754395,0.12234176695346832,0.0012234176974743605,1,2,2
1313,3521,4102,0.0,0.009999999776482582,2.452547788619995,0.20750682055950165,0.002075068186968565,1,3,3
1314,4022,4101,0.5,0.5049999952316284,2.452261447906494,0.20746591687202454,0.10477028787136078,5,3,15
1315,3760,3894,0.0,0.009999999776482582,2.472081184387207,0.21029731631278992,0.002102973172441125,1,3,3
1316,3471,3894,0.0,0.009999999776482582,2.679168701171875,0.2398812472820282,0.0023988124448806047,1,3,3
1317,3471,3760,0.0,0.009999999776482582,2.679168701171875,0.2398812472820282,0.0023988124448806047,1,3,3
1318,3760,4103,0.0,0.009999999776482582,2.472081184387207,0.21029731631278992,0.002102973172441125,1,3,3
1319,695,4103,0.0,0.009999999776482582,1.9242687225341797,0.13203838467597961,0.0013203838607296348,1,2,2
1320,695,3726,0.0,0.009999999776482582,2.122671604156494,0.16038165986537933,0.0016038165194913745,1,3,3
1321,3451,3920,0.0,0.009999999776482582,2.187114715576172,0.16958782076835632,0.0016958782216534019,1,3,3
1322,3859,3920,0.0,0.009999999776482582,2.9153432846069336,0.27362045645713806,0.0027362045366317034,1,3,3
1323,3859,4104,0.0,0.009999999776482582,2.9153432846069336,0.27362045645713806,0.0027362045366317034,1,3,3
1324,696,4104,0.0,0.009999999776482582,2.636681318283081,0.233811616897583,0.002338116057217121,1,3,3
1325,696,3917,0.0,0.009999999776482582,2.636681318283081,0.233811616897583,0.002338116057217121,1,3,3
1326,3917,3920,0.0,0.009999999776482582,2.04673171043396,0.14953310787677765,0.001495331060141325,1,3,3
1327,697,3920,0.0,0.009999999776482582,2.04673171043396,0.14953310787677765,0.001495331060141325,1,3,3
1328,697,698,0.0,0.009999999776482582,1.3761088848114014,0.053729839622974396,0.0005372983869165182,1,2,2
1329,698,4105,0.0,0.009999999776482582,1.2699227333068848,0.03856039047241211,0.00038560389657504857,1,2,2
1330,699,700,0.0,0.009999999776482582,1.560937762260437,0.08013396710157394,0.0008013396291062236,1,2,2
1331,700,701,0.0,0.009999999776482582,1.560937762260437,0.08013396710157394,0.0008013396291062236,1,2,2
1332,701,702,0.0,0.009999999776482582,1.7728434801101685,0.11040621250867844,0.0011040620738640428,1,2,2
1333,702,3726,0.0,0.009999999776482582,2.122671604156494,0.16038165986537933,0.0016038165194913745,1,3,3
1334,703,3920,0.0,0.009999999776482582,2.04673171043396,0.14953310787677765,0.001495331060141325,1,3,3
1335,703,3627,0.0,0.009999999776482582,1.9975225925445557,0.14250323176383972,0.0014250322710722685,1,2,2
1336,704,3627,0.0,0.009999999776482582,1.5118651390075684,0.07312358915805817,0.0007312358939088881,1,2,2
1337,704,705,0.0,0.009999999776482582,1.3981029987335205,0.05687185749411583,0.0005687185912393034,1,2,2
1338,705,3760,0.0,0.009999999776482582,2.472081184387207,0.21029731631278992,0.002102973172441125,1,3,3
1339,706,3760,0.0,0.009999999776482582,2.472081184387207,0.21029731631278992,0.002102973172441125,1,3,3
1340,706,707,0.0,0.009999999776482582,2.296139717102051,0.18516281247138977,0.0018516280688345432,1,3,3
1341,707,708,0.0,0.009999999776482582,1.8745250701904297,0.12493215501308441,0.0012493215035647154,1,2,2
1342,708,3920,0.0,0.009999999776482582,2.04673171043396,0.14953310787677765,0.001495331060141325,1,3,3
1343,3760,3920,0.0,0.009999999776482582,2.472081184387207,0.21029731631278992,0.002102973172441125,1,3,3
1344,3760,3895,0.0,0.009999999776482582,2.827011823654175,0.26100167632102966,0.0026100166141986847,1,3,3
1345,709,3895,0.0,0.009999999776482582,2.827011823654175,0.26100167632102966,0.0026100166141986847,1,3,3
1346,709,3760,0.0,0.009999999776482582,2.472081184387207,0.21029731631278992,0.002102973172441125,1,3,3
1347,710,3689,0.0,0.009999999776482582,1.338421106338501,0.04834587126970291,0.00048345871618948877,1,2,2
1348,710,711,0.0,0.009999999776482582,1.4874005317687988,0.06962864845991135,0.0006962864426895976,1,2,2
1349,711,4020,0.0,0.009999999776482582,3.0208048820495605,0.2886864244937897,0.002886864123865962,1,4,4
1350,712,4079,0.0,0.009999999776482582,1.3506639003753662,0.0500948429107666,0.0005009484011679888,1,2,2
1351,712,713,0.0,0.009999999776482582,1.755836009979248,0.10797657072544098,0.0010797657305374742,1,2,2
1352,713,714,0.0,0.009999999776482582,1.755836009979248,0.10797657072544098,0.0010797657305374742,1,2,2
1353,714,4074,0.0,0.009999999776482582,1.616180419921875,0.0880257710814476,0.0008802576921880245,1,2,2
1354,715,4074,0.0,0.009999999776482582,1.2686800956726074,0.038382869213819504,0.00038382867933250964,1,2,2
1355,715,716,0.0,0.009999999776482582,1.348633885383606,0.04980484023690224,0.000498048379085958,1,2,2
1356,717,4111,0.0,0.009999999776482582,1.637238621711731,0.09103409200906754,0.0009103409247472882,1,2,2
1357,717,3874,0.0,0.009999999776482582,2.2359402179718018,0.17656289041042328,0.0017656288109719753,1,3,3
1358,718,3874,0.0,0.009999999776482582,2.2359402179718018,0.17656289041042328,0.0017656288109719753,1,3,3
1359,719,4111,0.0,0.009999999776482582,1.637238621711731,0.09103409200906754,0.0009103409247472882,1,2,2
1360,719,720,0.0,0.009999999776482582,1.6272872686386108,0.08961246907711029,0.0008961246930994093,1,2,2
1361,720,4111,0.0,0.009999999776482582,1.637238621711731,0.09103409200906754,0.0009103409247472882,1,2,2
1362,721,722,0.0,0.009999999776482582,1.9010298252105713,0.1287185400724411,0.0012871853541582823,1,2,2
1363,722,3597,0.0,0.009999999776482582,1.9929697513580322,0.14185282588005066,0.0014185282634571195,1,2,2
1364,3482,3597,0.0,0.009999999776482582,2.407444953918457,0.20106355845928192,0.0020106355659663677,1,3,3
1365,4062,4089,0.0,0.009999999776482582,3.1771481037139893,0.3110211491584778,0.003110211342573166,1,4,4
1366,3565,4089,0.0,0.009999999776482582,4.425342559814453,0.4893346428871155,0.004893346223980188,1,5,5
1367,723,4051,0.0,0.009999999776482582,1.5567395687103271,0.07953422516584396,0.0007953422609716654,1,2,2
1368,723,3521,0.0,0.009999999776482582,1.6541974544525146,0.09345678240060806,0.0009345678263343871,1,2,2
1369,724,3521,0.0,0.009999999776482582,1.6541974544525146,0.09345678240060806,0.0009345678263343871,1,2,2
1370,725,4020,0.0,0.009999999776482582,3.0208048820495605,0.2886864244937897,0.002886864123865962,1,4,4
1371,725,726,0.0,0.009999999776482582,3.2718727588653564,0.3245532512664795,0.003245532512664795,1,4,4
1372,726,3532,0.0,0.009999999776482582,3.976273536682129,0.42518192529678345,0.0042518191039562225,1,4,4
1373,727,3532,0.0,0.009999999776482582,3.976273536682129,0.42518192529678345,0.0042518191039562225,1,4,4
1374,727,728,0.0,0.009999999776482582,2.129103660583496,0.16130052506923676,0.0016130051808431745,1,3,3
1375,728,3217,0.0,0.009999999776482582,2.129103660583496,0.16130052506923676,0.0016130051808431745,1,3,3
1376,3218,4889,0.0,0.009999999776482582,1.6150968074798584,0.08787097036838531,0.0008787096594460309,1,2,2
1377,729,3218,0.0,0.009999999776482582,1.6150968074798584,0.08787097036838531,0.0008787096594460309,1,2,2
1378,729,4889,0.0,0.009999999776482582,1.5199248790740967,0.07427497953176498,0.0007427497766911983,1,2,2
1379,4889,4890,0.0,0.009999999776482582,1.2605904340744019,0.03722720593214035,0.00037227204302325845,1,2,2
1380,4770,4890,0.0,0.009999999776482582,2.6022255420684814,0.2288893610239029,0.0022888935636729,1,3,3
1381,4770,4889,0.0,0.009999999776482582,2.6022255420684814,0.2288893610239029,0.0022888935636729,1,3,3
1382,730,4889,0.0,0.009999999776482582,1.2605904340744019,0.03722720593214035,0.00037227204302325845,1,2,2
1383,730,731,0.0,0.009999999776482582,2.1503424644470215,0.16433463990688324,0.0016433463897556067,1,3,3
1384,731,3218,0.0,0.009999999776482582,2.1503424644470215,0.16433463990688324,0.0016433463897556067,1,3,3
1385,3218,4890,0.0,0.009999999776482582,1.6150968074798584,0.08787097036838531,0.0008787096594460309,1,2,2
1386,3472,4889,0.0,0.009999999776482582,1.9964916706085205,0.14235594868659973,0.001423559500835836,1,2,2
1387,732,3518,0.0,0.009999999776482582,1.9950776100158691,0.14215394854545593,0.001421539462171495,1,2,2
1388,733,3518,0.0,0.009999999776482582,2.489790201187134,0.2128271758556366,0.0021282716188579798,1,3,3
1389,733,734,0.0,0.009999999776482582,2.489790201187134,0.2128271758556366,0.0021282716188579798,1,3,3
1390,734,4114,0.0,0.009999999776482582,1.4526804685592651,0.06466864049434662,0.0006466864142566919,1,2,2
1391,735,4114,0.0,0.009999999776482582,3.924163579940796,0.4177376627922058,0.004177376627922058,1,4,4
1392,735,4115,0.0,0.009999999776482582,3.924163579940796,0.4177376627922058,0.004177376627922058,1,4,4
1393,736,4108,0.0,0.009999999776482582,2.0125088691711426,0.1446441262960434,0.0014464412815868855,1,3,3
1394,736,3219,0.0,0.009999999776482582,2.0125088691711426,0.1446441262960434,0.0014464412815868855,1,3,3
1395,3219,4108,0.0,0.009999999776482582,1.3732349872589111,0.053319282829761505,0.0005331928259693086,1,2,2
1396,737,3529,0.0,0.009999999776482582,2.1059584617614746,0.15799406170845032,0.001579940551891923,1,3,3
1397,738,3529,0.0,0.009999999776482582,2.045538902282715,0.1493626981973648,0.0014936269726604223,1,3,3
1398,738,739,0.0,0.009999999776482582,1.4408416748046875,0.0629773810505867,0.0006297737709246576,1,2,2
1399,740,3471,0.0,0.009999999776482582,2.679168701171875,0.2398812472820282,0.0023988124448806047,1,3,3
1400,740,741,0.0,0.009999999776482582,1.3281402587890625,0.0468771792948246,0.00046877178829163313,1,2,2
1401,741,742,0.0,0.009999999776482582,1.2096614837646484,0.029951641336083412,0.00029951639589853585,1,2,2
1402,742,743,0.0,0.009999999776482582,1.2389568090438843,0.034136686474084854,0.00034136686008423567,1,2,2
1403,744,3451,0.0,0.009999999776482582,3.660620927810669,0.3800887167453766,0.0038008871488273144,1,4,4
1404,744,745,0.0,0.009999999776482582,3.660620927810669,0.3800887167453766,0.0038008871488273144,1,4,4
1405,745,746,0.0,0.009999999776482582,2.5605645179748535,0.22293779253959656,0.0022293778602033854,1,3,3
1406,746,3451,0.0,0.009999999776482582,2.5605645179748535,0.22293779253959656,0.0022293778602033854,1,3,3
1407,747,3760,0.0,0.009999999776482582,2.472081184387207,0.21029731631278992,0.002102973172441125,1,3,3
1408,747,748,0.0,0.009999999776482582,2.575087547302246,0.22501251101493835,0.002250125166028738,1,3,3
1409,748,3879,0.0,0.009999999776482582,2.575087547302246,0.22501251101493835,0.002250125166028738,1,3,3
1410,749,3451,0.0,0.009999999776482582,2.289081573486328,0.18415451049804688,0.0018415451049804688,1,3,3
1411,749,750,0.0,0.009999999776482582,2.289081573486328,0.18415451049804688,0.0018415451049804688,1,3,3
1412,750,3554,0.0,0.009999999776482582,1.9365220069885254,0.1337888538837433,0.00133788853418082,1,2,2
1413,751,3779,0.0,0.009999999776482582,2.6623306274414062,0.23747579753398895,0.0023747580125927925,1,3,3
1414,751,752,0.0,0.009999999776482582,1.0009655952453613,0.0001379421737510711,1.379421746605658e-06,1,2,2
1415,752,3779,0.0,0.009999999776482582,2.6623306274414062,0.23747579753398895,0.0023747580125927925,1,3,3
1416,753,3779,0.0,0.009999999776482582,2.6623306274414062,0.23747579753398895,0.0023747580125927925,1,3,3
1417,753,4119,0.0,0.009999999776482582,1.4869384765625,0.0695626363158226,0.0006956263678148389,1,2,2
1418,754,4119,0.0,0.009999999776482582,1.8922755718231201,0.12746794521808624,0.0012746794382110238,1,2,2
1419,754,3593,0.0,0.009999999776482582,7.000628471374512,0.8572326302528381,0.00857232604175806,1,8,8
1420,3521,4101,0.0,0.009999999776482582,1.9143092632293701,0.13061560690402985,0.001306156045757234,1,2,2
1421,3590,3663,0.0,0.009999999776482582,2.5556180477142334,0.22223114967346191,0.0022223114501684904,1,3,3
1422,3590,4101,0.0,0.009999999776482582,2.5556180477142334,0.22223114967346191,0.0022223114501684904,1,3,3
1423,755,4121,0.0,0.009999999776482582,1.8563923835754395,0.12234176695346832,0.0012234176974743605,1,2,2
1424,755,3521,0.0,0.009999999776482582,1.6541974544525146,0.09345678240060806,0.0009345678263343871,1,2,2
1425,3521,3565,0.0,0.009999999776482582,4.425342559814453,0.4893346428871155,0.004893346223980188,1,5,5
1426,3565,4039,0.0,0.009999999776482582,4.425342559814453,0.4893346428871155,0.004893346223980188,1,5,5
1427,4039,4062,0.0,0.009999999776482582,2.3428547382354736,0.1918363869190216,0.0019183638505637646,1,3,3
1428,3918,4062,0.0,0.009999999776482582,2.5853734016418457,0.22648191452026367,0.0022648191079497337,1,3,3
1429,4122,4497,0.0,0.009999999776482582,3.0662031173706055,0.2951718866825104,0.0029517188668251038,1,4,4
1430,4122,4123,0.0,0.009999999776482582,2.606485366821289,0.22949790954589844,0.0022949790582060814,1,3,3
1431,4102,4123,0.5,0.5049999952316284,2.606485366821289,0.22949790954589844,0.11589644104242325,5,3,15
1432,4102,4497,0.0,0.009999999776482582,3.0662031173706055,0.2951718866825104,0.0029517188668251038,1,4,4
1433,756,757,0.0,0.009999999776482582,2.7480502128601074,0.2497214525938034,0.0024972143582999706,1,3,3
1434,757,758,0.0,0.009999999776482582,1.2075309753417969,0.029647281393408775,0.000296472804620862,1,2,2
1435,758,759,0.0,0.009999999776482582,1.1498653888702393,0.02140934206545353,0.00021409342298284173,1,2,2
1436,759,4020,0.0,0.009999999776482582,3.0208048820495605,0.2886864244937897,0.002886864123865962,1,4,4
1437,760,3477,0.0,0.009999999776482582,7.005972385406494,0.8579960465431213,0.008579960092902184,1,8,8
1438,760,4129,0.0,0.009999999776482582,1.8853967189788818,0.12648524343967438,0.001264852355234325,1,2,2
1439,4129,4130,0.0,0.009999999776482582,1.8853967189788818,0.12648524343967438,0.001264852355234325,1,2,2
1440,3632,4130,0.9999998807907104,0.9999998807907104,2.3406529426574707,0.19152185320854187,0.19152182340621948,5,3,15
1441,761,3477,0.0,0.009999999776482582,7.005972385406494,0.8579960465431213,0.008579960092902184,1,8,8
1442,761,4787,0.0,0.009999999776482582,2.270589828491211,0.18151283264160156,0.0018151282565668225,1,3,3
1443,3634,4787,0.0,0.009999999776482582,4.762665748596191,0.5375236868858337,0.005375236738473177,1,5,5
1444,3477,4788,0.5,0.5049999952316284,7.005972385406494,0.8579960465431213,0.43328800797462463,5,8,40
1445,762,4788,0.0,0.009999999776482582,2.072376251220703,0.15319660305976868,0.0015319660305976868,1,3,3
1446,762,3477,0.0,0.009999999776482582,7.005972385406494,0.8579960465431213,0.008579960092902184,1,8,8
1447,3477,4891,0.5,0.5049999952316284,7.005972385406494,0.8579960465431213,0.43328800797462463,5,8,40
1448,763,4891,0.0,0.009999999776482582,2.8696227073669434,0.26708894968032837,0.002670889487490058,1,3,3
1449,763,764,0.0,0.009999999776482582,1.572141170501709,0.08173445612192154,0.0008173445239663124,1,2,2
1450,764,3220,0.0,0.009999999776482582,1.7012648582458496,0.10018069297075272,0.0010018069297075272,1,2,2
1451,3220,4142,0.0,0.009999999776482582,1.898844599723816,0.1284063756465912,0.001284063677303493,1,2,2
1452,4131,4142,0.0,0.009999999776482582,1.9949142932891846,0.14213061332702637,0.001421306049451232,1,2,2
1453,3477,4131,0.0,0.009999999776482582,7.005972385406494,0.8579960465431213,0.008579960092902184,1,8,8
1454,3477,4134,0.0,0.009999999776482582,7.005972385406494,0.8579960465431213,0.008579960092902184,1,8,8
1455,4134,4787,0.0,0.009999999776482582,2.270589828491211,0.18151283264160156,0.0018151282565668225,1,3,3
1456,3462,4787,0.0,0.009999999776482582,3.061753273010254,0.29453617334365845,0.0029453616589307785,1,4,4
1457,4133,4891,0.0,0.009999999776482582,2.8696227073669434,0.26708894968032837,0.002670889487490058,1,3,3
1458,765,3477,0.0,0.009999999776482582,7.005972385406494,0.8579960465431213,0.008579960092902184,1,8,8
1459,765,766,0.0,0.009999999776482582,2.4269704818725586,0.20385292172431946,0.0020385291427373886,1,3,3
1460,766,4137,0.0,0.009999999776482582,1.958776593208313,0.13696809113025665,0.001369680860079825,1,2,2
1461,3221,3777,0.0,0.009999999776482582,7.127651214599609,0.8753787279129028,0.00875378679484129,1,8,8
1462,767,3221,0.0,0.009999999776482582,1.7707918882369995,0.11011312901973724,0.0011011313181370497,1,2,2
1463,767,768,0.0,0.009999999776482582,1.7707918882369995,0.11011312901973724,0.0011011313181370497,1,2,2
1464,768,4892,0.0,0.009999999776482582,1.5276224613189697,0.07537464052438736,0.0007537463679909706,1,2,2
1465,3574,4140,0.0,0.009999999776482582,2.4276113510131836,0.20394447445869446,0.0020394446328282356,1,3,3
1466,769,4140,0.0,0.009999999776482582,4.124312400817871,0.44633033871650696,0.004463303368538618,1,5,5
1467,769,3658,0.0,0.009999999776482582,6.792314529418945,0.827473521232605,0.008274734951555729,1,7,7
1468,3477,4787,0.5,0.5049999952316284,7.005972385406494,0.8579960465431213,0.43328800797462463,5,8,40
1469,4787,4789,0.0,0.009999999776482582,2.4571738243103027,0.2081676870584488,0.0020816768519580364,1,3,3
1470,3477,4789,0.0,0.009999999776482582,7.005972385406494,0.8579960465431213,0.008579960092902184,1,8,8
1471,4130,4191,0.0,0.009999999776482582,1.3580853939056396,0.051155056804418564,0.0005115505773574114,1,2,2
1472,4130,4787,0.0,0.009999999776482582,2.270589828491211,0.18151283264160156,0.0018151282565668225,1,3,3
1473,4787,4788,0.0,0.009999999776482582,2.270589828491211,0.18151283264160156,0.0018151282565668225,1,3,3
1474,3636,4787,0.0,0.009999999776482582,6.962948799133301,0.8518498539924622,0.00851849839091301,1,7,7
1475,3222,3636,0.0,0.009999999776482582,6.962948799133301,0.8518498539924622,0.00851849839091301,1,7,7
1476,3222,3223,0.0,0.009999999776482582,2.2207283973693848,0.1743897646665573,0.0017438975628465414,1,3,3
1477,3223,4137,0.0,0.009999999776482582,2.2207283973693848,0.1743897646665573,0.0017438975628465414,1,3,3
1478,770,4137,0.0,0.009999999776482582,1.958776593208313,0.13696809113025665,0.001369680860079825,1,2,2
1479,770,4787,0.0,0.009999999776482582,2.270589828491211,0.18151283264160156,0.0018151282565668225,1,3,3
1480,4128,4787,0.0,0.009999999776482582,2.270589828491211,0.18151283264160156,0.0018151282565668225,1,3,3
1481,3477,4128,0.0,0.009999999776482582,7.005972385406494,0.8579960465431213,0.008579960092902184,1,8,8
1482,771,3477,0.0,0.009999999776482582,7.005972385406494,0.8579960465431213,0.008579960092902184,1,8,8
1483,771,4789,0.0,0.009999999776482582,2.4571738243103027,0.2081676870584488,0.0020816768519580364,1,3,3
1484,772,4789,0.0,0.009999999776482582,2.4571738243103027,0.2081676870584488,0.0020816768519580364,1,3,3
1485,772,4141,0.0,0.009999999776482582,2.0703306198120117,0.15290437638759613,0.001529043773189187,1,3,3
1486,4141,4191,0.0,0.009999999776482582,2.0703306198120117,0.15290437638759613,0.001529043773189187,1,3,3
1487,773,3477,0.0,0.009999999776482582,7.005972385406494,0.8579960465431213,0.008579960092902184,1,8,8
1488,773,774,0.0,0.009999999776482582,2.0042524337768555,0.14346463978290558,0.001434646314010024,1,3,3
1489,774,3477,0.0,0.009999999776482582,7.005972385406494,0.8579960465431213,0.008579960092902184,1,8,8
1490,3636,4127,0.5,0.5049999952316284,6.962948799133301,0.8518498539924622,0.43018418550491333,5,7,35
1491,4127,4893,0.0,0.009999999776482582,1.6220102310180664,0.08885860443115234,0.0008885860443115234,1,2,2
1492,775,4893,0.0,0.009999999776482582,1.111994743347168,0.01599924825131893,0.00015999247261788696,1,2,2
1493,775,4788,0.0,0.009999999776482582,2.072376251220703,0.15319660305976868,0.0015319660305976868,1,3,3
1494,776,4127,0.0,0.009999999776482582,1.6220102310180664,0.08885860443115234,0.0008885860443115234,1,2,2
1495,776,777,0.0,0.009999999776482582,1.416222095489502,0.05946030095219612,0.0005946030141785741,1,2,2
1496,777,778,0.0,0.009999999776482582,1.199997067451477,0.028571009635925293,0.00028571009170264006,1,2,2
1497,778,4891,0.0,0.009999999776482582,2.8696227073669434,0.26708894968032837,0.002670889487490058,1,3,3
1498,3636,4891,0.0,0.009999999776482582,6.962948799133301,0.8518498539924622,0.00851849839091301,1,7,7
1499,3636,4893,0.0,0.009999999776482582,6.962948799133301,0.8518498539924622,0.00851849839091301,1,7,7
1500,4787,4893,0.0,0.009999999776482582,2.270589828491211,0.18151283264160156,0.0018151282565668225,1,3,3
1501,3633,4787,0.0,0.009999999776482582,2.270589828491211,0.18151283264160156,0.0018151282565668225,1,3,3
1502,3477,4141,0.0,0.009999999776482582,7.005972385406494,0.8579960465431213,0.008579960092902184,1,8,8
1503,4132,4141,0.0,0.009999999776482582,2.0811610221862793,0.15445157885551453,0.0015445157187059522,1,3,3
1504,3223,4132,0.0,0.009999999776482582,2.2207283973693848,0.1743897646665573,0.0017438975628465414,1,3,3
1505,779,3223,0.0,0.009999999776482582,2.827064037322998,0.261009156703949,0.0026100915856659412,1,3,3
1506,779,3477,0.0,0.009999999776482582,7.005972385406494,0.8579960465431213,0.008579960092902184,1,8,8
1507,3635,3658,0.0,0.009999999776482582,6.792314529418945,0.827473521232605,0.008274734951555729,1,7,7
1508,780,3635,0.0,0.009999999776482582,1.4654227495193481,0.06648896634578705,0.0006648896378464997,1,2,2
1509,780,3658,0.0,0.009999999776482582,6.792314529418945,0.827473521232605,0.008274734951555729,1,7,7
1510,3224,4894,0.0,0.009999999776482582,1.3164533376693726,0.04520761966705322,0.00045207617222331464,1,2,2
1511,781,3224,0.0,0.009999999776482582,1.6267389059066772,0.08953412622213364,0.0008953412179835141,1,2,2
1512,781,4894,0.0,0.009999999776482582,1.6267389059066772,0.08953412622213364,0.0008953412179835141,1,2,2
1513,782,4894,0.0,0.009999999776482582,1.0473294258117676,0.006761346478015184,6.761346594430506e-05,1,2,2
1514,782,783,0.0,0.009999999776482582,2.470696449279785,0.2100994884967804,0.002100994810461998,1,3,3
1515,783,3674,0.0,0.009999999776482582,2.470696449279785,0.2100994884967804,0.002100994810461998,1,3,3
1516,784,4895,0.0,0.009999999776482582,1.0911628007888794,0.0130232572555542,0.00013023256906308234,1,2,2
1517,784,3519,0.0,0.009999999776482582,1.8397635221481323,0.11996621638536453,0.001199662103317678,1,2,2
1518,785,3519,0.0,0.009999999776482582,1.8397635221481323,0.11996621638536453,0.001199662103317678,1,2,2
1519,785,786,0.0,0.009999999776482582,1.0504988431930542,0.007214120589196682,7.214120705612004e-05,1,2,2
1520,786,787,0.0,0.009999999776482582,1.0451663732528687,0.006452339235693216,6.45233885734342e-05,1,2,2
1521,787,4895,0.0,0.009999999776482582,1.0493980646133423,0.007056866306811571,7.056866161292419e-05,1,2,2
1522,788,4143,0.0,0.009999999776482582,2.3783624172210693,0.19690892100334167,0.0019690892659127712,1,3,3
1523,788,3519,0.0,0.009999999776482582,2.3783624172210693,0.19690892100334167,0.0019690892659127712,1,3,3
1524,3519,4895,0.0,0.009999999776482582,1.8397635221481323,0.11996621638536453,0.001199662103317678,1,2,2
1525,3519,4896,0.0,0.009999999776482582,1.8397635221481323,0.11996621638536453,0.001199662103317678,1,2,2
1526,4143,4896,0.0,0.009999999776482582,1.4292563199996948,0.06132233142852783,0.0006132232956588268,1,2,2
1527,4143,4897,0.0,0.009999999776482582,1.4292563199996948,0.06132233142852783,0.0006132232956588268,1,2,2
1528,789,4897,0.0,0.009999999776482582,1.1645498275756836,0.023507118225097656,0.00023507117293775082,1,2,2
1529,789,4895,0.0,0.009999999776482582,1.0574188232421875,0.00820268876850605,8.202688331948593e-05,1,2,2
1530,790,4895,0.0,0.009999999776482582,1.2032654285430908,0.029037918895483017,0.0002903791901189834,1,2,2
1531,790,791,0.0,0.009999999776482582,1.2032654285430908,0.029037918895483017,0.0002903791901189834,1,2,2
1532,791,4895,0.0,0.009999999776482582,1.1624876260757446,0.02321251854300499,0.00023212518135551363,1,2,2
1533,4144,4145,0.0,0.009999999776482582,3.887429714202881,0.41248995065689087,0.0041248993948102,1,4,4
1534,792,4144,0.0,0.009999999776482582,2.0839061737060547,0.15484373271465302,0.0015484372852370143,1,3,3
1535,792,3761,0.0,0.009999999776482582,2.2504515647888184,0.17863593995571136,0.001786359352990985,1,3,3
1536,793,4145,0.0,0.009999999776482582,3.887429714202881,0.41248995065689087,0.0041248993948102,1,4,4
1537,793,4147,0.0,0.009999999776482582,2.7126059532165527,0.2446579933166504,0.0024465799797326326,1,3,3
1538,3808,4147,0.0,0.009999999776482582,2.7126059532165527,0.2446579933166504,0.0024465799797326326,1,3,3
1539,794,3610,0.0,0.009999999776482582,1.3266900777816772,0.046670012176036835,0.0004667001194320619,1,2,2
1540,794,4898,0.0,0.009999999776482582,1.5192612409591675,0.07418017834424973,0.0007418017485179007,1,2,2
1541,4533,4898,0.9999998807907104,0.9999998807907104,4.639786720275879,0.5199695229530334,0.5199694633483887,5,5,25
1542,795,4533,0.0,0.009999999776482582,4.639786720275879,0.5199695229530334,0.0051996950060129166,1,5,5
1543,795,4898,0.0,0.009999999776482582,1.5192612409591675,0.07418017834424973,0.0007418017485179007,1,2,2
1544,3658,4898,0.0,0.009999999776482582,6.792314529418945,0.827473521232605,0.008274734951555729,1,7,7
1545,3610,4898,0.0,0.009999999776482582,1.5192612409591675,0.07418017834424973,0.0007418017485179007,1,2,2
1546,796,4898,0.0,0.009999999776482582,3.613058567047119,0.37329408526420593,0.0037329408805817366,1,4,4
1547,796,4533,0.0,0.009999999776482582,4.639786720275879,0.5199695229530334,0.0051996950060129166,1,5,5
1548,797,4898,0.0,0.009999999776482582,2.04805064201355,0.14972151815891266,0.0014972151257097721,1,3,3
1549,797,4533,0.0,0.009999999776482582,4.639786720275879,0.5199695229530334,0.0051996950060129166,1,5,5
1550,798,4146,0.0,0.009999999776482582,1.668219804763794,0.09545997530221939,0.0009545997600071132,1,2,2
1551,798,799,0.0,0.009999999776482582,1.1565539836883545,0.02236485481262207,0.00022364854521583766,1,2,2
1552,799,4533,0.0,0.009999999776482582,4.639786720275879,0.5199695229530334,0.0051996950060129166,1,5,5
1553,800,4533,0.0,0.009999999776482582,4.639786720275879,0.5199695229530334,0.0051996950060129166,1,5,5
1554,800,4898,0.0,0.009999999776482582,1.5192612409591675,0.07418017834424973,0.0007418017485179007,1,2,2
1555,3637,4898,0.0,0.009999999776482582,7.53572416305542,0.9336748719215393,0.009336748160421848,1,8,8
1556,4034,4406,0.0,0.009999999776482582,2.122694253921509,0.1603848934173584,0.0016038488829508424,1,3,3
1557,3466,3565,0.0,0.009999999776482582,4.425342559814453,0.4893346428871155,0.004893346223980188,1,5,5
1558,801,3466,0.0,0.009999999776482582,2.805361747741699,0.25790882110595703,0.0025790880899876356,1,3,3
1559,801,3808,0.0,0.009999999776482582,1.427246332168579,0.061035189777612686,0.0006103519117459655,1,2,2
1560,3637,4900,0.0,0.009999999776482582,7.53572416305542,0.9336748719215393,0.009336748160421848,1,8,8
1561,4899,4900,0.5,0.5049999952316284,1.7865537405014038,0.11236482113599777,0.05674423277378082,5,2,10
1562,3804,4899,0.0,0.009999999776482582,1.7865537405014038,0.11236482113599777,0.0011236481368541718,1,2,2
1563,3804,4901,0.0,0.009999999776482582,1.4208190441131592,0.06011700630187988,0.0006011700606904924,1,2,2
1564,3610,4901,0.0,0.009999999776482582,1.4208190441131592,0.06011700630187988,0.0006011700606904924,1,2,2
1565,3610,4900,0.0,0.009999999776482582,1.534692645072937,0.07638466358184814,0.0007638466195203364,1,2,2
1566,3477,4899,0.0,0.009999999776482582,7.005972385406494,0.8579960465431213,0.008579960092902184,1,8,8
1567,4385,4899,0.0,0.009999999776482582,1.7865537405014038,0.11236482113599777,0.0011236481368541718,1,2,2
1568,4149,4899,0.0,0.009999999776482582,1.9598709344863892,0.1371244192123413,0.0013712442014366388,1,2,2
1569,3804,4149,0.0,0.009999999776482582,1.9598709344863892,0.1371244192123413,0.0013712442014366388,1,2,2
1570,802,3477,0.0,0.009999999776482582,7.005972385406494,0.8579960465431213,0.008579960092902184,1,8,8
1571,802,4900,0.0,0.009999999776482582,1.8534660339355469,0.12192372232675552,0.0012192372232675552,1,2,2
1572,3477,4900,0.0,0.009999999776482582,7.005972385406494,0.8579960465431213,0.008579960092902184,1,8,8
1573,3934,4385,0.0,0.009999999776482582,1.2032673358917236,0.029038190841674805,0.00029038189677521586,1,2,2
1574,3934,4901,0.0,0.009999999776482582,1.4208190441131592,0.06011700630187988,0.0006011700606904924,1,2,2
1575,3974,4901,0.0,0.009999999776482582,6.832657337188721,0.8332367539405823,0.008332367055118084,1,7,7
1576,4150,4903,0.5,0.5049999952316284,1.0122833251953125,0.0017547607421875,0.0008861541864462197,5,2,10
1577,4902,4903,0.0,0.009999999776482582,1.0122833251953125,0.0017547607421875,1.754760705807712e-05,1,2,2
1578,3225,4903,0.0,0.009999999776482582,1.7212008237838745,0.10302869230508804,0.0010302868904545903,1,2,2
1579,3225,4150,0.0,0.009999999776482582,1.7212008237838745,0.10302869230508804,0.0010302868904545903,1,2,2
1580,803,3477,0.0,0.009999999776482582,7.005972385406494,0.8579960465431213,0.008579960092902184,1,8,8
1581,803,804,0.0,0.009999999776482582,1.2801427841186523,0.040020398795604706,0.0004002039786428213,1,2,2
1582,804,4136,0.0,0.009999999776482582,3.836346387863159,0.4051923453807831,0.004051923286169767,1,4,4
1583,4350,4922,0.5,0.5049999952316284,1.2643300294876099,0.03776143118739128,0.019069522619247437,5,2,10
1584,4151,4922,0.9999998807907104,0.9999998807907104,1.2643300294876099,0.03776143118739128,0.03776142746210098,5,2,10
1585,4136,4151,0.9999998807907104,0.9999998807907104,3.836346387863159,0.4051923453807831,0.4051922857761383,5,4,20
1586,805,4136,0.0,0.009999999776482582,3.836346387863159,0.4051923453807831,0.004051923286169767,1,4,4
1587,805,806,0.0,0.009999999776482582,1.4062883853912354,0.05804119631648064,0.0005804119282402098,1,2,2
1588,806,4136,0.0,0.009999999776482582,3.836346387863159,0.4051923453807831,0.004051923286169767,1,4,4
1589,3610,4922,0.0,0.009999999776482582,1.3266900777816772,0.046670012176036835,0.0004667001194320619,1,2,2
1590,3226,3639,0.0,0.009999999776482582,1.9934642314910889,0.1419234573841095,0.0014192345552146435,1,2,2
1591,807,3226,0.0,0.009999999776482582,1.2621328830718994,0.037447553128004074,0.0003744755231309682,1,2,2
1592,807,808,0.0,0.009999999776482582,1.067315697669983,0.009616528637707233,9.61652840487659e-05,1,2,2
1593,808,809,0.0,0.009999999776482582,2.793571949005127,0.2562245726585388,0.002562245586887002,1,3,3
1594,809,3639,0.0,0.009999999776482582,2.793571949005127,0.2562245726585388,0.002562245586887002,1,3,3
1595,3457,4152,0.0,0.009999999776482582,2.7146103382110596,0.24494433403015137,0.002449443330988288,1,3,3
1596,4152,4905,0.0,0.009999999776482582,2.399341583251953,0.19990594685077667,0.001999059459194541,1,3,3
1597,3586,4905,0.0,0.009999999776482582,3.8044233322143555,0.4006319046020508,0.004006318747997284,1,4,4
1598,3975,4904,0.0,0.009999999776482582,1.7450529336929321,0.10643613338470459,0.0010643613059073687,1,2,2
1599,3975,4905,0.0,0.009999999776482582,2.399341583251953,0.19990594685077667,0.001999059459194541,1,3,3
1600,4135,4905,0.0,0.009999999776482582,3.346309185028076,0.33518701791763306,0.0033518699929118156,1,4,4
1601,810,3522,0.0,0.009999999776482582,1.9571545124053955,0.13673636317253113,0.0013673636130988598,1,2,2
1602,810,4773,0.0,0.009999999776482582,1.2800694704055786,0.04000992327928543,0.00040009923395700753,1,2,2
1603,4295,4773,0.0,0.009999999776482582,6.226338863372803,0.7466198205947876,0.007466197945177555,1,7,7
1604,811,3482,0.0,0.009999999776482582,2.407444953918457,0.20106355845928192,0.0020106355659663677,1,3,3
1605,811,3227,0.0,0.009999999776482582,1.4930827617645264,0.0704403966665268,0.0007044039666652679,1,2,2
1606,3227,3815,0.0,0.009999999776482582,5.925902366638184,0.7037003636360168,0.0070370035246014595,1,6,6
1607,4153,4906,0.9999998807907104,0.9999998807907104,3.0665035247802734,0.29521480202674866,0.29521477222442627,5,4,20
1608,4065,4906,0.9999998807907104,0.9999998807907104,1.7976423501968384,0.11394890397787094,0.11394888907670975,5,2,10
1609,3640,4065,0.5,0.5049999952316284,2.0588576793670654,0.15126538276672363,0.07638901472091675,5,3,15
1610,3640,4154,0.0,0.009999999776482582,3.795330047607422,0.39933285117149353,0.00399332819506526,1,4,4
1611,4065,4155,0.0,0.009999999776482582,1.7976423501968384,0.11394890397787094,0.0011394890025258064,1,2,2
1612,4155,4703,0.0,0.009999999776482582,1.8160898685455322,0.11658426374197006,0.0011658426374197006,1,2,2
1613,3227,3640,0.0,0.009999999776482582,2.0588576793670654,0.15126538276672363,0.0015126537764444947,1,3,3
1614,3227,4065,0.0,0.009999999776482582,1.7976423501968384,0.11394890397787094,0.0011394890025258064,1,2,2
1615,4065,4153,0.0,0.009999999776482582,3.0665035247802734,0.29521480202674866,0.002952147973701358,1,4,4
1616,3648,4907,0.0,0.009999999776482582,1.9434597492218018,0.13477995991706848,0.001347799552604556,1,2,2
1617,812,4907,0.0,0.009999999776482582,2.4560928344726562,0.20801326632499695,0.002080132719129324,1,3,3
1618,812,3974,0.0,0.009999999776482582,6.832657337188721,0.8332367539405823,0.008332367055118084,1,7,7
1619,813,814,0.0,0.009999999776482582,1.2926348447799683,0.041804976761341095,0.00041804974898695946,1,2,2
1620,814,815,0.0,0.009999999776482582,1.5491704940795898,0.078452929854393,0.0007845292566344142,2,2,4
1621,815,4907,0.0,0.009999999776482582,1.9434597492218018,0.13477995991706848,0.001347799552604556,2,2,4
1622,3477,4907,0.5,0.5049999952316284,7.005972385406494,0.8579960465431213,0.43328800797462463,5,8,40
1623,816,3804,0.0,0.009999999776482582,1.6696186065673828,0.09565979987382889,0.0009565979707986116,2,2,4
1624,816,817,0.0,0.009999999776482582,1.6696186065673828,0.09565979987382889,0.0009565979707986116,2,2,4
1625,817,4907,0.0,0.009999999776482582,1.9434597492218018,0.13477995991706848,0.001347799552604556,2,2,4
1626,3804,4907,0.5,0.5049999952316284,1.9434597492218018,0.13477995991706848,0.0680638775229454,5,2,10
1627,3228,3648,0.0,0.009999999776482582,1.6945621967315674,0.09922317415475845,0.0009922317694872618,2,2,4
1628,3228,4907,0.5,0.5049999952316284,1.9434597492218018,0.13477995991706848,0.0680638775229454,5,2,10
1629,818,3804,0.0,0.009999999776482582,1.886216402053833,0.12660233676433563,0.001266023376956582,2,2,4
1630,818,3228,0.0,0.009999999776482582,1.886216402053833,0.12660233676433563,0.001266023376956582,2,2,4
1631,819,4907,0.0,0.009999999776482582,1.9434597492218018,0.13477995991706848,0.001347799552604556,2,2,4
1632,820,4907,0.0,0.009999999776482582,1.9434597492218018,0.13477995991706848,0.001347799552604556,2,2,4
1633,820,821,0.0,0.009999999776482582,1.6641323566436768,0.09487605094909668,0.000948760483879596,2,2,4
1634,821,4907,0.0,0.009999999776482582,1.9434597492218018,0.13477995991706848,0.001347799552604556,2,2,4
1635,822,4907,0.0,0.009999999776482582,1.9434597492218018,0.13477995991706848,0.001347799552604556,2,2,4
1636,822,3548,0.0,0.009999999776482582,3.9478273391723633,0.42111819982528687,0.004211181774735451,2,4,8
1637,823,4158,0.0,0.009999999776482582,6.529769420623779,0.7899670600891113,0.007899670861661434,2,7,14
1638,823,3698,0.0,0.009999999776482582,2.0621042251586914,0.15172918140888214,0.0015172917628660798,2,3,6
1639,3698,4158,0.9999998807907104,0.9999998807907104,6.529769420623779,0.7899670600891113,0.7899669408798218,5,7,35
1640,3489,4158,0.0,0.009999999776482582,6.529769420623779,0.7899670600891113,0.007899670861661434,2,7,14
1641,3489,3698,0.0,0.009999999776482582,2.7842164039611816,0.25488805770874023,0.002548880409449339,2,3,6
1642,4790,4908,0.0,0.009999999776482582,2.0928876399993896,0.15612681210041046,0.0015612681163474917,2,3,6
1643,824,4790,0.0,0.009999999776482582,2.2963781356811523,0.1851968765258789,0.0018519687000662088,2,3,6
1644,824,825,0.0,0.009999999776482582,3.9240496158599854,0.41772136092185974,0.0041772136464715,2,4,8
1645,3816,4163,0.0,0.009999999776482582,6.981029510498047,0.8544327616691589,0.008544327691197395,2,7,14
1646,4163,4213,0.0,0.009999999776482582,1.8638851642608643,0.12341216951608658,0.0012341216206550598,2,2,4
1647,3816,4213,0.9999998807907104,0.9999998807907104,6.981029510498047,0.8544327616691589,0.8544326424598694,5,7,35
1648,4057,5019,0.0,0.009999999776482582,2.5745038986206055,0.22492912411689758,0.00224929116666317,2,3,6
1649,4053,4057,0.0,0.009999999776482582,2.5713682174682617,0.22448118031024933,0.002244811737909913,2,3,6
1650,4053,4909,0.0,0.009999999776482582,2.5713682174682617,0.22448118031024933,0.002244811737909913,2,3,6
1651,3816,4165,0.5,0.5049999952316284,6.981029510498047,0.8544327616691589,0.4314885437488556,5,7,35
1652,826,4165,0.0,0.009999999776482582,1.1822688579559326,0.026038408279418945,0.00026038408395834267,2,2,4
1653,826,4444,0.0,0.009999999776482582,1.1736946105957031,0.024813516065478325,0.00024813515483401716,2,2,4
1654,3879,4053,0.0,0.009999999776482582,2.5713682174682617,0.22448118031024933,0.002244811737909913,2,3,6
1655,4053,4165,0.0,0.009999999776482582,2.5713682174682617,0.22448118031024933,0.002244811737909913,2,3,6
1656,4057,4165,0.5,0.5049999952316284,1.3146851062774658,0.04495501518249512,0.022702282294631004,5,2,10
1657,3816,4057,0.9999998807907104,0.9999998807907104,6.981029510498047,0.8544327616691589,0.8544326424598694,5,7,35
1658,3644,4165,0.0,0.009999999776482582,2.1963658332824707,0.17090940475463867,0.001709094038233161,2,3,6
1659,827,4911,0.0,0.009999999776482582,1.7458746433258057,0.10655351728200912,0.0010655351215973496,2,2,4
1660,827,828,0.0,0.009999999776482582,1.6014326810836792,0.08591895550489426,0.0008591895457357168,2,2,4
1661,828,4911,0.0,0.009999999776482582,1.7458746433258057,0.10655351728200912,0.0010655351215973496,2,2,4
1662,3641,4911,0.0,0.009999999776482582,1.9923958778381348,0.1417708396911621,0.0014177083503454924,2,2,4
1663,3457,3752,0.0,0.009999999776482582,2.7146103382110596,0.24494433403015137,0.002449443330988288,2,3,6
1664,3752,4168,0.5,0.5049999952316284,1.3880109786987305,0.05543014034628868,0.02799222059547901,5,2,10
1665,4168,4911,0.0,0.009999999776482582,1.7458746433258057,0.10655351728200912,0.0010655351215973496,2,2,4
1666,829,3729,0.0,0.009999999776482582,1.5071179866790771,0.07244542986154556,0.0007244542939588428,2,2,4
1667,829,830,0.0,0.009999999776482582,1.9818469285964966,0.14026384055614471,0.0014026383869349957,2,2,4
1668,830,3804,0.0,0.009999999776482582,1.9818469285964966,0.14026384055614471,0.0014026383869349957,2,2,4
1669,831,3804,0.0,0.009999999776482582,1.8742867708206177,0.12489811331033707,0.0012489811051636934,2,2,4
1670,831,4535,0.0,0.009999999776482582,1.8742867708206177,0.12489811331033707,0.0012489811051636934,2,2,4
1671,4169,4535,0.0,0.009999999776482582,1.6553536653518677,0.09362195432186127,0.0009362195269204676,2,2,4
1672,832,4169,0.0,0.009999999776482582,1.8563176393508911,0.12233109027147293,0.0012233108282089233,2,2,4
1673,832,3804,0.0,0.009999999776482582,1.8563176393508911,0.12233109027147293,0.0012233108282089233,2,2,4
1674,833,3804,0.0,0.009999999776482582,1.6711814403533936,0.09588306397199631,0.0009588306420482695,2,2,4
1675,833,4170,0.0,0.009999999776482582,1.7273898124694824,0.1039128303527832,0.0010391282849013805,2,2,4
1676,3493,4170,0.0,0.009999999776482582,5.357282638549805,0.6224689483642578,0.006224689539521933,2,6,12
1677,834,3729,0.0,0.009999999776482582,1.5071179866790771,0.07244542986154556,0.0007244542939588428,2,2,4
1678,834,835,0.0,0.009999999776482582,1.0849015712738037,0.012128795497119427,0.0001212879506056197,2,2,4
1679,835,4535,0.0,0.009999999776482582,1.4252595901489258,0.06075137108564377,0.0006075137061998248,2,2,4
1680,4138,4535,0.0,0.009999999776482582,1.7571444511413574,0.1081634908914566,0.0010816348949447274,2,2,4
1681,836,3974,0.0,0.009999999776482582,6.832657337188721,0.8332367539405823,0.008332367055118084,2,7,14
1682,836,837,0.0,0.009999999776482582,2.0143823623657227,0.1449117660522461,0.0014491176698356867,2,3,6
1683,837,3974,0.0,0.009999999776482582,6.832657337188721,0.8332367539405823,0.008332367055118084,2,7,14
1684,3974,4535,0.0,0.009999999776482582,6.832657337188721,0.8332367539405823,0.008332367055118084,2,7,14
1685,838,4535,0.0,0.009999999776482582,1.6567909717559814,0.09382728487253189,0.0009382728021591902,2,2,4
1686,838,3974,0.0,0.009999999776482582,6.832657337188721,0.8332367539405823,0.008332367055118084,2,7,14
1687,839,3777,0.0,0.009999999776482582,7.127651214599609,0.8753787279129028,0.00875378679484129,2,8,16
1688,839,840,0.0,0.009999999776482582,1.4238314628601074,0.0605473518371582,0.0006054735276848078,2,2,4
1689,840,4532,0.0,0.009999999776482582,1.9119527339935303,0.13027895987033844,0.0013027895474806428,2,2,4
1690,4335,4350,0.0,0.009999999776482582,1.934079885482788,0.13343998789787292,0.0013343997998163104,2,2,4
1691,841,4335,0.0,0.009999999776482582,1.9341747760772705,0.13345353305339813,0.001334535307250917,2,2,4
1692,841,3804,0.0,0.009999999776482582,1.9341747760772705,0.13345353305339813,0.001334535307250917,2,2,4
1693,842,3504,0.0,0.009999999776482582,2.6543467044830322,0.23633524775505066,0.0023633523378521204,2,3,6
1694,842,4596,0.0,0.009999999776482582,1.4116283655166626,0.05880405381321907,0.000588040507864207,2,2,4
1695,4596,4912,0.5,0.5049999952316284,1.7454429864883423,0.10649185627698898,0.05377838760614395,5,2,10
1696,4795,4912,0.5,0.5049999952316284,2.783698081970215,0.2548139989376068,0.12868106365203857,5,3,15
1697,843,4795,0.0,0.009999999776482582,3.268298864364624,0.3240427076816559,0.003240427002310753,2,4,8
1698,843,3678,0.0,0.009999999776482582,3.268298864364624,0.3240427076816559,0.003240427002310753,2,4,8
1699,4912,4913,0.9999998807907104,0.9999998807907104,1.8539737462997437,0.12199624627828598,0.12199623137712479,5,2,10
1700,4795,4913,0.9999998807907104,0.9999998807907104,2.783698081970215,0.2548139989376068,0.2548139691352844,5,3,15
1701,3504,4795,0.9999998807907104,0.9999998807907104,2.783698081970215,0.2548139989376068,0.2548139691352844,5,3,15
1702,3504,4913,0.9999998807907104,0.9999998807907104,2.6543467044830322,0.23633524775505066,0.23633521795272827,5,3,15
1703,3720,4913,0.5,0.5049999952316284,1.8539737462997437,0.12199624627828598,0.061608102172613144,5,2,10
1704,3678,3720,0.5,0.5049999952316284,2.4241766929626465,0.20345380902290344,0.10274416953325272,5,3,15
1705,3471,4912,0.0,0.009999999776482582,2.679168701171875,0.2398812472820282,0.0023988124448806047,2,3,6
1706,3471,4596,0.0,0.009999999776482582,2.679168701171875,0.2398812472820282,0.0023988124448806047,2,3,6
1707,4596,4795,0.0,0.009999999776482582,2.783698081970215,0.2548139989376068,0.0025481400080025196,2,3,6
1708,3678,4913,0.0,0.009999999776482582,2.4241766929626465,0.20345380902290344,0.002034537959843874,2,3,6
1709,3504,3642,0.0,0.009999999776482582,2.6543467044830322,0.23633524775505066,0.0023633523378521204,2,3,6
1710,3642,4913,0.0,0.009999999776482582,2.3054416179656982,0.18649165332317352,0.0018649165285751224,2,3,6
1711,844,4914,0.0,0.009999999776482582,1.1525179147720337,0.021788273006677628,0.00021788272715639323,2,2,4
1712,844,845,0.0,0.009999999776482582,1.2800602912902832,0.04000861197710037,0.00040008610812947154,2,2,4
1713,845,4173,0.0,0.009999999776482582,1.2800602912902832,0.04000861197710037,0.00040008610812947154,2,2,4
1714,3535,4174,0.0,0.009999999776482582,4.752325534820557,0.5360465049743652,0.005360465031117201,2,5,10
1715,846,4174,0.0,0.009999999776482582,1.2735002040863037,0.0390714593231678,0.0003907145874109119,2,2,4
1716,846,4082,0.0,0.009999999776482582,1.2735002040863037,0.0390714593231678,0.0003907145874109119,2,2,4
1717,847,4195,0.0,0.009999999776482582,3.3251731395721436,0.3321675956249237,0.003321675816550851,2,4,8
1718,847,4412,0.0,0.009999999776482582,2.6809334754943848,0.2401333600282669,0.002401333535090089,2,3,6
1719,4195,4412,0.0,0.009999999776482582,3.3251731395721436,0.3321675956249237,0.003321675816550851,2,4,8
1720,848,4195,0.0,0.009999999776482582,3.3251731395721436,0.3321675956249237,0.003321675816550851,2,4,8
1721,848,849,0.0,0.009999999776482582,2.894087314605713,0.2705838978290558,0.0027058389969170094,2,3,6
1722,849,4195,0.0,0.009999999776482582,3.3251731395721436,0.3321675956249237,0.003321675816550851,2,4,8
1723,4915,4916,0.0,0.009999999776482582,1.3093644380569458,0.044194918125867844,0.0004419491742737591,2,2,4
1724,4042,4916,0.0,0.009999999776482582,1.832651138305664,0.11895016580820084,0.0011895016068592668,2,2,4
1725,4042,4915,0.0,0.009999999776482582,1.832651138305664,0.11895016580820084,0.0011895016068592668,2,2,4
1726,850,3558,0.0,0.009999999776482582,2.1497230529785156,0.16424615681171417,0.0016424615168944001,2,3,6
1727,850,4917,0.0,0.009999999776482582,1.1215994358062744,0.017371347174048424,0.00017371347348671407,2,2,4
1728,3229,4917,0.0,0.009999999776482582,1.4160194396972656,0.059431347995996475,0.0005943134892731905,2,2,4
1729,3493,4918,0.0,0.009999999776482582,5.357282638549805,0.6224689483642578,0.006224689539521933,2,6,12
1730,4917,4918,0.0,0.009999999776482582,1.8721082210540771,0.12458688765764236,0.0012458688579499722,2,2,4
1731,3493,4917,0.5,0.5049999952316284,5.357282638549805,0.6224689483642578,0.3143468201160431,5,6,30
1732,851,3493,0.0,0.009999999776482582,5.357282638549805,0.6224689483642578,0.006224689539521933,2,6,12
1733,851,3558,0.0,0.009999999776482582,2.1497230529785156,0.16424615681171417,0.0016424615168944001,2,3,6
1734,3493,3558,0.0,0.009999999776482582,5.357282638549805,0.6224689483642578,0.006224689539521933,2,6,12
1735,852,3493,0.0,0.009999999776482582,5.357282638549805,0.6224689483642578,0.006224689539521933,2,6,12
1736,852,3773,0.0,0.009999999776482582,1.4064401388168335,0.058062877506017685,0.0005806287517771125,2,2,4
1737,853,3773,0.0,0.009999999776482582,1.5386013984680176,0.0769430547952652,0.0007694305386394262,2,2,4
1738,853,4179,0.0,0.009999999776482582,1.5386013984680176,0.0769430547952652,0.0007694305386394262,2,2,4
1739,4179,4919,0.0,0.009999999776482582,1.8784122467041016,0.12548746168613434,0.001254874630831182,2,2,4
1740,854,4919,0.0,0.009999999776482582,1.8784122467041016,0.12548746168613434,0.001254874630831182,2,2,4
1741,854,4920,0.0,0.009999999776482582,1.56382155418396,0.08054593950510025,0.0008054593927226961,2,2,4
1742,3493,4920,0.0,0.009999999776482582,5.357282638549805,0.6224689483642578,0.006224689539521933,2,6,12
1743,855,4917,0.0,0.009999999776482582,1.8826502561569214,0.12609289586544037,0.0012609289260581136,2,2,4
1744,855,3493,0.0,0.009999999776482582,5.357282638549805,0.6224689483642578,0.006224689539521933,2,6,12
1745,4917,4919,0.0,0.009999999776482582,1.8784122467041016,0.12548746168613434,0.001254874630831182,2,2,4
1746,3493,4919,0.0,0.009999999776482582,5.357282638549805,0.6224689483642578,0.006224689539521933,2,6,12
1747,856,3492,0.0,0.009999999776482582,2.998826265335083,0.28554660081863403,0.002855465980246663,2,3,6
1748,856,857,0.0,0.009999999776482582,1.1810719966888428,0.02586742863059044,0.0002586742921266705,2,2,4
1749,857,3510,0.0,0.009999999776482582,1.1810719966888428,0.02586742863059044,0.0002586742921266705,2,2,4
1750,4191,4231,0.5,0.5049999952316284,1.3580853939056396,0.051155056804418564,0.02583330310881138,5,2,10
1751,3649,4231,0.0,0.009999999776482582,1.7447562217712402,0.10639374703168869,0.0010639374377205968,2,2,4
1752,3649,4921,0.0,0.009999999776482582,1.7447562217712402,0.10639374703168869,0.0010639374377205968,2,2,4
1753,4231,4279,0.0,0.009999999776482582,1.4799846410751343,0.06856923550367355,0.000685692357365042,2,2,4
1754,4279,4921,0.0,0.009999999776482582,1.4799846410751343,0.06856923550367355,0.000685692357365042,2,2,4
1755,858,4322,0.0,0.009999999776482582,1.7335095405578613,0.10478707402944565,0.0010478707263246179,2,2,4
1756,858,3643,0.0,0.009999999776482582,1.7335095405578613,0.10478707402944565,0.0010478707263246179,2,2,4
1757,3643,3666,0.0,0.009999999776482582,5.345047950744629,0.620721161365509,0.006207211408764124,2,6,12
1758,4188,4205,0.0,0.009999999776482582,4.139744281768799,0.44853490591049194,0.004485349170863628,2,5,10
1759,4188,4203,0.0,0.009999999776482582,2.279911518096924,0.18284450471401215,0.0018284450052306056,2,3,6
1760,4203,4205,0.0,0.009999999776482582,4.139744281768799,0.44853490591049194,0.004485349170863628,2,5,10
1761,859,3493,0.0,0.009999999776482582,5.357282638549805,0.6224689483642578,0.006224689539521933,2,6,12
1762,859,4402,0.0,0.009999999776482582,1.5398253202438354,0.0771179050207138,0.0007711790385656059,2,2,4
1763,3804,4402,0.5,0.5049999952316284,1.5398253202438354,0.0771179050207138,0.0389445424079895,5,2,10
1764,3230,4148,0.0,0.009999999776482582,2.2772340774536133,0.18246200680732727,0.0018246200634166598,2,3,6
1765,3230,5152,0.0,0.009999999776482582,1.509248971939087,0.07274985313415527,0.0007274984964169562,2,2,4
1766,3603,5152,0.0,0.009999999776482582,3.027984619140625,0.2897121012210846,0.002897121012210846,2,4,8
1767,3522,4190,0.0,0.009999999776482582,3.728917360305786,0.3898453414440155,0.0038984534330666065,2,4,8
1768,860,4190,0.0,0.009999999776482582,3.728917360305786,0.3898453414440155,0.0038984534330666065,2,4,8
1769,860,4367,0.0,0.009999999776482582,2.6038784980773926,0.2291254997253418,0.0022912549320608377,2,3,6
1770,3540,4367,0.0,0.009999999776482582,2.7726383209228516,0.25323405861854553,0.0025323405861854553,2,3,6
1771,3452,4367,0.0,0.009999999776482582,3.1574196815490723,0.3082028031349182,0.003082027891650796,2,4,8
1772,861,4367,0.0,0.009999999776482582,2.866908073425293,0.2667011618614197,0.002667011460289359,2,3,6
1773,861,4232,0.0,0.009999999776482582,4.0323381423950195,0.4331911504268646,0.004331911448389292,2,5,10
1774,862,4136,0.0,0.009999999776482582,3.836346387863159,0.4051923453807831,0.004051923286169767,2,4,8
1775,862,863,0.0,0.009999999776482582,2.3690543174743652,0.1955791860818863,0.0019557918421924114,2,3,6
1776,863,4136,0.0,0.009999999776482582,3.836346387863159,0.4051923453807831,0.004051923286169767,2,4,8
1777,4136,4922,0.0,0.009999999776482582,3.836346387863159,0.4051923453807831,0.004051923286169767,2,4,8
1778,864,4922,0.0,0.009999999776482582,1.6868305206298828,0.09811864793300629,0.000981186400167644,2,2,4
1779,864,4164,0.0,0.009999999776482582,1.6868305206298828,0.09811864793300629,0.000981186400167644,2,2,4
1780,4136,4164,0.0,0.009999999776482582,3.836346387863159,0.4051923453807831,0.004051923286169767,2,4,8
1781,3986,4362,0.0,0.009999999776482582,2.5031561851501465,0.21473659574985504,0.00214736582711339,2,3,6
1782,4193,4313,0.0,0.009999999776482582,1.4857277870178223,0.06938968598842621,0.000693896843586117,2,2,4
1783,4193,4194,0.0,0.009999999776482582,1.8385273218154907,0.11978961527347565,0.0011978960828855634,2,2,4
1784,4194,4362,0.0,0.009999999776482582,1.8385273218154907,0.11978961527347565,0.0011978960828855634,2,2,4
1785,865,3567,0.0,0.009999999776482582,1.0019478797912598,0.0002782685332931578,2.782685214697267e-06,2,2,4
1786,865,866,0.0,0.009999999776482582,1.0445903539657593,0.0063700503669679165,6.37004995951429e-05,2,2,4
1787,866,3484,0.0,0.009999999776482582,1.4759975671768188,0.06799965351819992,0.0006799965049140155,2,2,4
1788,867,868,0.0,0.009999999776482582,3.3342654705047607,0.333466500043869,0.003334664972499013,2,4,8
1789,868,3231,0.0,0.009999999776482582,2.0155508518218994,0.14507868885993958,0.0014507868327200413,2,3,6
1790,3231,3646,0.0,0.009999999776482582,1.3201366662979126,0.04573380947113037,0.0004573380865622312,2,2,4
1791,4202,4974,0.0,0.009999999776482582,1.989200234413147,0.1413143128156662,0.0014131431235000491,2,2,4
1792,3880,4202,0.0,0.009999999776482582,2.164698839187622,0.16638554632663727,0.0016638553934171796,2,3,6
1793,3814,3880,0.0,0.009999999776482582,4.510677337646484,0.501525342464447,0.005015253089368343,2,5,10
1794,869,3564,0.0,0.009999999776482582,2.9363558292388916,0.2766222655773163,0.002766222693026066,2,3,6
1795,869,3232,0.0,0.009999999776482582,2.9363558292388916,0.2766222655773163,0.002766222693026066,2,3,6
1796,3232,4066,0.0,0.009999999776482582,2.3677048683166504,0.19538640975952148,0.0019538640044629574,2,3,6
1797,4066,4381,0.5,0.5049999952316284,5.5192413330078125,0.6456059217453003,0.32603099942207336,5,6,30
1798,4381,4711,0.0,0.009999999776482582,5.5192413330078125,0.6456059217453003,0.0064560589380562305,2,6,12
1799,3232,4711,0.0,0.009999999776482582,4.479142189025879,0.49702030420303345,0.004970203153789043,2,5,10
1800,3232,4100,0.0,0.009999999776482582,3.088426113128662,0.2983465790748596,0.002983465790748596,2,4,8
1801,4162,4208,0.0,0.009999999776482582,3.0252795219421387,0.28932565450668335,0.002893256489187479,2,4,8
1802,870,4208,0.0,0.009999999776482582,3.0252795219421387,0.28932565450668335,0.002893256489187479,2,4,8
1803,870,871,0.0,0.009999999776482582,1.8359607458114624,0.11942296475172043,0.001194229582324624,2,2,4
1804,871,3736,0.0,0.009999999776482582,2.3589158058166504,0.1941308230161667,0.0019413081463426352,2,3,6
1805,872,3731,0.0,0.009999999776482582,3.4429397583007812,0.34899139404296875,0.003489913884550333,2,4,8
1806,872,4210,0.0,0.009999999776482582,2.2546558380126953,0.1792365461587906,0.0017923654522746801,2,3,6
1807,3731,4210,0.0,0.009999999776482582,3.4429397583007812,0.34899139404296875,0.003489913884550333,2,4,8
1808,3514,4203,0.0,0.009999999776482582,2.279911518096924,0.18284450471401215,0.0018284450052306056,2,3,6
1809,873,4203,0.0,0.009999999776482582,2.279911518096924,0.18284450471401215,0.0018284450052306056,2,3,6
1810,873,4103,0.0,0.009999999776482582,1.345379114151001,0.04933987185359001,0.0004933986929245293,2,2,4
1811,3514,4103,0.0,0.009999999776482582,2.0024313926696777,0.1432044804096222,0.0014320447808131576,2,3,6
1812,3613,4036,0.0,0.009999999776482582,2.024644136428833,0.14637772738933563,0.0014637772692367435,2,3,6
1813,3643,4036,0.0,0.009999999776482582,2.024644136428833,0.14637772738933563,0.0014637772692367435,2,3,6
1814,3456,3643,0.0,0.009999999776482582,2.748372793197632,0.24976754188537598,0.0024976753629744053,2,3,6
1815,3728,3816,0.0,0.009999999776482582,6.981029510498047,0.8544327616691589,0.008544327691197395,2,7,14
1816,874,4924,0.0,0.009999999776482582,1.0998249053955078,0.014260700903832912,0.00014260700845625252,2,2,4
1817,874,875,0.0,0.009999999776482582,1.4267430305480957,0.06096329167485237,0.0006096329307183623,2,2,4
1818,875,4924,0.0,0.009999999776482582,1.4267430305480957,0.06096329167485237,0.0006096329307183623,2,2,4
1819,876,3505,0.0,0.009999999776482582,1.030979037284851,0.004425576888024807,4.425576844369061e-05,2,2,4
1820,877,3505,0.0,0.009999999776482582,1.8185852766036987,0.11694075167179108,0.001169407507404685,2,2,4
1821,877,3901,0.0,0.009999999776482582,7.007259845733643,0.8581799864768982,0.008581799454987049,2,8,16
1822,3816,4211,0.9999998807907104,0.9999998807907104,6.981029510498047,0.8544327616691589,0.8544326424598694,5,7,35
1823,4211,4213,0.9999998807907104,0.9999998807907104,1.2511720657348633,0.03588172420859337,0.03588172048330307,5,2,10
1824,3466,4135,0.5,0.5049999952316284,3.346309185028076,0.33518701791763306,0.16926944255828857,5,4,20
1825,3466,4927,0.5,0.5049999952316284,2.817301034927368,0.2596144378185272,0.13110528886318207,5,3,15
1826,3971,4927,0.0,0.009999999776482582,2.817301034927368,0.2596144378185272,0.0025961443316191435,2,3,6
1827,3971,4295,0.0,0.009999999776482582,6.226338863372803,0.7466198205947876,0.007466197945177555,2,7,14
1828,3846,4216,0.5,0.5049999952316284,2.943727493286133,0.2776753604412079,0.14022605121135712,5,3,15
1829,878,4216,0.0,0.009999999776482582,1.916401982307434,0.130914568901062,0.0013091457076370716,2,2,4
1830,878,3846,0.0,0.009999999776482582,2.943727493286133,0.2776753604412079,0.0027767536230385303,2,3,6
1831,879,3846,0.0,0.009999999776482582,2.943727493286133,0.2776753604412079,0.0027767536230385303,2,3,6
1832,879,3512,0.0,0.009999999776482582,1.874722957611084,0.12496042251586914,0.0012496041599661112,2,2,4
1833,3512,3846,0.0,0.009999999776482582,2.943727493286133,0.2776753604412079,0.0027767536230385303,2,3,6
1834,880,3846,0.0,0.009999999776482582,2.943727493286133,0.2776753604412079,0.0027767536230385303,2,3,6
1835,880,4219,0.0,0.009999999776482582,2.739987373352051,0.24856962263584137,0.0024856962263584137,2,3,6
1836,3846,4219,0.0,0.009999999776482582,2.943727493286133,0.2776753604412079,0.0027767536230385303,2,3,6
1837,4308,4659,0.0,0.009999999776482582,1.2710987329483032,0.038728389889001846,0.00038728388608433306,2,2,4
1838,881,4659,0.0,0.009999999776482582,5.186404228210449,0.598057746887207,0.005980577319860458,2,6,12
1839,881,4308,0.0,0.009999999776482582,5.186404228210449,0.598057746887207,0.005980577319860458,2,6,12
1840,882,4135,0.0,0.009999999776482582,3.346309185028076,0.33518701791763306,0.0033518699929118156,2,4,8
1841,882,4068,0.0,0.009999999776482582,2.8672053813934326,0.26674363017082214,0.0026674361433833838,2,3,6
1842,4068,4135,0.0,0.009999999776482582,3.346309185028076,0.33518701791763306,0.0033518699929118156,2,4,8
1843,3532,4225,0.0,0.009999999776482582,3.976273536682129,0.42518192529678345,0.0042518191039562225,2,4,8
1844,3985,4225,0.5,0.5049999952316284,2.625124216079712,0.23216059803962708,0.11724109947681427,5,3,15
1845,3985,4135,0.5,0.5049999952316284,3.346309185028076,0.33518701791763306,0.16926944255828857,5,4,20
1846,4064,4135,0.0,0.009999999776482582,3.346309185028076,0.33518701791763306,0.0033518699929118156,2,4,8
1847,883,4064,0.0,0.009999999776482582,3.083916664123535,0.2977023720741272,0.0029770235996693373,2,4,8
1848,883,3750,0.0,0.009999999776482582,3.083916664123535,0.2977023720741272,0.0029770235996693373,2,4,8
1849,884,3750,0.0,0.009999999776482582,2.9507369995117188,0.27867671847343445,0.002786767203360796,2,3,6
1850,884,4015,0.0,0.009999999776482582,2.5926620960235596,0.22752316296100616,0.0022752315271645784,2,3,6
1851,4015,4068,0.0,0.009999999776482582,2.8672053813934326,0.26674363017082214,0.0026674361433833838,2,3,6
1852,3891,4068,0.0,0.009999999776482582,2.8672053813934326,0.26674363017082214,0.0026674361433833838,2,3,6
1853,3891,4064,0.0,0.009999999776482582,2.48305606842041,0.2118651568889618,0.002118651522323489,2,3,6
1854,4064,4223,0.0,0.009999999776482582,2.247023344039917,0.17814619839191437,0.0017814619932323694,2,3,6
1855,3891,4223,0.0,0.009999999776482582,2.48305606842041,0.2118651568889618,0.002118651522323489,2,3,6
1856,4234,4563,0.5,0.5049999952316284,3.318997859954834,0.33128541707992554,0.16729913651943207,5,4,20
1857,885,4234,0.0,0.009999999776482582,1.5594816207885742,0.07992594689130783,0.000799259461928159,2,2,4
1858,885,4563,0.0,0.009999999776482582,3.318997859954834,0.33128541707992554,0.0033128540962934494,2,4,8
1859,4563,4717,0.9999998807907104,0.9999998807907104,3.318997859954834,0.33128541707992554,0.33128538727760315,5,4,20
1860,4226,4717,0.0,0.009999999776482582,1.130812168121338,0.018687453120946884,0.00018687453120946884,2,2,4
1861,4226,4563,0.0,0.009999999776482582,3.318997859954834,0.33128541707992554,0.0033128540962934494,2,4,8
1862,886,4563,0.0,0.009999999776482582,3.9057986736297607,0.4151141047477722,0.004151140805333853,2,4,8
1863,886,887,0.0,0.009999999776482582,3.9057986736297607,0.4151141047477722,0.004151140805333853,2,4,8
1864,887,4563,0.0,0.009999999776482582,3.318997859954834,0.33128541707992554,0.0033128540962934494,2,4,8
1865,888,4234,0.0,0.009999999776482582,1.362693428993225,0.05181334540247917,0.0005181334563530982,2,2,4
1866,888,4563,0.0,0.009999999776482582,3.318997859954834,0.33128541707992554,0.0033128540962934494,2,4,8
1867,889,4563,0.0,0.009999999776482582,3.318997859954834,0.33128541707992554,0.0033128540962934494,2,4,8
1868,889,890,0.0,0.009999999776482582,3.0656943321228027,0.2950991988182068,0.0029509919695556164,2,4,8
1869,890,891,0.0,0.009999999776482582,3.0656943321228027,0.2950991988182068,0.0029509919695556164,2,4,8
1870,891,892,0.0,0.009999999776482582,1.2254483699798584,0.03220691159367561,0.0003220690996386111,2,2,4
1871,892,893,0.0,0.009999999776482582,1.2254483699798584,0.03220691159367561,0.0003220690996386111,2,2,4
1872,893,4563,0.0,0.009999999776482582,3.318997859954834,0.33128541707992554,0.0033128540962934494,2,4,8
1873,3492,4270,0.0,0.009999999776482582,2.998826265335083,0.28554660081863403,0.002855465980246663,2,3,6
1874,894,4270,0.0,0.009999999776482582,3.6724565029144287,0.3817794919013977,0.003817794844508171,2,4,8
1875,895,4270,0.0,0.009999999776482582,1.8887954950332642,0.1269707828760147,0.0012697078054770827,2,2,4
1876,895,4229,0.0,0.009999999776482582,2.4810235500335693,0.21157479286193848,0.0021157478913664818,2,3,6
1877,3901,4229,0.0,0.009999999776482582,7.007259845733643,0.8581799864768982,0.008581799454987049,2,8,16
1878,3680,4928,0.0,0.009999999776482582,3.5345754623413086,0.36208221316337585,0.0036208219826221466,2,4,8
1879,896,4928,0.0,0.009999999776482582,1.8915860652923584,0.12736943364143372,0.0012736943317577243,2,2,4
1880,896,3737,0.0,0.009999999776482582,1.8915860652923584,0.12736943364143372,0.0012736943317577243,2,2,4
1881,3455,4036,0.0,0.009999999776482582,2.024644136428833,0.14637772738933563,0.0014637772692367435,2,3,6
1882,897,4036,0.0,0.009999999776482582,2.024644136428833,0.14637772738933563,0.0014637772692367435,2,3,6
1883,897,898,0.0,0.009999999776482582,1.1402757167816162,0.02003938890993595,0.00020039388618897647,2,2,4
1884,898,3455,0.0,0.009999999776482582,1.3131475448608398,0.044735364615917206,0.00044735363917425275,2,2,4
1885,4069,4257,0.0,0.009999999776482582,1.187699556350708,0.02681422233581543,0.0002681422047317028,2,2,4
1886,899,4257,0.0,0.009999999776482582,1.1511423587799072,0.02159176580607891,0.0002159176510758698,2,2,4
1887,899,900,0.0,0.009999999776482582,1.1511423587799072,0.02159176580607891,0.0002159176510758698,2,2,4
1888,900,901,0.0,0.009999999776482582,1.3163247108459473,0.04518924281001091,0.0004518924106378108,2,2,4
1889,901,3527,0.0,0.009999999776482582,1.9864577054977417,0.14092253148555756,0.0014092252822592854,2,2,4
1890,4533,4929,0.0,0.009999999776482582,4.639786720275879,0.5199695229530334,0.0051996950060129166,2,5,10
1891,902,4929,0.0,0.009999999776482582,2.5141894817352295,0.21631278097629547,0.002163127763196826,2,3,6
1892,902,4533,0.0,0.009999999776482582,4.639786720275879,0.5199695229530334,0.0051996950060129166,2,5,10
1893,903,4533,0.0,0.009999999776482582,4.639786720275879,0.5199695229530334,0.0051996950060129166,2,5,10
1894,903,4898,0.0,0.009999999776482582,1.864493727684021,0.12349910289049149,0.0012349910102784634,2,2,4
1895,904,4533,0.0,0.009999999776482582,4.639786720275879,0.5199695229530334,0.0051996950060129166,2,5,10
1896,904,4898,0.0,0.009999999776482582,2.2625880241394043,0.18036971986293793,0.0018036972032859921,2,3,6
1897,905,4533,0.0,0.009999999776482582,4.639786720275879,0.5199695229530334,0.0051996950060129166,2,5,10
1898,905,906,0.0,0.009999999776482582,1.293628215789795,0.0419468879699707,0.00041946888086386025,2,2,4
1899,906,4533,0.0,0.009999999776482582,4.639786720275879,0.5199695229530334,0.0051996950060129166,2,5,10
1900,4898,4929,0.0,0.009999999776482582,1.5192612409591675,0.07418017834424973,0.0007418017485179007,2,2,4
1901,907,4929,0.0,0.009999999776482582,1.460233211517334,0.06574760377407074,0.0006574760191142559,2,2,4
1902,907,4231,0.0,0.009999999776482582,1.1309802532196045,0.01871146447956562,0.0001871146378107369,2,2,4
1903,3645,4231,0.0,0.009999999776482582,1.9718914031982422,0.1388416290283203,0.0013884162763133645,2,2,4
1904,3645,4533,0.0,0.009999999776482582,4.639786720275879,0.5199695229530334,0.0051996950060129166,2,5,10
1905,908,4898,0.0,0.009999999776482582,2.103209972381592,0.15760143101215363,0.0015760143287479877,2,3,6
1906,908,909,0.0,0.009999999776482582,2.103209972381592,0.15760143101215363,0.0015760143287479877,2,3,6
1907,909,4563,0.0,0.009999999776482582,3.318997859954834,0.33128541707992554,0.0033128540962934494,2,4,8
1908,910,4232,0.0,0.009999999776482582,4.0323381423950195,0.4331911504268646,0.004331911448389292,2,5,10
1909,910,3553,0.0,0.009999999776482582,1.3222519159317017,0.04603598639369011,0.0004603598499670625,2,2,4
1910,3553,4930,0.0,0.009999999776482582,1.607666254043579,0.08680946379899979,0.0008680946193635464,2,2,4
1911,911,3493,0.0,0.009999999776482582,5.357282638549805,0.6224689483642578,0.006224689539521933,2,6,12
1912,911,912,0.0,0.009999999776482582,1.9116698503494263,0.13023854792118073,0.0013023854698985815,2,2,4
1913,912,3610,0.0,0.009999999776482582,1.3266900777816772,0.046670012176036835,0.0004667001194320619,2,2,4
1914,4774,4931,0.0,0.009999999776482582,1.7268966436386108,0.10384237766265869,0.001038423739373684,2,2,4
1915,913,4774,0.0,0.009999999776482582,1.670820951461792,0.09583156555891037,0.0009583156206645072,2,2,4
1916,913,4931,0.0,0.009999999776482582,1.7268966436386108,0.10384237766265869,0.001038423739373684,2,2,4
1917,914,4753,0.0,0.009999999776482582,1.4775477647781372,0.06822110712528229,0.0006822110735811293,2,2,4
1918,914,915,0.0,0.009999999776482582,1.2438920736312866,0.03484172374010086,0.00034841723390854895,2,2,4
1919,915,4753,0.0,0.009999999776482582,1.4775477647781372,0.06822110712528229,0.0006822110735811293,2,2,4
1920,916,4032,0.0,0.009999999776482582,1.9093097448349,0.12990139424800873,0.0012990139657631516,2,2,4
1921,916,917,0.0,0.009999999776482582,1.7101608514785767,0.10145155340433121,0.0010145155247300863,2,2,4
1922,917,918,0.0,0.009999999776482582,2.00012469291687,0.14287495613098145,0.0014287495287135243,2,3,6
1923,918,4235,0.0,0.009999999776482582,2.00012469291687,0.14287495613098145,0.0014287495287135243,2,3,6
1924,919,4235,0.0,0.009999999776482582,1.4373254776000977,0.062475066632032394,0.0006247506244108081,2,2,4
1925,919,4032,0.0,0.009999999776482582,1.9093097448349,0.12990139424800873,0.0012990139657631516,2,2,4
1926,3562,4233,0.0,0.009999999776482582,1.8343051671981812,0.11918645352125168,0.001191864488646388,2,2,4
1927,920,4233,0.0,0.009999999776482582,1.19206702709198,0.027438146993517876,0.0002743814548011869,2,2,4
1928,920,921,0.0,0.009999999776482582,1.1228760480880737,0.017553720623254776,0.00017553720681462437,2,2,4
1929,921,922,0.0,0.009999999776482582,1.1228760480880737,0.017553720623254776,0.00017553720681462437,2,2,4
1930,922,3749,0.0,0.009999999776482582,1.2615556716918945,0.03736509755253792,0.00037365095340646803,2,2,4
1931,3929,4932,0.0,0.009999999776482582,5.886224746704102,0.6980320811271667,0.006980320438742638,2,6,12
1932,923,4932,0.0,0.009999999776482582,4.306911945343018,0.4724159836769104,0.004724159836769104,2,5,10
1933,923,4207,0.0,0.009999999776482582,4.306911945343018,0.4724159836769104,0.004724159836769104,2,5,10
1934,3955,4196,0.0,0.009999999776482582,5.737250804901123,0.676750123500824,0.006767501123249531,2,6,12
1935,4196,4932,0.0,0.009999999776482582,2.543816566467285,0.2205452173948288,0.0022054521832615137,2,3,6
1936,924,3749,0.0,0.009999999776482582,1.2615556716918945,0.03736509755253792,0.00037365095340646803,2,2,4
1937,924,925,0.0,0.009999999776482582,1.6870651245117188,0.09815216064453125,0.0009815215598791838,2,2,4
1938,925,4234,0.0,0.009999999776482582,1.6870651245117188,0.09815216064453125,0.0009815215598791838,2,2,4
1939,926,4234,0.0,0.009999999776482582,4.212748050689697,0.4589640200138092,0.004589640069752932,2,5,10
1940,927,3488,0.0,0.009999999776482582,2.652703285217285,0.2361004650592804,0.0023610047064721584,2,3,6
1941,927,928,0.0,0.009999999776482582,1.4903292655944824,0.0700470358133316,0.0007004703511483967,2,2,4
1942,928,929,0.0,0.009999999776482582,1.4903292655944824,0.0700470358133316,0.0007004703511483967,2,2,4
1943,929,3570,0.0,0.009999999776482582,1.5344600677490234,0.07635144144296646,0.0007635143701918423,2,2,4
1944,930,3570,0.0,0.009999999776482582,1.6108253002166748,0.08726076036691666,0.0008726075757294893,2,2,4
1945,930,931,0.0,0.009999999776482582,1.6149300336837769,0.08784715086221695,0.000878471473697573,2,2,4
1946,931,3488,0.0,0.009999999776482582,2.652703285217285,0.2361004650592804,0.0023610047064721584,2,3,6
1947,4034,4237,0.0,0.009999999776482582,2.122694253921509,0.1603848934173584,0.0016038488829508424,2,3,6
1948,4237,4933,0.5,0.5049999952316284,1.416895866394043,0.05955655127763748,0.030076058581471443,5,2,10
1949,4793,4933,0.0,0.009999999776482582,1.432059407234192,0.0617227740585804,0.0006172277498990297,2,2,4
1950,3732,4793,0.0,0.009999999776482582,1.7231553792953491,0.10330791026353836,0.0010330791119486094,2,2,4
1951,3732,4933,0.5,0.5049999952316284,1.7231553792953491,0.10330791026353836,0.052170492708683014,5,2,10
1952,3635,3732,0.0,0.009999999776482582,1.7231553792953491,0.10330791026353836,0.0010330791119486094,2,2,4
1953,3635,4933,0.0,0.009999999776482582,1.4406965970993042,0.06295665353536606,0.0006295664934441447,2,2,4
1954,932,3680,0.0,0.009999999776482582,3.5345754623413086,0.36208221316337585,0.0036208219826221466,2,4,8
1955,932,933,0.0,0.009999999776482582,2.0690484046936035,0.15272119641304016,0.0015272119781002402,2,3,6
1956,933,3594,0.0,0.009999999776482582,2.4442219734191895,0.20631742477416992,0.0020631742663681507,2,3,6
1957,934,3777,0.0,0.009999999776482582,7.127651214599609,0.8753787279129028,0.00875378679484129,2,8,16
1958,934,935,0.0,0.009999999776482582,1.511183261871338,0.07302618026733398,0.0007302617887035012,2,2,4
1959,935,3777,0.0,0.009999999776482582,7.127651214599609,0.8753787279129028,0.00875378679484129,2,8,16
1960,4015,4135,0.0,0.009999999776482582,3.346309185028076,0.33518701791763306,0.0033518699929118156,2,4,8
1961,936,4015,0.0,0.009999999776482582,2.5926620960235596,0.22752316296100616,0.0022752315271645784,2,3,6
1962,936,937,0.0,0.009999999776482582,2.079489231109619,0.15421274304389954,0.0015421273419633508,2,3,6
1963,937,3750,0.0,0.009999999776482582,2.9507369995117188,0.27867671847343445,0.002786767203360796,2,3,6
1964,4148,4240,0.0,0.009999999776482582,3.748027801513672,0.3925754129886627,0.003925754223018885,2,4,8
1965,4240,4934,0.0,0.009999999776482582,3.748027801513672,0.3925754129886627,0.003925754223018885,2,4,8
1966,3492,4934,0.0,0.009999999776482582,2.998826265335083,0.28554660081863403,0.002855465980246663,2,3,6
1967,938,3492,0.0,0.009999999776482582,2.998826265335083,0.28554660081863403,0.002855465980246663,2,3,6
1968,938,4241,0.0,0.009999999776482582,1.7746604681015015,0.11066578328609467,0.001106657786294818,2,2,4
1969,4241,4934,0.0,0.009999999776482582,1.7746604681015015,0.11066578328609467,0.001106657786294818,2,2,4
1970,3923,4934,0.0,0.009999999776482582,1.545691967010498,0.07795599848031998,0.0007795599522069097,2,2,4
1971,3777,4935,0.0,0.009999999776482582,7.127651214599609,0.8753787279129028,0.00875378679484129,2,8,16
1972,939,3777,0.0,0.009999999776482582,7.127651214599609,0.8753787279129028,0.00875378679484129,2,8,16
1973,939,4935,0.0,0.009999999776482582,2.5561702251434326,0.22231003642082214,0.0022231002803891897,2,3,6
1974,3815,4935,0.0,0.009999999776482582,5.925902366638184,0.7037003636360168,0.0070370035246014595,2,6,12
1975,940,4242,0.0,0.009999999776482582,5.474287033081055,0.6391838788986206,0.006391838658601046,2,6,12
1976,940,4243,0.0,0.009999999776482582,1.8492265939712524,0.12131808698177338,0.0012131808325648308,2,2,4
1977,4242,4243,0.0,0.009999999776482582,5.474287033081055,0.6391838788986206,0.006391838658601046,2,6,12
1978,941,4912,0.0,0.009999999776482582,1.7454429864883423,0.10649185627698898,0.0010649185860529542,2,2,4
1979,941,942,0.0,0.009999999776482582,1.589716911315918,0.08424527198076248,0.0008424526895396411,2,2,4
1980,942,943,0.0,0.009999999776482582,2.8853554725646973,0.2693364918231964,0.0026933648623526096,2,3,6
1981,3647,3814,0.0,0.009999999776482582,4.510677337646484,0.501525342464447,0.005015253089368343,2,5,10
1982,3647,4289,0.0,0.009999999776482582,2.042573928833008,0.1489391326904297,0.0014893913175910711,2,3,6
1983,3814,4289,0.0,0.009999999776482582,4.510677337646484,0.501525342464447,0.005015253089368343,2,5,10
1984,944,4159,0.0,0.009999999776482582,1.9235029220581055,0.13192899525165558,0.001319289905950427,2,2,4
1985,944,945,0.0,0.009999999776482582,2.3123748302459717,0.18748211860656738,0.001874821144156158,2,3,6
1986,945,4159,0.0,0.009999999776482582,2.3123748302459717,0.18748211860656738,0.001874821144156158,2,3,6
1987,3471,4159,0.0,0.009999999776482582,2.679168701171875,0.2398812472820282,0.0023988124448806047,2,3,6
1988,946,3471,0.0,0.009999999776482582,2.679168701171875,0.2398812472820282,0.0023988124448806047,2,3,6
1989,946,947,0.0,0.009999999776482582,4.3987040519714355,0.4855291545391083,0.004855291452258825,2,5,10
1990,947,4159,0.0,0.009999999776482582,4.3987040519714355,0.4855291545391083,0.004855291452258825,2,5,10
1991,948,4159,0.0,0.009999999776482582,1.9235029220581055,0.13192899525165558,0.001319289905950427,2,2,4
1992,948,949,0.0,0.009999999776482582,1.2447659969329834,0.034966569393873215,0.000349665671819821,2,2,4
1993,949,4159,0.0,0.009999999776482582,1.9235029220581055,0.13192899525165558,0.001319289905950427,2,2,4
1994,950,3911,0.0,0.009999999776482582,1.7755000591278076,0.11078572273254395,0.0011078572133556008,2,2,4
1995,950,951,0.0,0.009999999776482582,1.9429771900177002,0.13471102714538574,0.0013471102574840188,2,2,4
1996,951,3911,0.0,0.009999999776482582,1.9429771900177002,0.13471102714538574,0.0013471102574840188,2,2,4
1997,952,3814,0.0,0.009999999776482582,4.510677337646484,0.501525342464447,0.005015253089368343,2,5,10
1998,952,4187,0.0,0.009999999776482582,1.9663554430007935,0.13805077970027924,0.0013805077178403735,2,2,4
1999,3477,4187,0.0,0.009999999776482582,7.005972385406494,0.8579960465431213,0.008579960092902184,2,8,16
2000,953,4937,0.0,0.009999999776482582,2.4256277084350586,0.20366109907627106,0.0020366108510643244,2,3,6
2001,953,954,0.0,0.009999999776482582,2.975170135498047,0.2821671664714813,0.0028216715436428785,2,3,6
2002,954,4937,0.0,0.009999999776482582,2.975170135498047,0.2821671664714813,0.0028216715436428785,2,3,6
2003,4937,4938,0.5,0.5049999952316284,2.4256277084350586,0.20366109907627106,0.10284885764122009,5,3,15
2004,3233,4938,0.0,0.009999999776482582,1.8912270069122314,0.1273181438446045,0.0012731814058497548,2,2,4
2005,3233,4937,0.0,0.009999999776482582,2.4256277084350586,0.20366109907627106,0.0020366108510643244,2,3,6
2006,4937,4939,0.0,0.009999999776482582,2.4256277084350586,0.20366109907627106,0.0020366108510643244,2,3,6
2007,3649,4937,0.0,0.009999999776482582,2.4256277084350586,0.20366109907627106,0.0020366108510643244,2,3,6
2008,3649,4938,0.0,0.009999999776482582,1.7447562217712402,0.10639374703168869,0.0010639374377205968,2,2,4
2009,4280,4938,0.0,0.009999999776482582,1.035805106163025,0.0051150149665772915,5.115014937473461e-05,2,2,4
2010,4280,4937,0.5,0.5049999952316284,2.4256277084350586,0.20366109907627106,0.10284885764122009,5,3,15
2011,955,4937,0.0,0.009999999776482582,2.4256277084350586,0.20366109907627106,0.0020366108510643244,2,3,6
2012,955,956,0.0,0.009999999776482582,2.6619105339050293,0.23741579055786133,0.002374157775193453,2,3,6
2013,956,4937,0.0,0.009999999776482582,2.6619105339050293,0.23741579055786133,0.002374157775193453,2,3,6
2014,4937,4940,0.0,0.009999999776482582,2.4256277084350586,0.20366109907627106,0.0020366108510643244,2,3,6
2015,4938,4940,0.0,0.009999999776482582,1.155446171760559,0.022206595167517662,0.00022206595167517662,2,2,4
2016,4280,4940,0.0,0.009999999776482582,1.155446171760559,0.022206595167517662,0.00022206595167517662,2,2,4
2017,957,4937,0.0,0.009999999776482582,2.4256277084350586,0.20366109907627106,0.0020366108510643244,2,3,6
2018,957,4938,0.0,0.009999999776482582,1.1636528968811035,0.02337898500263691,0.00023378984769806266,2,2,4
2019,958,4941,0.0,0.009999999776482582,1.401152491569519,0.05730750039219856,0.0005730749689973891,2,2,4
2020,958,959,0.0,0.009999999776482582,1.2081419229507446,0.02973456121981144,0.000297345599392429,2,2,4
2021,959,4942,0.0,0.009999999776482582,1.2081419229507446,0.02973456121981144,0.000297345599392429,2,2,4
2022,3566,4232,0.0,0.009999999776482582,4.0323381423950195,0.4331911504268646,0.004331911448389292,2,5,10
2023,960,3566,0.0,0.009999999776482582,2.314941883087158,0.18784883618354797,0.0018784883432090282,2,3,6
2024,960,4232,0.0,0.009999999776482582,4.0323381423950195,0.4331911504268646,0.004331911448389292,2,5,10
2025,3832,4225,0.0,0.009999999776482582,2.2142157554626465,0.17345939576625824,0.0017345938831567764,2,3,6
2026,3477,4132,0.5,0.5049999952316284,7.005972385406494,0.8579960465431213,0.43328800797462463,5,8,40
2027,961,4132,0.0,0.009999999776482582,2.998655080795288,0.2855221629142761,0.0028552215080708265,2,3,6
2028,961,3777,0.0,0.009999999776482582,7.127651214599609,0.8753787279129028,0.00875378679484129,2,8,16
2029,3777,4536,0.0,0.009999999776482582,7.127651214599609,0.8753787279129028,0.00875378679484129,2,8,16
2030,962,4536,0.0,0.009999999776482582,1.8218456506729126,0.11740652471780777,0.0011740651680156589,2,2,4
2031,962,3989,0.0,0.009999999776482582,3.2833027839660645,0.3261861205101013,0.0032618611585348845,2,4,8
2032,3477,3823,0.0,0.009999999776482582,7.005972385406494,0.8579960465431213,0.008579960092902184,2,8,16
2033,3823,4536,0.0,0.009999999776482582,1.8218456506729126,0.11740652471780777,0.0011740651680156589,2,2,4
2034,963,4536,0.0,0.009999999776482582,1.8218456506729126,0.11740652471780777,0.0011740651680156589,2,2,4
2035,963,3610,0.0,0.009999999776482582,1.3266900777816772,0.046670012176036835,0.0004667001194320619,2,2,4
2036,3610,3823,0.0,0.009999999776482582,1.3266900777816772,0.046670012176036835,0.0004667001194320619,2,2,4
2037,3823,4118,0.0,0.009999999776482582,2.039367198944092,0.14848102629184723,0.0014848102582618594,2,3,6
2038,964,3651,0.0,0.009999999776482582,7.146246433258057,0.8780351877212524,0.008780351839959621,2,8,16
2039,964,3618,0.0,0.009999999776482582,4.362098693847656,0.48029980063438416,0.004802997689694166,2,5,10
2040,3618,3651,0.0,0.009999999776482582,7.146246433258057,0.8780351877212524,0.008780351839959621,2,8,16
2041,4184,4943,0.0,0.009999999776482582,2.2387583255767822,0.17696547508239746,0.0017696546856313944,2,3,6
2042,3759,4943,0.0,0.009999999776482582,2.526895046234131,0.21812786161899567,0.0021812785416841507,2,3,6
2043,3688,4463,0.0,0.009999999776482582,5.347396373748779,0.6210566163063049,0.006210566032677889,2,6,12
2044,4463,4944,0.0,0.009999999776482582,1.680991291999817,0.0972844734787941,0.0009728447184897959,2,2,4
2045,3688,4944,0.0,0.009999999776482582,5.347396373748779,0.6210566163063049,0.006210566032677889,2,6,12
2046,3520,4251,0.5,0.5049999952316284,3.8250794410705566,0.40358278155326843,0.20380930602550507,5,4,20
2047,4029,4251,0.0,0.009999999776482582,2.4656260013580322,0.20937514305114746,0.002093751449137926,2,3,6
2048,3965,4250,0.0,0.009999999776482582,4.287033557891846,0.4695762097835541,0.004695761948823929,2,5,10
2049,4181,4251,0.0,0.009999999776482582,2.4656260013580322,0.20937514305114746,0.002093751449137926,2,3,6
2050,4029,4181,0.0,0.009999999776482582,2.302846908569336,0.18612098693847656,0.0018612098647281528,2,3,6
2051,4029,4534,0.0,0.009999999776482582,2.1541714668273926,0.164881631731987,0.001648816280066967,2,3,6
2052,3520,4250,0.0,0.009999999776482582,3.8250794410705566,0.40358278155326843,0.004035827703773975,2,4,8
2053,965,4250,0.0,0.009999999776482582,2.8376548290252686,0.2625221312046051,0.0026252211537212133,2,3,6
2054,965,4181,0.0,0.009999999776482582,2.8376548290252686,0.2625221312046051,0.0026252211537212133,2,3,6
2055,3955,4181,0.0,0.009999999776482582,5.737250804901123,0.676750123500824,0.006767501123249531,2,6,12
2056,3600,4196,0.0,0.009999999776482582,4.620024681091309,0.5171464085578918,0.0051714638248085976,2,5,10
2057,4196,4251,0.0,0.009999999776482582,2.543816566467285,0.2205452173948288,0.0022054521832615137,2,3,6
2058,4251,4534,0.5,0.5049999952316284,2.4656260013580322,0.20937514305114746,0.1057344451546669,5,3,15
2059,3820,4250,0.0,0.009999999776482582,4.4202141761779785,0.48860201239585876,0.004886019974946976,2,5,10
2060,4181,4250,0.0,0.009999999776482582,2.302846908569336,0.18612098693847656,0.0018612098647281528,2,3,6
2061,3820,4181,0.0,0.009999999776482582,4.4202141761779785,0.48860201239585876,0.004886019974946976,2,5,10
2062,3577,4253,0.9999998807907104,0.9999998807907104,3.9768004417419434,0.42525720596313477,0.42525714635849,5,4,20
2063,4251,4253,0.0,0.009999999776482582,2.4656260013580322,0.20937514305114746,0.002093751449137926,2,3,6
2064,966,4253,0.0,0.009999999776482582,2.318446159362793,0.18834945559501648,0.001883494551293552,2,3,6
2065,966,967,0.0,0.009999999776482582,2.453291654586792,0.20761309564113617,0.0020761308260262012,2,3,6
2066,967,3777,0.0,0.009999999776482582,7.127651214599609,0.8753787279129028,0.00875378679484129,2,8,16
2067,4253,4946,0.0,0.009999999776482582,2.318446159362793,0.18834945559501648,0.001883494551293552,2,3,6
2068,4261,4946,0.5,0.5049999952316284,1.3243058919906616,0.04632941260933876,0.02339635230600834,5,2,10
2069,968,4529,0.0,0.009999999776482582,1.779203176498413,0.11131473630666733,0.0011131473584100604,2,2,4
2070,968,4946,0.0,0.009999999776482582,1.6163769960403442,0.088053859770298,0.0008805386023595929,2,2,4
2071,969,4020,0.0,0.009999999776482582,3.0208048820495605,0.2886864244937897,0.002886864123865962,2,4,8
2072,969,970,0.0,0.009999999776482582,1.486437201499939,0.06949102878570557,0.0006949102971702814,2,2,4
2073,970,3762,0.0,0.009999999776482582,2.0399599075317383,0.14856569468975067,0.0014856569468975067,2,3,6
2074,3762,4945,0.0,0.009999999776482582,4.332064628601074,0.47600921988487244,0.004760092124342918,2,5,10
2075,3577,4178,0.0,0.009999999776482582,3.9768004417419434,0.42525720596313477,0.004252572078257799,2,4,8
2076,4065,4178,0.0,0.009999999776482582,1.7976423501968384,0.11394890397787094,0.0011394890025258064,2,2,4
2077,3860,4065,0.0,0.009999999776482582,2.1577115058898926,0.165387362241745,0.0016538735944777727,2,3,6
2078,3815,4254,0.0,0.009999999776482582,5.925902366638184,0.7037003636360168,0.0070370035246014595,2,6,12
2079,3740,4254,0.5,0.5049999952316284,2.648833751678467,0.23554767668247223,0.11895157396793365,5,3,15
2080,3740,3777,0.0,0.009999999776482582,7.127651214599609,0.8753787279129028,0.00875378679484129,2,8,16
2081,971,4948,0.0,0.009999999776482582,1.4853187799453735,0.06933125108480453,0.0006933124968782067,2,2,4
2082,971,3654,0.0,0.009999999776482582,1.53155517578125,0.0759364515542984,0.0007593645132146776,2,2,4
2083,3654,4226,0.0,0.009999999776482582,1.53155517578125,0.0759364515542984,0.0007593645132146776,2,2,4
2084,4226,4947,0.0,0.009999999776482582,1.1750673055648804,0.02500961534678936,0.0002500961418263614,2,2,4
2085,972,3561,0.0,0.009999999776482582,2.67909574508667,0.2398708164691925,0.002398708136752248,2,3,6
2086,972,3720,0.0,0.009999999776482582,1.3547756671905518,0.05068223923444748,0.0005068223690614104,2,2,4
2087,3561,3720,0.0,0.009999999776482582,2.67909574508667,0.2398708164691925,0.002398708136752248,2,3,6
2088,3720,4795,0.0,0.009999999776482582,2.783698081970215,0.2548139989376068,0.0025481400080025196,2,3,6
2089,3561,4795,0.0,0.009999999776482582,2.783698081970215,0.2548139989376068,0.0025481400080025196,2,3,6
2090,973,3726,0.0,0.009999999776482582,2.122671604156494,0.16038165986537933,0.0016038165194913745,2,3,6
2091,973,974,0.0,0.009999999776482582,1.593412160873413,0.08477316796779633,0.0008477316587232053,2,2,4
2092,974,3636,0.0,0.009999999776482582,6.962948799133301,0.8518498539924622,0.00851849839091301,2,7,14
2093,975,3726,0.0,0.009999999776482582,2.30783748626709,0.1868339329957962,0.001868339255452156,2,3,6
2094,975,976,0.0,0.009999999776482582,2.30783748626709,0.1868339329957962,0.001868339255452156,2,3,6
2095,976,2084,0.0,0.009999999776482582,1.868625521659851,0.12408936023712158,0.0012408936163410544,2,2,4
2096,2084,4257,0.0,0.009999999776482582,1.7380399703979492,0.10543428361415863,0.0010543428361415863,2,2,4
2097,977,4257,0.0,0.009999999776482582,1.2216227054595947,0.03166038542985916,0.00031660383683629334,2,2,4
2098,977,3508,0.0,0.009999999776482582,1.73793625831604,0.10541946440935135,0.0010541946394369006,2,2,4
2099,978,3508,0.0,0.009999999776482582,1.73793625831604,0.10541946440935135,0.0010541946394369006,2,2,4
2100,979,3726,0.0,0.009999999776482582,3.222700357437134,0.317528635263443,0.003175286343321204,2,4,8
2101,979,980,0.0,0.009999999776482582,3.222700357437134,0.317528635263443,0.003175286343321204,2,4,8
2102,980,4258,0.0,0.009999999776482582,1.6061818599700928,0.08659740537405014,0.0008659740560688078,2,2,4
2103,3450,3640,0.0,0.009999999776482582,2.0588576793670654,0.15126538276672363,0.0015126537764444947,2,3,6
2104,981,3450,0.0,0.009999999776482582,1.732459306716919,0.1046370416879654,0.0010463703656569123,2,2,4
2105,981,3655,0.0,0.009999999776482582,3.6426124572753906,0.3775160610675812,0.00377516052685678,2,4,8
2106,3777,4225,0.0,0.009999999776482582,7.127651214599609,0.8753787279129028,0.00875378679484129,2,8,16
2107,4225,4950,0.0,0.009999999776482582,1.9961332082748413,0.14230474829673767,0.001423047506250441,2,2,4
2108,3777,4950,0.0,0.009999999776482582,7.127651214599609,0.8753787279129028,0.00875378679484129,2,8,16
2109,982,3651,0.0,0.009999999776482582,7.146246433258057,0.8780351877212524,0.008780351839959621,2,8,16
2110,982,4815,0.0,0.009999999776482582,1.1457265615463257,0.020818080753087997,0.00020818080520257354,2,2,4
2111,3651,4815,0.9999998807907104,0.9999998807907104,7.146246433258057,0.8780351877212524,0.8780350685119629,5,8,40
2112,983,3651,0.0,0.009999999776482582,7.146246433258057,0.8780351877212524,0.008780351839959621,2,8,16
2113,983,4262,0.0,0.009999999776482582,2.36386775970459,0.1948382556438446,0.0019483824726194143,2,3,6
2114,4262,4265,0.0,0.009999999776482582,1.3894460201263428,0.05563514679670334,0.0005563514423556626,2,2,4
2115,3651,4265,0.9999998807907104,0.9999998807907104,7.146246433258057,0.8780351877212524,0.8780350685119629,5,8,40
2116,984,3651,0.0,0.009999999776482582,7.146246433258057,0.8780351877212524,0.008780351839959621,2,8,16
2117,984,4054,0.0,0.009999999776482582,2.047337055206299,0.14961957931518555,0.0014961957931518555,2,3,6
2118,985,4054,0.0,0.009999999776482582,2.047337055206299,0.14961957931518555,0.0014961957931518555,2,3,6
2119,985,4687,0.0,0.009999999776482582,1.3082208633422852,0.04403155297040939,0.00044031551806256175,2,2,4
2120,986,4687,0.0,0.009999999776482582,1.2059522867202759,0.02942175604403019,0.0002942175487987697,2,2,4
2121,986,3651,0.0,0.009999999776482582,7.146246433258057,0.8780351877212524,0.008780351839959621,2,8,16
2122,987,3651,0.0,0.009999999776482582,7.146246433258057,0.8780351877212524,0.008780351839959621,2,8,16
2123,987,4687,0.0,0.009999999776482582,1.2059522867202759,0.02942175604403019,0.0002942175487987697,2,2,4
2124,3651,4687,0.9999998807907104,0.9999998807907104,7.146246433258057,0.8780351877212524,0.8780350685119629,5,8,40
2125,3651,4263,0.5,0.5049999952316284,7.146246433258057,0.8780351877212524,0.4434077739715576,5,8,40
2126,988,4263,0.0,0.009999999776482582,1.5632141828536987,0.08045917004346848,0.000804591691121459,2,2,4
2127,988,3651,0.0,0.009999999776482582,7.146246433258057,0.8780351877212524,0.008780351839959621,2,8,16
2128,4265,4687,0.5,0.5049999952316284,1.2517448663711548,0.03596355393528938,0.0181615948677063,5,2,10
2129,3651,4264,0.5,0.5049999952316284,7.146246433258057,0.8780351877212524,0.4434077739715576,5,8,40
2130,4264,4265,0.5,0.5049999952316284,1.320090413093567,0.0457272008061409,0.02309223636984825,5,2,10
2131,3651,4698,0.0,0.009999999776482582,7.146246433258057,0.8780351877212524,0.008780351839959621,2,8,16
2132,989,4698,0.0,0.009999999776482582,1.4390009641647339,0.06271442025899887,0.0006271441816352308,2,2,4
2133,989,4815,0.0,0.009999999776482582,1.3403377532958984,0.04861968010663986,0.0004861968045588583,2,2,4
2134,990,4687,0.0,0.009999999776482582,1.965118408203125,0.1378740519285202,0.0013787405332550406,2,2,4
2135,990,4266,0.0,0.009999999776482582,1.965118408203125,0.1378740519285202,0.0013787405332550406,2,2,4
2136,4266,4815,0.0,0.009999999776482582,1.4451026916503906,0.06358610093593597,0.0006358610116876662,2,2,4
2137,991,3651,0.0,0.009999999776482582,7.146246433258057,0.8780351877212524,0.008780351839959621,2,8,16
2138,991,4815,0.0,0.009999999776482582,1.664517879486084,0.09493112564086914,0.0009493112447671592,2,2,4
2139,992,3651,0.0,0.009999999776482582,7.146246433258057,0.8780351877212524,0.008780351839959621,2,8,16
2140,992,4268,0.0,0.009999999776482582,1.2590693235397339,0.03700990229845047,0.0003700990055222064,2,2,4
2141,4268,4687,0.0,0.009999999776482582,1.2059522867202759,0.02942175604403019,0.0002942175487987697,2,2,4
2142,3587,4687,0.0,0.009999999776482582,1.2354589700698853,0.033636994659900665,0.0003363699361216277,2,2,4
2143,993,3587,0.0,0.009999999776482582,1.2354589700698853,0.033636994659900665,0.0003363699361216277,2,2,4
2144,993,994,0.0,0.009999999776482582,2.633214235305786,0.2333163172006607,0.0023331630509346724,2,3,6
2145,994,3651,0.0,0.009999999776482582,7.146246433258057,0.8780351877212524,0.008780351839959621,2,8,16
2146,995,3965,0.0,0.009999999776482582,4.287033557891846,0.4695762097835541,0.004695761948823929,2,5,10
2147,995,4196,0.0,0.009999999776482582,2.543816566467285,0.2205452173948288,0.0022054521832615137,2,3,6
2148,4196,5045,0.0,0.009999999776482582,6.599079132080078,0.7998684644699097,0.007998684421181679,2,7,14
2149,3777,4317,0.0,0.009999999776482582,7.127651214599609,0.8753787279129028,0.00875378679484129,2,8,16
2150,996,4317,0.0,0.009999999776482582,3.0717737674713135,0.2959676682949066,0.0029596765525639057,2,4,8
2151,996,3860,0.0,0.009999999776482582,3.0717737674713135,0.2959676682949066,0.0029596765525639057,2,4,8
2152,3653,4230,0.0,0.009999999776482582,4.234185695648193,0.46202653646469116,0.0046202652156353,2,5,10
2153,4066,4230,0.0,0.009999999776482582,1.7450989484786987,0.10644270479679108,0.0010644270805642009,2,2,4
2154,3234,4066,0.0,0.009999999776482582,2.0075578689575195,0.14393684267997742,0.0014393683522939682,2,3,6
2155,3234,4015,0.0,0.009999999776482582,2.5926620960235596,0.22752316296100616,0.0022752315271645784,2,3,6
2156,3566,4269,0.0,0.009999999776482582,2.314941883087158,0.18784883618354797,0.0018784883432090282,2,3,6
2157,3566,3777,0.0,0.009999999776482582,7.127651214599609,0.8753787279129028,0.00875378679484129,2,8,16
2158,997,4886,0.0,0.009999999776482582,1.9909734725952148,0.1415676325559616,0.0014156763209030032,2,2,4
2159,997,4317,0.0,0.009999999776482582,2.1672942638397217,0.16675631701946259,0.0016675631050020456,2,3,6
2160,4317,4688,0.0,0.009999999776482582,3.2831151485443115,0.3261592984199524,0.003261592937633395,2,4,8
2161,3656,4688,0.0,0.009999999776482582,3.2831151485443115,0.3261592984199524,0.003261592937633395,2,4,8
2162,3235,3656,0.0,0.009999999776482582,2.515963554382324,0.21656621992588043,0.0021656621247529984,2,3,6
2163,3235,4255,0.0,0.009999999776482582,1.9915984869003296,0.14165692031383514,0.0014165692264214158,2,2,4
2164,3566,4295,0.0,0.009999999776482582,6.226338863372803,0.7466198205947876,0.007466197945177555,2,7,14
2165,3566,3640,0.0,0.009999999776482582,2.314941883087158,0.18784883618354797,0.0018784883432090282,2,3,6
2166,3640,3662,0.0,0.009999999776482582,2.087045669555664,0.15529224276542664,0.0015529224183410406,2,3,6
2167,4064,4886,0.0,0.009999999776482582,2.247023344039917,0.17814619839191437,0.0017814619932323694,2,3,6
2168,3234,4064,0.0,0.009999999776482582,2.247023344039917,0.17814619839191437,0.0017814619932323694,2,3,6
2169,3234,3656,0.0,0.009999999776482582,2.515963554382324,0.21656621992588043,0.0021656621247529984,2,3,6
2170,3656,4015,0.0,0.009999999776482582,2.5926620960235596,0.22752316296100616,0.0022752315271645784,2,3,6
2171,3662,4015,0.0,0.009999999776482582,2.5926620960235596,0.22752316296100616,0.0022752315271645784,2,3,6
2172,998,3786,0.0,0.009999999776482582,5.6058244705200195,0.657974898815155,0.006579748820513487,2,6,12
2173,998,4270,0.0,0.009999999776482582,5.6058244705200195,0.657974898815155,0.006579748820513487,2,6,12
2174,3577,4270,0.0,0.009999999776482582,3.9768004417419434,0.42525720596313477,0.004252572078257799,2,4,8
2175,999,3577,0.0,0.009999999776482582,3.9768004417419434,0.42525720596313477,0.004252572078257799,2,4,8
2176,999,1000,0.0,0.009999999776482582,3.8319647312164307,0.40456637740135193,0.004045663867145777,2,4,8
2177,1000,4886,0.0,0.009999999776482582,3.0808842182159424,0.29726916551589966,0.0029726915527135134,2,4,8
2178,3235,4886,0.0,0.009999999776482582,1.9915984869003296,0.14165692031383514,0.0014165692264214158,2,2,4
2179,3235,4951,0.0,0.009999999776482582,1.9915984869003296,0.14165692031383514,0.0014165692264214158,2,2,4
2180,4951,4952,0.9999998807907104,0.9999998807907104,1.9913880825042725,0.14162686467170715,0.14162684977054596,5,2,10
2181,1001,4951,0.0,0.009999999776482582,4.417546272277832,0.4882209002971649,0.004882209002971649,2,5,10
2182,3777,4952,0.0,0.009999999776482582,7.127651214599609,0.8753787279129028,0.00875378679484129,2,8,16
2183,3957,4796,0.0,0.009999999776482582,1.835585594177246,0.11936937272548676,0.0011936937225982547,2,2,4
2184,1002,4953,0.0,0.009999999776482582,1.5537718534469604,0.07911026477813721,0.0007911026477813721,2,2,4
2185,1002,1003,0.0,0.009999999776482582,1.1640937328338623,0.023441961035132408,0.0002344196109334007,2,2,4
2186,1003,4953,0.0,0.009999999776482582,1.5537718534469604,0.07911026477813721,0.0007911026477813721,2,2,4
2187,1004,4145,0.0,0.009999999776482582,3.887429714202881,0.41248995065689087,0.0041248993948102,2,4,8
2188,1004,1005,0.0,0.009999999776482582,1.123480200767517,0.01764002814888954,0.0001764002809068188,2,2,4
2189,1005,4145,0.0,0.009999999776482582,3.887429714202881,0.41248995065689087,0.0041248993948102,2,4,8
2190,3955,4337,0.0,0.009999999776482582,5.737250804901123,0.676750123500824,0.006767501123249531,2,6,12
2191,4241,4337,0.0,0.009999999776482582,1.7746604681015015,0.11066578328609467,0.001106657786294818,2,2,4
2192,3955,4241,0.0,0.009999999776482582,5.737250804901123,0.676750123500824,0.006767501123249531,2,6,12
2193,1006,3456,0.0,0.009999999776482582,2.748372793197632,0.24976754188537598,0.0024976753629744053,2,3,6
2194,1006,1007,0.0,0.009999999776482582,2.9247078895568848,0.2749582827091217,0.002749582752585411,2,3,6
2195,1007,1008,0.0,0.009999999776482582,2.9247078895568848,0.2749582827091217,0.002749582752585411,2,3,6
2196,1008,3456,0.0,0.009999999776482582,2.748372793197632,0.24976754188537598,0.0024976753629744053,2,3,6
2197,3931,4954,0.0,0.009999999776482582,1.3954771757125854,0.05649673938751221,0.0005649673985317349,2,2,4
2198,1009,4954,0.0,0.009999999776482582,1.2243562936782837,0.03205090016126633,0.00032050898880697787,2,2,4
2199,4703,4954,0.0,0.009999999776482582,1.8160898685455322,0.11658426374197006,0.0011658426374197006,2,2,4
2200,1010,3477,0.0,0.009999999776482582,7.005972385406494,0.8579960465431213,0.008579960092902184,2,8,16
2201,1010,4132,0.0,0.009999999776482582,2.0811610221862793,0.15445157885551453,0.0015445157187059522,2,3,6
2202,1011,3477,0.0,0.009999999776482582,7.005972385406494,0.8579960465431213,0.008579960092902184,2,8,16
2203,1011,1012,0.0,0.009999999776482582,1.9383618831634521,0.13405169546604156,0.0013405169593170285,2,2,4
2204,1012,3477,0.0,0.009999999776482582,7.005972385406494,0.8579960465431213,0.008579960092902184,2,8,16
2205,1013,3477,0.0,0.009999999776482582,7.005972385406494,0.8579960465431213,0.008579960092902184,2,8,16
2206,1013,1014,0.0,0.009999999776482582,1.8435908555984497,0.12051297724246979,0.0012051297817379236,2,2,4
2207,1014,3477,0.0,0.009999999776482582,7.005972385406494,0.8579960465431213,0.008579960092902184,2,8,16
2208,1015,3477,0.0,0.009999999776482582,7.005972385406494,0.8579960465431213,0.008579960092902184,2,8,16
2209,1015,1016,0.0,0.009999999776482582,1.9059131145477295,0.12941615283489227,0.0012941615423187613,2,2,4
2210,1016,3477,0.0,0.009999999776482582,7.005972385406494,0.8579960465431213,0.008579960092902184,2,8,16
2211,1017,3532,0.0,0.009999999776482582,3.976273536682129,0.42518192529678345,0.0042518191039562225,2,4,8
2212,1017,3841,0.0,0.009999999776482582,2.627627372741699,0.23251819610595703,0.0023251818493008614,2,3,6
2213,3532,3841,0.0,0.009999999776482582,3.976273536682129,0.42518192529678345,0.0042518191039562225,2,4,8
2214,4135,4955,0.9999998807907104,0.9999998807907104,3.346309185028076,0.33518701791763306,0.33518698811531067,5,4,20
2215,4955,4956,0.0,0.009999999776482582,2.9527060985565186,0.2789580225944519,0.002789580263197422,2,3,6
2216,3681,4956,0.0,0.009999999776482582,2.9527060985565186,0.2789580225944519,0.002789580263197422,2,3,6
2217,1018,3681,0.0,0.009999999776482582,1.533625841140747,0.07623226195573807,0.0007623226265423,2,2,4
2218,1018,4135,0.0,0.009999999776482582,3.346309185028076,0.33518701791763306,0.0033518699929118156,2,4,8
2219,3520,3951,0.0,0.009999999776482582,3.8250794410705566,0.40358278155326843,0.004035827703773975,2,4,8
2220,3951,4194,0.0,0.009999999776482582,3.1456170082092285,0.30651670694351196,0.0030651669949293137,2,4,8
2221,4194,4957,0.5,0.5049999952316284,1.8385273218154907,0.11978961527347565,0.06049375608563423,5,2,10
2222,3951,4957,0.5,0.5049999952316284,3.1456170082092285,0.30651670694351196,0.1547909379005432,5,4,20
2223,3236,3951,0.0,0.009999999776482582,3.1456170082092285,0.30651670694351196,0.0030651669949293137,2,4,8
2224,3236,4135,0.0,0.009999999776482582,3.346309185028076,0.33518701791763306,0.0033518699929118156,2,4,8
2225,4135,4957,0.0,0.009999999776482582,3.346309185028076,0.33518701791763306,0.0033518699929118156,2,4,8
2226,3819,3951,0.5,0.5049999952316284,3.1456170082092285,0.30651670694351196,0.1547909379005432,5,4,20
2227,1019,4955,0.0,0.009999999776482582,3.859309434890747,0.40847277641296387,0.004084727726876736,2,4,8
2228,1019,4135,0.0,0.009999999776482582,3.859309434890747,0.40847277641296387,0.004084727726876736,2,4,8
2229,4135,4194,0.5,0.5049999952316284,3.346309185028076,0.33518701791763306,0.16926944255828857,5,4,20
2230,1020,4957,0.0,0.009999999776482582,3.3120219707489014,0.3302888572216034,0.0033028884790837765,2,4,8
2231,1020,4276,0.0,0.009999999776482582,3.3120219707489014,0.3302888572216034,0.0033028884790837765,2,4,8
2232,4135,4276,0.0,0.009999999776482582,3.346309185028076,0.33518701791763306,0.0033518699929118156,2,4,8
2233,1021,4135,0.0,0.009999999776482582,3.346309185028076,0.33518701791763306,0.0033518699929118156,2,4,8
2234,1021,4956,0.0,0.009999999776482582,2.9527060985565186,0.2789580225944519,0.002789580263197422,2,3,6
2235,4956,4957,0.0,0.009999999776482582,2.9527060985565186,0.2789580225944519,0.002789580263197422,2,3,6
2236,3488,4957,0.0,0.009999999776482582,2.652703285217285,0.2361004650592804,0.0023610047064721584,2,3,6
2237,1022,4159,0.0,0.009999999776482582,1.9235029220581055,0.13192899525165558,0.001319289905950427,2,2,4
2238,1022,4277,0.0,0.009999999776482582,1.6069997549057007,0.0867142528295517,0.0008671425166539848,2,2,4
2239,1023,4277,0.0,0.009999999776482582,1.7131060361862183,0.1018722876906395,0.0010187228908762336,2,2,4
2240,1023,4159,0.0,0.009999999776482582,1.9235029220581055,0.13192899525165558,0.001319289905950427,2,2,4
2241,1024,4159,0.0,0.009999999776482582,1.9235029220581055,0.13192899525165558,0.001319289905950427,2,2,4
2242,1024,1025,0.0,0.009999999776482582,2.54032039642334,0.2200457751750946,0.0022004577331244946,2,3,6
2243,1025,1026,0.0,0.009999999776482582,2.54032039642334,0.2200457751750946,0.0022004577331244946,2,3,6
2244,1026,4159,0.0,0.009999999776482582,2.0745668411254883,0.15350954234600067,0.0015350953908637166,2,3,6
2245,1027,3809,0.0,0.009999999776482582,2.615657329559326,0.23080818355083466,0.0023080818355083466,2,3,6
2246,1027,1028,0.0,0.009999999776482582,2.615657329559326,0.23080818355083466,0.0023080818355083466,2,3,6
2247,1028,1029,0.0,0.009999999776482582,2.095719575881958,0.15653136372566223,0.0015653135487809777,2,3,6
2248,1029,1030,0.0,0.009999999776482582,2.095719575881958,0.15653136372566223,0.0015653135487809777,2,3,6
2249,1030,1031,0.0,0.009999999776482582,1.7520297765731812,0.10743282735347748,0.0010743282036855817,2,2,4
2250,1031,1032,0.0,0.009999999776482582,3.435932159423828,0.3479903042316437,0.0034799028653651476,2,4,8
2251,1032,3687,0.0,0.009999999776482582,3.435932159423828,0.3479903042316437,0.0034799028653651476,2,4,8
2252,1033,3653,0.0,0.009999999776482582,4.234185695648193,0.46202653646469116,0.0046202652156353,2,5,10
2253,1033,4249,0.0,0.009999999776482582,4.21171236038208,0.4588160514831543,0.004588160198181868,2,5,10
2254,3712,4249,0.0,0.009999999776482582,4.21171236038208,0.4588160514831543,0.004588160198181868,2,5,10
2255,1034,3777,0.0,0.009999999776482582,7.127651214599609,0.8753787279129028,0.00875378679484129,2,8,16
2256,1034,4297,0.0,0.009999999776482582,2.3827905654907227,0.1975415050983429,0.001975415041670203,2,3,6
2257,3777,4297,0.0,0.009999999776482582,7.127651214599609,0.8753787279129028,0.00875378679484129,2,8,16
2258,1035,4135,0.0,0.009999999776482582,3.346309185028076,0.33518701791763306,0.0033518699929118156,2,4,8
2259,1035,1036,0.0,0.009999999776482582,1.4729329347610474,0.06756184995174408,0.00067561847390607,2,2,4
2260,1036,4958,0.0,0.009999999776482582,2.8485360145568848,0.2640765607357025,0.0026407656259834766,2,3,6
2261,3777,4958,0.0,0.009999999776482582,7.127651214599609,0.8753787279129028,0.00875378679484129,2,8,16
2262,3237,3488,0.0,0.009999999776482582,2.652703285217285,0.2361004650592804,0.0023610047064721584,2,3,6
2263,3237,4959,0.0,0.009999999776482582,2.1625733375549316,0.16608190536499023,0.0016608190489932895,2,3,6
2264,3777,4959,0.0,0.009999999776482582,7.127651214599609,0.8753787279129028,0.00875378679484129,2,8,16
2265,1037,3687,0.0,0.009999999776482582,1.46083664894104,0.06583380699157715,0.0006583380745723844,2,2,4
2266,1037,1038,0.0,0.009999999776482582,1.4562644958496094,0.06518064439296722,0.0006518064183183014,2,2,4
2267,1038,3238,0.0,0.009999999776482582,1.4182696342468262,0.059752803295850754,0.0005975280073471367,2,2,4
2268,3238,4148,0.0,0.009999999776482582,2.2772340774536133,0.18246200680732727,0.0018246200634166598,2,3,6
2269,1039,4960,0.0,0.009999999776482582,1.5167807340621948,0.07382582128047943,0.0007382581825368106,2,2,4
2270,1039,3238,0.0,0.009999999776482582,1.5167807340621948,0.07382582128047943,0.0007382581825368106,2,2,4
2271,3238,4279,0.0,0.009999999776482582,1.4799846410751343,0.06856923550367355,0.000685692357365042,2,2,4
2272,3239,4279,0.0,0.009999999776482582,1.4799846410751343,0.06856923550367355,0.000685692357365042,2,2,4
2273,1040,3852,0.0,0.009999999776482582,3.0973920822143555,0.2996274530887604,0.0029962745029479265,2,4,8
2274,1040,1041,0.0,0.009999999776482582,2.522573232650757,0.21751046180725098,0.002175104571506381,2,3,6
2275,1041,1042,0.0,0.009999999776482582,1.3454694747924805,0.04935278370976448,0.0004935277975164354,2,2,4
2276,1043,4295,0.0,0.009999999776482582,6.226338863372803,0.7466198205947876,0.007466197945177555,2,7,14
2277,1043,1044,0.0,0.009999999776482582,3.140181064605713,0.3057401478290558,0.003057401394471526,2,4,8
2278,1044,4295,0.0,0.009999999776482582,6.226338863372803,0.7466198205947876,0.007466197945177555,2,7,14
2279,1045,4295,0.0,0.009999999776482582,6.226338863372803,0.7466198205947876,0.007466197945177555,2,7,14
2280,1045,1046,0.0,0.009999999776482582,1.7127561569213867,0.10182230919599533,0.0010182231198996305,2,2,4
2281,1046,1047,0.0,0.009999999776482582,1.4885008335113525,0.06978583335876465,0.0006978583405725658,2,2,4
2282,1047,4295,0.0,0.009999999776482582,6.226338863372803,0.7466198205947876,0.007466197945177555,2,7,14
2283,4024,4295,0.0,0.009999999776482582,6.226338863372803,0.7466198205947876,0.007466197945177555,2,7,14
2284,1048,4024,0.0,0.009999999776482582,1.9052746295928955,0.12932494282722473,0.0012932494282722473,2,2,4
2285,1048,3935,0.0,0.009999999776482582,3.109027862548828,0.30128970742225647,0.0030128969810903072,2,4,8
2286,3701,4109,0.9999998807907104,0.9999998807907104,5.110047817230225,0.5871496796607971,0.5871496200561523,5,6,30
2287,4109,4144,0.9999998807907104,0.9999998807907104,2.0839061737060547,0.15484373271465302,0.15484371781349182,5,3,15
2288,3701,4144,0.9999998807907104,0.9999998807907104,5.110047817230225,0.5871496796607971,0.5871496200561523,5,6,30
2289,3488,4109,0.0,0.009999999776482582,2.652703285217285,0.2361004650592804,0.0023610047064721584,2,3,6
2290,3488,4961,0.0,0.009999999776482582,3.3331611156463623,0.33330872654914856,0.0033330870792269707,2,4,8
2291,1049,4961,0.0,0.009999999776482582,3.3331611156463623,0.33330872654914856,0.0033330870792269707,2,4,8
2292,1049,3777,0.0,0.009999999776482582,7.127651214599609,0.8753787279129028,0.00875378679484129,2,8,16
2293,3777,4144,0.0,0.009999999776482582,7.127651214599609,0.8753787279129028,0.00875378679484129,2,8,16
2294,1050,4962,0.0,0.009999999776482582,1.7243022918701172,0.10347175598144531,0.0010347175411880016,2,2,4
2295,1050,1051,0.0,0.009999999776482582,1.4419288635253906,0.06313269585371017,0.0006313269259408116,2,2,4
2296,1051,1052,0.0,0.009999999776482582,1.9890379905700684,0.14129114151000977,0.0014129113405942917,2,2,4
2297,1052,4962,0.0,0.009999999776482582,1.9890379905700684,0.14129114151000977,0.0014129113405942917,2,2,4
2298,1053,4962,0.0,0.009999999776482582,1.7243022918701172,0.10347175598144531,0.0010347175411880016,2,2,4
2299,1053,3240,0.0,0.009999999776482582,1.518193006515503,0.07402757555246353,0.0007402757182717323,2,2,4
2300,3240,4962,0.0,0.009999999776482582,1.7243022918701172,0.10347175598144531,0.0010347175411880016,2,2,4
2301,1054,4962,0.0,0.009999999776482582,1.7243022918701172,0.10347175598144531,0.0010347175411880016,2,2,4
2302,1054,1055,0.0,0.009999999776482582,2.8139808177948,0.25914010405540466,0.002591400872915983,2,3,6
2303,1055,4962,0.0,0.009999999776482582,2.8139808177948,0.25914010405540466,0.002591400872915983,2,3,6
2304,1056,3718,0.0,0.009999999776482582,1.1770236492156982,0.02528909221291542,0.00025289092445746064,2,2,4
2305,1056,1057,0.0,0.009999999776482582,1.2209608554840088,0.0315658375620842,0.0003156583698000759,2,2,4
2306,1057,1058,0.0,0.009999999776482582,1.2404159307479858,0.03434513136744499,0.0003434513055253774,2,2,4
2307,1059,4963,0.0,0.009999999776482582,1.970482587814331,0.1386403739452362,0.0013864036882296205,2,2,4
2308,1059,1060,0.0,0.009999999776482582,3.7669496536254883,0.3952785134315491,0.003952784929424524,2,4,8
2309,1060,4963,0.0,0.009999999776482582,3.7669496536254883,0.3952785134315491,0.003952784929424524,2,4,8
2310,1061,4964,0.0,0.009999999776482582,1.158456563949585,0.02263665199279785,0.00022636650828644633,2,2,4
2311,1061,1062,0.0,0.009999999776482582,1.2625864744186401,0.03751235455274582,0.00037512354901991785,2,2,4
2312,1062,4148,0.0,0.009999999776482582,2.2772340774536133,0.18246200680732727,0.0018246200634166598,2,3,6
2313,3241,4965,0.0,0.009999999776482582,1.105400800704956,0.015057257376611233,0.00015057256678119302,2,2,4
2314,1063,3241,0.0,0.009999999776482582,2.2816977500915527,0.1830996721982956,0.0018309967126697302,2,3,6
2315,1063,4965,0.0,0.009999999776482582,2.2816977500915527,0.1830996721982956,0.0018309967126697302,2,3,6
2316,1064,4285,0.0,0.009999999776482582,1.318467378616333,0.04549533873796463,0.00045495337690226734,2,2,4
2317,1064,1065,0.0,0.009999999776482582,1.0647093057632446,0.00924418680369854,9.244186367141083e-05,2,2,4
2318,1065,4965,0.0,0.009999999776482582,1.0858041048049927,0.012257729656994343,0.00012257728667464107,2,2,4
2319,1066,4966,0.0,0.009999999776482582,1.512364387512207,0.07319491356611252,0.0007319491123780608,2,2,4
2320,1066,1067,0.0,0.009999999776482582,1.512364387512207,0.07319491356611252,0.0007319491123780608,2,2,4
2321,1067,4966,0.0,0.009999999776482582,1.2470078468322754,0.035286836326122284,0.00035286834463477135,2,2,4
2322,3242,4966,0.0,0.009999999776482582,1.1282066106796265,0.018315229564905167,0.00018315229681320488,2,2,4
2323,1068,3242,0.0,0.009999999776482582,1.1282066106796265,0.018315229564905167,0.00018315229681320488,2,2,4
2324,1068,4966,0.0,0.009999999776482582,1.118086338043213,0.016869476065039635,0.000168694750755094,2,2,4
2325,1069,4966,0.0,0.009999999776482582,1.118086338043213,0.016869476065039635,0.000168694750755094,2,2,4
2326,1069,1070,0.0,0.009999999776482582,1.4898779392242432,0.06998256593942642,0.0006998256430961192,2,2,4
2327,1070,3972,0.0,0.009999999776482582,1.4898779392242432,0.06998256593942642,0.0006998256430961192,2,2,4
2328,1071,3474,0.0,0.009999999776482582,1.053037166595459,0.007576738018542528,7.576737698400393e-05,2,2,4
2329,1071,3243,0.0,0.009999999776482582,1.6945586204528809,0.09922266006469727,0.0009922265307977796,2,2,4
2330,3243,3804,0.0,0.009999999776482582,1.6945586204528809,0.09922266006469727,0.0009922265307977796,2,2,4
2331,1072,3515,0.0,0.009999999776482582,2.6436376571655273,0.2348053753376007,0.0023480537347495556,2,3,6
2332,1072,3539,0.0,0.009999999776482582,1.9714428186416626,0.13877753913402557,0.0013877754099667072,2,2,4
2333,3515,3539,0.0,0.009999999776482582,2.6436376571655273,0.2348053753376007,0.0023480537347495556,2,3,6
2334,1073,4287,0.0,0.009999999776482582,2.0486526489257812,0.14980752766132355,0.0014980752021074295,2,3,6
2335,1073,1074,0.0,0.009999999776482582,2.0486526489257812,0.14980752766132355,0.0014980752021074295,2,3,6
2336,1074,4287,0.0,0.009999999776482582,1.6676599979400635,0.09538000077009201,0.0009537999867461622,2,2,4
2337,3653,4490,0.5,0.5049999952316284,4.234185695648193,0.46202653646469116,0.23332339525222778,5,5,25
2338,4156,4490,0.5,0.5049999952316284,1.5250829458236694,0.07501184940338135,0.03788098320364952,5,2,10
2339,4156,4701,0.5,0.5049999952316284,1.6121078729629517,0.08744398504495621,0.044159211218357086,5,2,10
2340,3989,4701,0.0,0.009999999776482582,3.2833027839660645,0.3261861205101013,0.0032618611585348845,2,4,8
2341,3661,3989,0.0,0.009999999776482582,3.2833027839660645,0.3261861205101013,0.0032618611585348845,2,4,8
2342,3661,4699,0.0,0.009999999776482582,2.3146755695343018,0.18781079351902008,0.0018781078979372978,2,3,6
2343,3661,4153,0.0,0.009999999776482582,3.0665035247802734,0.29521480202674866,0.002952147973701358,2,4,8
2344,4153,4156,0.5,0.5049999952316284,3.0665035247802734,0.29521480202674866,0.1490834802389145,5,4,20
2345,4699,4701,0.0,0.009999999776482582,2.1319310665130615,0.1617044359445572,0.0016170443268492818,2,3,6
2346,4153,4699,0.0,0.009999999776482582,3.0665035247802734,0.29521480202674866,0.002952147973701358,2,4,8
2347,1075,3869,0.0,0.009999999776482582,3.1784605979919434,0.31120866537094116,0.003112086560577154,2,4,8
2348,1075,4701,0.0,0.009999999776482582,3.1784605979919434,0.31120866537094116,0.003112086560577154,2,4,8
2349,3815,4701,0.0,0.009999999776482582,5.925902366638184,0.7037003636360168,0.0070370035246014595,2,6,12
2350,3661,3815,0.0,0.009999999776482582,5.925902366638184,0.7037003636360168,0.0070370035246014595,2,6,12
2351,1076,3661,0.0,0.009999999776482582,3.10385799407959,0.3005511462688446,0.003005511360242963,2,4,8
2352,1076,3869,0.0,0.009999999776482582,3.10385799407959,0.3005511462688446,0.003005511360242963,2,4,8
2353,4066,4153,0.0,0.009999999776482582,3.0665035247802734,0.29521480202674866,0.002952147973701358,2,4,8
2354,4066,4156,0.0,0.009999999776482582,1.7450989484786987,0.10644270479679108,0.0010644270805642009,2,2,4
2355,4156,4282,0.5,0.5049999952316284,1.781766414642334,0.11168091744184494,0.05639886111021042,5,2,10
2356,3869,4490,0.0,0.009999999776482582,2.6592910289764404,0.23704157769680023,0.002370415721088648,2,3,6
2357,4490,4701,0.0,0.009999999776482582,1.6121078729629517,0.08744398504495621,0.0008744398364797235,2,2,4
2358,3552,4701,0.0,0.009999999776482582,3.293243408203125,0.327606201171875,0.0032760619651526213,2,4,8
2359,3717,3869,0.0,0.009999999776482582,2.6592910289764404,0.23704157769680023,0.002370415721088648,2,3,6
2360,3717,3815,0.0,0.009999999776482582,5.925902366638184,0.7037003636360168,0.0070370035246014595,2,6,12
2361,3869,4156,0.0,0.009999999776482582,2.6592910289764404,0.23704157769680023,0.002370415721088648,2,3,6
2362,4156,4700,0.0,0.009999999776482582,2.5413060188293457,0.22018657624721527,0.0022018656600266695,2,3,6
2363,4700,4967,0.5,0.5049999952316284,2.5413060188293457,0.22018657624721527,0.11119422316551208,5,3,15
2364,3477,4186,0.0,0.009999999776482582,7.005972385406494,0.8579960465431213,0.008579960092902184,2,8,16
2365,4186,4246,0.0,0.009999999776482582,2.0301833152770996,0.14716903865337372,0.0014716903679072857,2,3,6
2366,3814,4246,0.0,0.009999999776482582,4.510677337646484,0.501525342464447,0.005015253089368343,2,5,10
2367,3814,4290,0.0,0.009999999776482582,4.510677337646484,0.501525342464447,0.005015253089368343,2,5,10
2368,4200,4290,0.0,0.009999999776482582,2.3023204803466797,0.1860457807779312,0.0018604578217491508,2,3,6
2369,3477,4200,0.5,0.5049999952316284,7.005972385406494,0.8579960465431213,0.43328800797462463,5,8,40
2370,3477,3880,0.5,0.5049999952316284,7.005972385406494,0.8579960465431213,0.43328800797462463,5,8,40
2371,3880,4248,0.0,0.009999999776482582,2.164698839187622,0.16638554632663727,0.0016638553934171796,2,3,6
2372,3814,4248,0.5,0.5049999952316284,4.510677337646484,0.501525342464447,0.25327029824256897,5,5,25
2373,3477,4202,0.9999998807907104,0.9999998807907104,7.005972385406494,0.8579960465431213,0.8579959273338318,5,8,40
2374,4200,4202,0.5,0.5049999952316284,1.9961671829223633,0.14230959117412567,0.07186634093523026,5,2,10
2375,3804,4200,0.0,0.009999999776482582,1.9961671829223633,0.14230959117412567,0.001423095935024321,2,2,4
2376,1077,3556,0.0,0.009999999776482582,3.645481586456299,0.37792593240737915,0.0037792592775076628,2,4,8
2377,1077,1078,0.0,0.009999999776482582,3.645481586456299,0.37792593240737915,0.0037792592775076628,2,4,8
2378,1078,3556,0.0,0.009999999776482582,1.77079176902771,0.11011310666799545,0.001101131085306406,2,2,4
2379,3477,4292,0.0,0.009999999776482582,7.005972385406494,0.8579960465431213,0.008579960092902184,2,8,16
2380,3714,4292,0.0,0.009999999776482582,1.9996463060379028,0.14280661940574646,0.0014280661707744002,2,2,4
2381,3477,3714,0.0,0.009999999776482582,7.005972385406494,0.8579960465431213,0.008579960092902184,2,8,16
2382,3477,4206,0.5,0.5049999952316284,7.005972385406494,0.8579960465431213,0.43328800797462463,5,8,40
2383,4206,4289,0.9999998807907104,0.9999998807907104,2.042573928833008,0.1489391326904297,0.1489391177892685,5,3,15
2384,4289,4293,0.0,0.009999999776482582,2.042573928833008,0.1489391326904297,0.0014893913175910711,2,3,6
2385,3814,4293,0.0,0.009999999776482582,4.510677337646484,0.501525342464447,0.005015253089368343,2,5,10
2386,3553,4232,0.9999998807907104,0.9999998807907104,4.0323381423950195,0.4331911504268646,0.43319109082221985,5,5,25
2387,1079,3553,0.0,0.009999999776482582,1.4537198543548584,0.06481712311506271,0.0006481712334789336,2,2,4
2388,1079,4232,0.0,0.009999999776482582,4.0323381423950195,0.4331911504268646,0.004331911448389292,2,5,10
2389,4969,4970,0.5,0.5049999952316284,1.172053575515747,0.024579081684350967,0.012412436306476593,5,2,10
2390,3244,4970,0.0,0.009999999776482582,1.0635021924972534,0.009071742184460163,9.071741806110367e-05,2,2,4
2391,1080,4970,0.0,0.009999999776482582,1.1932622194290161,0.02760888822376728,0.0002760888892225921,2,2,4
2392,1080,4969,0.0,0.009999999776482582,1.1932622194290161,0.02760888822376728,0.0002760888892225921,2,2,4
2393,4968,4970,0.5,0.5049999952316284,1.5840641260147095,0.0834377333521843,0.0421360544860363,5,2,10
2394,4767,4970,0.0,0.009999999776482582,1.8094558715820312,0.11563654989004135,0.0011563654989004135,2,2,4
2395,4642,4970,0.0,0.009999999776482582,1.4907371997833252,0.07010531425476074,0.0007010531262494624,2,2,4
2396,4968,4971,0.5,0.5049999952316284,1.5840641260147095,0.0834377333521843,0.0421360544860363,5,2,10
2397,4968,4969,0.0,0.009999999776482582,1.5840641260147095,0.0834377333521843,0.0008343773079104722,2,2,4
2398,4969,4971,0.0,0.009999999776482582,1.4394824504852295,0.06278320401906967,0.0006278320215642452,2,2,4
2399,4970,4972,0.0,0.009999999776482582,1.8007351160049438,0.11439073085784912,0.001143907313235104,2,2,4
2400,1081,4331,0.0,0.009999999776482582,2.5421507358551025,0.22030724585056305,0.0022030724212527275,2,3,6
2401,1081,1082,0.0,0.009999999776482582,2.919095277786255,0.27415648102760315,0.0027415647637099028,2,3,6
2402,1082,3245,0.0,0.009999999776482582,2.919095277786255,0.27415648102760315,0.0027415647637099028,2,3,6
2403,1083,3245,0.0,0.009999999776482582,1.113843560218811,0.016263365745544434,0.00016263365978375077,2,2,4
2404,1083,3610,0.0,0.009999999776482582,1.3266900777816772,0.046670012176036835,0.0004667001194320619,2,2,4
2405,3669,4331,0.0,0.009999999776482582,2.385890007019043,0.19798429310321808,0.001979842782020569,2,3,6
2406,1084,4331,0.0,0.009999999776482582,2.385890007019043,0.19798429310321808,0.001979842782020569,2,3,6
2407,1084,1085,0.0,0.009999999776482582,1.5961225032806396,0.08516035974025726,0.0008516035741195083,2,2,4
2408,1085,3610,0.0,0.009999999776482582,1.5961225032806396,0.08516035974025726,0.0008516035741195083,2,2,4
2409,3777,4799,0.0,0.009999999776482582,7.127651214599609,0.8753787279129028,0.00875378679484129,2,8,16
2410,4048,4799,0.0,0.009999999776482582,1.2125216722488403,0.030360238626599312,0.00030360236996784806,2,2,4
2411,4048,4973,0.0,0.009999999776482582,1.7888911962509155,0.1126987412571907,0.0011269873939454556,2,2,4
2412,4443,4973,0.0,0.009999999776482582,1.7888911962509155,0.1126987412571907,0.0011269873939454556,2,2,4
2413,4443,4799,0.0,0.009999999776482582,1.2431254386901855,0.03473220393061638,0.0003473220276646316,2,2,4
2414,4799,4973,0.0,0.009999999776482582,1.7888911962509155,0.1126987412571907,0.0011269873939454556,2,2,4
2415,1086,3777,0.0,0.009999999776482582,7.127651214599609,0.8753787279129028,0.00875378679484129,2,8,16
2416,1086,1087,0.0,0.009999999776482582,1.0454219579696655,0.006488851271569729,6.488851067842916e-05,2,2,4
2417,1087,3777,0.0,0.009999999776482582,7.127651214599609,0.8753787279129028,0.00875378679484129,2,8,16
2418,3777,4048,0.0,0.009999999776482582,7.127651214599609,0.8753787279129028,0.00875378679484129,2,8,16
2419,1088,4048,0.0,0.009999999776482582,1.892028570175171,0.1274326592683792,0.0012743265833705664,2,2,4
2420,1088,4973,0.0,0.009999999776482582,1.892028570175171,0.1274326592683792,0.0012743265833705664,2,2,4
2421,3974,4189,0.0,0.009999999776482582,6.832657337188721,0.8332367539405823,0.008332367055118084,2,7,14
2422,4189,4201,0.0,0.009999999776482582,1.982775092124939,0.14039644598960876,0.0014039644738659263,2,2,4
2423,4200,4201,0.0,0.009999999776482582,1.9961671829223633,0.14230959117412567,0.001423095935024321,2,2,4
2424,4200,4974,0.0,0.009999999776482582,1.9961671829223633,0.14230959117412567,0.001423095935024321,2,2,4
2425,1089,3246,0.0,0.009999999776482582,1.2645859718322754,0.037797994911670685,0.000377979944460094,2,2,4
2426,1089,1090,0.0,0.009999999776482582,1.2645859718322754,0.037797994911670685,0.000377979944460094,2,2,4
2427,1090,1091,0.0,0.009999999776482582,1.3132238388061523,0.04474626109004021,0.00044746260391548276,2,2,4
2428,1091,3777,0.0,0.009999999776482582,7.127651214599609,0.8753787279129028,0.00875378679484129,2,8,16
2429,1092,3777,0.0,0.009999999776482582,7.127651214599609,0.8753787279129028,0.00875378679484129,2,8,16
2430,1092,1093,0.0,0.009999999776482582,1.4143025875091553,0.05918608233332634,0.0005918607930652797,2,2,4
2431,1093,1094,0.0,0.009999999776482582,1.1933507919311523,0.027621541172266006,0.00027621540357358754,2,2,4
2432,1094,1095,0.0,0.009999999776482582,1.0994932651519775,0.014213323593139648,0.00014213322720024735,2,2,4
2433,1095,1096,0.0,0.009999999776482582,1.0994932651519775,0.014213323593139648,0.00014213322720024735,2,2,4
2434,1096,1097,0.0,0.009999999776482582,1.1258044242858887,0.017972061410546303,0.0001797206059563905,2,2,4
2435,1097,3777,0.0,0.009999999776482582,7.127651214599609,0.8753787279129028,0.00875378679484129,2,8,16
2436,1098,3777,0.0,0.009999999776482582,7.127651214599609,0.8753787279129028,0.00875378679484129,2,8,16
2437,1098,1099,0.0,0.009999999776482582,1.9525561332702637,0.13607944548130035,0.0013607944129034877,2,2,4
2438,1099,1100,0.0,0.009999999776482582,1.9525561332702637,0.13607944548130035,0.0013607944129034877,2,2,4
2439,1100,1101,0.0,0.009999999776482582,1.0611724853515625,0.008738926611840725,8.738926408113912e-05,2,2,4
2440,1101,3246,0.0,0.009999999776482582,1.1860203742980957,0.02657433971762657,0.00026574337971396744,2,2,4
2441,1102,3246,0.0,0.009999999776482582,1.1860203742980957,0.02657433971762657,0.00026574337971396744,2,2,4
2442,1102,1103,0.0,0.009999999776482582,1.8495382070541382,0.12136260420084,0.001213626004755497,2,2,4
2443,1103,1104,0.0,0.009999999776482582,1.8495382070541382,0.12136260420084,0.001213626004755497,2,2,4
2444,3600,4454,0.0,0.009999999776482582,4.620024681091309,0.5171464085578918,0.0051714638248085976,2,5,10
2445,4453,4454,0.0,0.009999999776482582,3.330019950866699,0.33285999298095703,0.0033285999670624733,2,4,8
2446,3552,4453,0.0,0.009999999776482582,3.293243408203125,0.327606201171875,0.0032760619651526213,2,4,8
2447,3552,4296,0.0,0.009999999776482582,3.293243408203125,0.327606201171875,0.0032760619651526213,2,4,8
2448,1105,4296,0.0,0.009999999776482582,1.3211899995803833,0.04588428512215614,0.0004588428419083357,2,2,4
2449,1105,1106,0.0,0.009999999776482582,1.2757606506347656,0.039394378662109375,0.00039394377381540835,2,2,4
2450,1106,3777,0.0,0.009999999776482582,7.127651214599609,0.8753787279129028,0.00875378679484129,2,8,16
2451,1107,4015,0.0,0.009999999776482582,2.5926620960235596,0.22752316296100616,0.0022752315271645784,2,3,6
2452,1107,1108,0.0,0.009999999776482582,1.1063690185546875,0.015195573680102825,0.0001519557263236493,2,2,4
2453,3510,4220,0.0,0.009999999776482582,1.0000008344650269,1.1920928955078125e-07,1.19209286886246e-09,2,2,4
2454,1109,4220,0.0,0.009999999776482582,1.2111526727676392,0.030164668336510658,0.00030164667987264693,2,2,4
2455,1109,3666,0.0,0.009999999776482582,5.345047950744629,0.620721161365509,0.006207211408764124,2,6,12
2456,3687,4230,0.0,0.009999999776482582,1.61184561252594,0.08740651607513428,0.0008740651537664235,2,2,4
2457,1110,4230,0.0,0.009999999776482582,2.273576259613037,0.18193946778774261,0.001819394645281136,2,3,6
2458,1110,4298,0.0,0.009999999776482582,2.273576259613037,0.18193946778774261,0.001819394645281136,2,3,6
2459,4295,4298,0.0,0.009999999776482582,6.226338863372803,0.7466198205947876,0.007466197945177555,2,7,14
2460,3703,4295,0.0,0.009999999776482582,6.226338863372803,0.7466198205947876,0.007466197945177555,2,7,14
2461,3665,3703,0.0,0.009999999776482582,1.2227754592895508,0.03182506561279297,0.00031825064797885716,2,2,4
2462,3633,4636,0.0,0.009999999776482582,1.4579746723175049,0.06542495638132095,0.0006542495684698224,2,2,4
2463,1111,4636,0.0,0.009999999776482582,1.2848381996154785,0.04069117084145546,0.00040691171307116747,2,2,4
2464,1111,4191,0.0,0.009999999776482582,1.3580853939056396,0.051155056804418564,0.0005115505773574114,2,2,4
2465,4975,4976,0.5,0.5049999952316284,2.6249794960021973,0.2321399301290512,0.11723066121339798,5,3,15
2466,4636,4976,0.0,0.009999999776482582,1.1528055667877197,0.02182936668395996,0.00021829365869052708,2,2,4
2467,3247,4636,0.0,0.009999999776482582,1.1528055667877197,0.02182936668395996,0.00021829365869052708,2,2,4
2468,1112,3247,0.0,0.009999999776482582,1.376255750656128,0.05375082045793533,0.0005375081673264503,2,2,4
2469,1112,4975,0.0,0.009999999776482582,2.6249794960021973,0.2321399301290512,0.0023213992826640606,2,3,6
2470,1113,4975,0.0,0.009999999776482582,2.6249794960021973,0.2321399301290512,0.0023213992826640606,2,3,6
2471,1113,1114,0.0,0.009999999776482582,1.0835518836975098,0.011935983784496784,0.00011935983638977632,2,2,4
2472,1114,1115,0.0,0.009999999776482582,1.0835518836975098,0.011935983784496784,0.00011935983638977632,2,2,4
2473,1115,1116,0.0,0.009999999776482582,1.0745786428451538,0.010654091835021973,0.00010654091602191329,2,2,4
2474,1116,4191,0.0,0.009999999776482582,1.3580853939056396,0.051155056804418564,0.0005115505773574114,2,2,4
2475,1117,3476,0.0,0.009999999776482582,2.1935384273529053,0.17050549387931824,0.0017050548922270536,2,3,6
2476,1117,1118,0.0,0.009999999776482582,2.294894218444824,0.18498489260673523,0.0018498488934710622,2,3,6
2477,1118,3777,0.0,0.009999999776482582,7.127651214599609,0.8753787279129028,0.00875378679484129,2,8,16
2478,4191,4976,0.0,0.009999999776482582,1.3580853939056396,0.051155056804418564,0.0005115505773574114,2,2,4
2479,1119,4191,0.0,0.009999999776482582,1.3580853939056396,0.051155056804418564,0.0005115505773574114,2,2,4
2480,1119,3247,0.0,0.009999999776482582,1.1959176063537598,0.02798822894692421,0.0002798822824843228,2,2,4
2481,1120,3247,0.0,0.009999999776482582,1.2492961883544922,0.03561374172568321,0.0003561374032869935,2,2,4
2482,1120,1121,0.0,0.009999999776482582,1.2492961883544922,0.03561374172568321,0.0003561374032869935,2,2,4
2483,1121,3633,0.0,0.009999999776482582,1.4579746723175049,0.06542495638132095,0.0006542495684698224,2,2,4
2484,4977,4978,0.0,0.009999999776482582,3.3983044624328613,0.34261491894721985,0.003426149021834135,2,4,8
2485,1122,4978,0.0,0.009999999776482582,3.3983044624328613,0.34261491894721985,0.003426149021834135,2,4,8
2486,1122,4977,0.0,0.009999999776482582,3.3270130157470703,0.3324304223060608,0.0033243042416870594,2,4,8
2487,1123,4979,0.0,0.009999999776482582,1.4631701707839966,0.06616716831922531,0.0006616716855205595,2,2,4
2488,1123,1124,0.0,0.009999999776482582,1.4631701707839966,0.06616716831922531,0.0006616716855205595,2,2,4
2489,1124,4979,0.0,0.009999999776482582,1.3606566190719604,0.05152237415313721,0.0005152237135916948,2,2,4
2490,1125,4979,0.0,0.009999999776482582,2.799516439437866,0.2570737898349762,0.0025707378517836332,2,3,6
2491,1125,1126,0.0,0.009999999776482582,2.799516439437866,0.2570737898349762,0.0025707378517836332,2,3,6
2492,1126,4979,0.0,0.009999999776482582,1.546917200088501,0.07813102751970291,0.0007813102565705776,2,2,4
2493,4979,4980,0.0,0.009999999776482582,2.8696587085723877,0.26709410548210144,0.0026709409430623055,2,3,6
2494,3248,4980,0.0,0.009999999776482582,2.8696587085723877,0.26709410548210144,0.0026709409430623055,2,3,6
2495,3248,3972,0.0,0.009999999776482582,1.8321964740753174,0.11888521164655685,0.0011888521257787943,2,2,4
2496,1127,4781,0.0,0.009999999776482582,3.542269468307495,0.36318135261535645,0.0036318134516477585,2,4,8
2497,1127,3906,0.0,0.009999999776482582,3.542269468307495,0.36318135261535645,0.0036318134516477585,2,4,8
2498,3906,4982,0.0,0.009999999776482582,1.3191337585449219,0.045590538531541824,0.0004559053631965071,2,2,4
2499,1128,4982,0.0,0.009999999776482582,1.0940319299697876,0.013433133251965046,0.0001343313342658803,2,2,4
2500,1128,1129,0.0,0.009999999776482582,1.0213016271591187,0.0030430895276367664,3.0430894184974022e-05,2,2,4
2501,1129,5007,0.0,0.009999999776482582,1.3557968139648438,0.05082811787724495,0.0005082811694592237,2,2,4
2502,4279,4982,0.0,0.009999999776482582,1.4799846410751343,0.06856923550367355,0.000685692357365042,2,2,4
2503,1130,4279,0.0,0.009999999776482582,1.6964467763900757,0.0994923934340477,0.0009949238738045096,2,2,4
2504,1130,4982,0.0,0.009999999776482582,1.6964467763900757,0.0994923934340477,0.0009949238738045096,2,2,4
2505,3535,3712,0.0,0.009999999776482582,4.752325534820557,0.5360465049743652,0.005360465031117201,2,5,10
2506,3712,4983,0.5,0.5049999952316284,3.541668176651001,0.3630954623222351,0.18336321413516998,5,4,20
2507,4295,4983,0.5,0.5049999952316284,6.226338863372803,0.7466198205947876,0.3770430088043213,5,7,35
2508,3712,4295,0.0,0.009999999776482582,6.226338863372803,0.7466198205947876,0.007466197945177555,2,7,14
2509,4249,4295,0.0,0.009999999776482582,6.226338863372803,0.7466198205947876,0.007466197945177555,2,7,14
2510,1131,4249,0.0,0.009999999776482582,4.21171236038208,0.4588160514831543,0.004588160198181868,2,5,10
2511,1131,4295,0.0,0.009999999776482582,6.226338863372803,0.7466198205947876,0.007466197945177555,2,7,14
2512,1132,3701,0.0,0.009999999776482582,5.110047817230225,0.5871496796607971,0.005871496628969908,2,6,12
2513,1132,1133,0.0,0.009999999776482582,3.947751760482788,0.42110738158226013,0.004211073741316795,2,4,8
2514,1133,3701,0.0,0.009999999776482582,5.110047817230225,0.5871496796607971,0.005871496628969908,2,6,12
2515,1134,4324,0.0,0.009999999776482582,2.757941246032715,0.25113445520401,0.0025113443844020367,2,3,6
2516,1134,4302,0.0,0.009999999776482582,1.8071776628494263,0.11531109362840652,0.001153110875748098,2,2,4
2517,4302,4324,0.0,0.009999999776482582,2.757941246032715,0.25113445520401,0.0025113443844020367,2,3,6
2518,3249,3701,0.0,0.009999999776482582,5.110047817230225,0.5871496796607971,0.005871496628969908,2,6,12
2519,3249,3945,0.0,0.009999999776482582,1.6406906843185425,0.09152723848819733,0.0009152723359875381,2,2,4
2520,1135,4800,0.0,0.009999999776482582,6.764211177825928,0.823458731174469,0.008234587498009205,2,7,14
2521,1135,1136,0.0,0.009999999776482582,6.764211177825928,0.823458731174469,0.008234587498009205,2,7,14
2522,1136,1137,0.0,0.009999999776482582,2.513465642929077,0.21620938181877136,0.002162093762308359,2,3,6
2523,1137,4800,0.0,0.009999999776482582,2.513465642929077,0.21620938181877136,0.002162093762308359,2,3,6
2524,1138,4800,0.0,0.009999999776482582,1.6545295715332031,0.09350422769784927,0.0009350422769784927,2,2,4
2525,1138,1139,0.0,0.009999999776482582,1.7122488021850586,0.10174982994794846,0.001017498318105936,2,2,4
2526,1139,3970,0.0,0.009999999776482582,2.17219877243042,0.1674569696187973,0.0016745696775615215,2,3,6
2527,1140,3970,0.0,0.009999999776482582,2.17219877243042,0.1674569696187973,0.0016745696775615215,2,3,6
2528,1140,1141,0.0,0.009999999776482582,1.2093995809555054,0.02991422638297081,0.00029914226615801454,2,2,4
2529,1141,1142,0.0,0.009999999776482582,1.0793416500091553,0.011334521695971489,0.00011334521695971489,2,2,4
2530,1142,3250,0.0,0.009999999776482582,1.7113155126571655,0.1016165018081665,0.0010161650134250522,2,2,4
2531,3664,4856,0.0,0.009999999776482582,1.3319675922393799,0.047423940151929855,0.0004742393794003874,2,2,4
2532,4307,4984,0.0,0.009999999776482582,1.2415786981582642,0.03451124206185341,0.00034511240664869547,2,2,4
2533,3664,4307,0.0,0.009999999776482582,1.274505376815796,0.039215054363012314,0.0003921505413018167,2,2,4
2534,1143,4307,0.0,0.009999999776482582,1.2415786981582642,0.03451124206185341,0.00034511240664869547,2,2,4
2535,1143,3664,0.0,0.009999999776482582,1.274505376815796,0.039215054363012314,0.0003921505413018167,2,2,4
2536,1144,4284,0.0,0.009999999776482582,1.432255506515503,0.06175078824162483,0.0006175078451633453,2,2,4
2537,1144,4856,0.0,0.009999999776482582,1.432255506515503,0.06175078824162483,0.0006175078451633453,2,2,4
2538,4306,4856,0.0,0.009999999776482582,1.3319675922393799,0.047423940151929855,0.0004742393794003874,2,2,4
2539,1145,4851,0.0,0.009999999776482582,1.4089385271072388,0.058419790118932724,0.0005841978709213436,2,2,4
2540,1145,4856,0.0,0.009999999776482582,1.4089385271072388,0.058419790118932724,0.0005841978709213436,2,2,4
2541,1146,4310,0.0,0.009999999776482582,6.3744964599609375,0.7677851915359497,0.007677851710468531,2,7,14
2542,1146,4985,0.0,0.009999999776482582,6.3744964599609375,0.7677851915359497,0.007677851710468531,2,7,14
2543,4310,4985,0.5,0.5049999952316284,1.6376194953918457,0.09108849614858627,0.045999690890312195,5,2,10
2544,1147,4310,0.0,0.009999999776482582,2.064769744873047,0.15210996568202972,0.001521099591627717,2,3,6
2545,1147,1148,0.0,0.009999999776482582,4.1007914543151855,0.4429702162742615,0.004429702181369066,2,5,10
2546,1148,4310,0.0,0.009999999776482582,4.1007914543151855,0.4429702162742615,0.004429702181369066,2,5,10
2547,1149,4310,0.0,0.009999999776482582,1.7972843647003174,0.11389776319265366,0.0011389775900170207,2,2,4
2548,1149,1150,0.0,0.009999999776482582,1.7972843647003174,0.11389776319265366,0.0011389775900170207,2,2,4
2549,1150,3777,0.0,0.009999999776482582,7.127651214599609,0.8753787279129028,0.00875378679484129,2,8,16
2550,1151,4310,0.0,0.009999999776482582,2.1393074989318848,0.1627582162618637,0.001627582125365734,2,3,6
2551,1151,1152,0.0,0.009999999776482582,2.1393074989318848,0.1627582162618637,0.001627582125365734,2,3,6
2552,1152,4310,0.0,0.009999999776482582,1.6376194953918457,0.09108849614858627,0.0009108849335461855,2,2,4
2553,1153,4310,0.0,0.009999999776482582,2.2444186210632324,0.1777740865945816,0.0017777407774701715,2,3,6
2554,1153,1154,0.0,0.009999999776482582,2.2444186210632324,0.1777740865945816,0.0017777407774701715,2,3,6
2555,1154,4310,0.0,0.009999999776482582,1.6376194953918457,0.09108849614858627,0.0009108849335461855,2,2,4
2556,3251,4310,0.5,0.5049999952316284,1.6376194953918457,0.09108849614858627,0.045999690890312195,5,2,10
2557,3251,4986,0.0,0.009999999776482582,2.0414180755615234,0.14877401292324066,0.0014877400826662779,2,3,6
2558,1155,4986,0.0,0.009999999776482582,2.0414180755615234,0.14877401292324066,0.0014877400826662779,2,3,6
2559,1155,4310,0.0,0.009999999776482582,1.6376194953918457,0.09108849614858627,0.0009108849335461855,2,2,4
2560,4310,4986,0.0,0.009999999776482582,2.0414180755615234,0.14877401292324066,0.0014877400826662779,2,3,6
2561,1156,4986,0.0,0.009999999776482582,2.689993381500244,0.24142763018608093,0.002414276357740164,2,3,6
2562,1156,4985,0.0,0.009999999776482582,2.689993381500244,0.24142763018608093,0.002414276357740164,2,3,6
2563,3251,4985,0.0,0.009999999776482582,1.2186548709869385,0.03123641014099121,0.0003123641072306782,2,2,4
2564,1157,4985,0.0,0.009999999776482582,2.6157350540161133,0.23081929981708527,0.0023081928957253695,2,3,6
2565,1157,1158,0.0,0.009999999776482582,2.6157350540161133,0.23081929981708527,0.0023081928957253695,2,3,6
2566,1158,4310,0.0,0.009999999776482582,1.6376194953918457,0.09108849614858627,0.0009108849335461855,2,2,4
2567,1159,4311,0.0,0.009999999776482582,1.5922977924346924,0.08461397141218185,0.000846139679197222,2,2,4
2568,1159,1160,0.0,0.009999999776482582,2.0977704524993896,0.15682435035705566,0.001568243489600718,2,3,6
2569,1160,4311,0.0,0.009999999776482582,2.0977704524993896,0.15682435035705566,0.001568243489600718,2,3,6
2570,4311,4584,0.0,0.009999999776482582,1.5922977924346924,0.08461397141218185,0.000846139679197222,2,2,4
2571,1161,4584,0.0,0.009999999776482582,1.3476552963256836,0.04966504126787186,0.0004966504056937993,2,2,4
2572,1161,4311,0.0,0.009999999776482582,1.5922977924346924,0.08461397141218185,0.000846139679197222,2,2,4
2573,3701,4903,0.0,0.009999999776482582,5.110047817230225,0.5871496796607971,0.005871496628969908,2,6,12
2574,3252,4903,0.0,0.009999999776482582,1.450465440750122,0.06435220688581467,0.0006435220711864531,2,2,4
2575,3252,3701,0.0,0.009999999776482582,5.110047817230225,0.5871496796607971,0.005871496628969908,2,6,12
2576,1162,4312,0.0,0.009999999776482582,1.0575387477874756,0.008219821378588676,8.219821029342711e-05,2,2,4
2577,1162,4987,0.0,0.009999999776482582,1.0594900846481323,0.008498583920300007,8.498584065819159e-05,2,2,4
2578,4660,4987,0.0,0.009999999776482582,1.464231252670288,0.06631875038146973,0.0006631874712184072,2,2,4
2579,1163,4312,0.0,0.009999999776482582,1.0112950801849365,0.0016135828336700797,1.613582753634546e-05,2,2,4
2580,1163,1164,0.0,0.009999999776482582,1.0112950801849365,0.0016135828336700797,1.613582753634546e-05,2,2,4
2581,1164,3253,0.0,0.009999999776482582,1.7862865924835205,0.11232665926218033,0.001123266527429223,2,2,4
2582,3253,4660,0.0,0.009999999776482582,1.7862865924835205,0.11232665926218033,0.001123266527429223,2,2,4
2583,4312,4987,0.0,0.009999999776482582,1.0594900846481323,0.008498583920300007,8.498584065819159e-05,2,2,4
2584,1165,4987,0.0,0.009999999776482582,5.271661281585693,0.6102373003959656,0.006102372892200947,2,6,12
2585,1166,4135,0.0,0.009999999776482582,3.346309185028076,0.33518701791763306,0.0033518699929118156,2,4,8
2586,1166,1167,0.0,0.009999999776482582,2.628579616546631,0.23265422880649567,0.002326542278751731,2,3,6
2587,1167,4135,0.0,0.009999999776482582,3.346309185028076,0.33518701791763306,0.0033518699929118156,2,4,8
2588,1168,4135,0.0,0.009999999776482582,3.346309185028076,0.33518701791763306,0.0033518699929118156,2,4,8
2589,1168,1169,0.0,0.009999999776482582,1.3218177556991577,0.04597396403551102,0.000459739618236199,2,2,4
2590,1169,3815,0.0,0.009999999776482582,5.925902366638184,0.7037003636360168,0.0070370035246014595,2,6,12
2591,1170,4064,0.0,0.009999999776482582,3.110074996948242,0.3014392852783203,0.0030143926851451397,2,4,8
2592,1170,4238,0.0,0.009999999776482582,3.110074996948242,0.3014392852783203,0.0030143926851451397,2,4,8
2593,1171,4238,0.0,0.009999999776482582,2.304520606994629,0.18636009097099304,0.0018636009190231562,2,3,6
2594,1171,4135,0.0,0.009999999776482582,3.346309185028076,0.33518701791763306,0.0033518699929118156,2,4,8
2595,3254,4350,0.0,0.009999999776482582,1.0875362157821655,0.012505173683166504,0.00012505173799581826,2,2,4
2596,3254,4231,0.5,0.5049999952316284,1.014449954032898,0.0020642790477722883,0.0010424609063193202,5,2,10
2597,4231,4314,0.0,0.009999999776482582,1.0529015064239502,0.007557358127087355,7.557358185295016e-05,2,2,4
2598,3254,4314,0.0,0.009999999776482582,1.0529015064239502,0.007557358127087355,7.557358185295016e-05,2,2,4
2599,1172,4231,0.0,0.009999999776482582,1.0304826498031616,0.004354664124548435,4.354663906269707e-05,2,2,4
2600,1173,4989,0.0,0.009999999776482582,1.128819227218628,0.018402745947241783,0.00018402744899503887,2,2,4
2601,1173,4988,0.0,0.009999999776482582,2.187655448913574,0.16966506838798523,0.0016966506373137236,2,3,6
2602,3970,4988,0.0,0.009999999776482582,2.187655448913574,0.16966506838798523,0.0016966506373137236,2,3,6
2603,4988,4989,0.0,0.009999999776482582,2.187655448913574,0.16966506838798523,0.0016966506373137236,2,3,6
2604,1174,4988,0.0,0.009999999776482582,2.187655448913574,0.16966506838798523,0.0016966506373137236,2,3,6
2605,1174,3970,0.0,0.009999999776482582,2.17219877243042,0.1674569696187973,0.0016745696775615215,2,3,6
2606,1175,4989,0.0,0.009999999776482582,1.0458019971847534,0.006543142255395651,6.543142080772668e-05,2,2,4
2607,1175,1176,0.0,0.009999999776482582,1.1119111776351929,0.01598731055855751,0.00015987310325726867,2,2,4
2608,1176,1177,0.0,0.009999999776482582,2.7686071395874023,0.2526581585407257,0.002526581520214677,2,3,6
2609,1177,1178,0.0,0.009999999776482582,2.7686071395874023,0.2526581585407257,0.002526581520214677,2,3,6
2610,1179,1180,0.0,0.009999999776482582,1.0045249462127686,0.0006464208709076047,6.464208581746789e-06,2,2,4
2611,1180,1181,0.0,0.009999999776482582,1.1033656597137451,0.01476652268320322,0.00014766522508580238,2,2,4
2612,1181,3532,0.0,0.009999999776482582,3.976273536682129,0.42518192529678345,0.0042518191039562225,2,4,8
2613,1182,3532,0.0,0.009999999776482582,3.976273536682129,0.42518192529678345,0.0042518191039562225,2,4,8
2614,1182,1183,0.0,0.009999999776482582,1.8253082036972046,0.11790116876363754,0.0011790116550400853,2,2,4
2615,1183,3532,0.0,0.009999999776482582,3.976273536682129,0.42518192529678345,0.0042518191039562225,2,4,8
2616,3532,3627,0.0,0.009999999776482582,3.976273536682129,0.42518192529678345,0.0042518191039562225,2,4,8
2617,1184,3627,0.0,0.009999999776482582,1.5118651390075684,0.07312358915805817,0.0007312358939088881,2,2,4
2618,1184,3532,0.0,0.009999999776482582,3.976273536682129,0.42518192529678345,0.0042518191039562225,2,4,8
2619,1185,3777,0.0,0.009999999776482582,7.127651214599609,0.8753787279129028,0.00875378679484129,2,8,16
2620,1185,1186,0.0,0.009999999776482582,1.11557936668396,0.0165113378316164,0.00016511337889824063,2,2,4
2621,1186,1187,0.0,0.009999999776482582,1.31217360496521,0.04459622874855995,0.0004459622723516077,2,2,4
2622,1187,3701,0.0,0.009999999776482582,5.110047817230225,0.5871496796607971,0.005871496628969908,2,6,12
2623,3701,4991,0.0,0.009999999776482582,5.110047817230225,0.5871496796607971,0.005871496628969908,2,6,12
2624,1188,4991,0.0,0.009999999776482582,3.0521960258483887,0.29317086935043335,0.0029317087028175592,2,4,8
2625,1188,1189,0.0,0.009999999776482582,3.0521960258483887,0.29317086935043335,0.0029317087028175592,2,4,8
2626,1189,3255,0.0,0.009999999776482582,1.661380648612976,0.09448295086622238,0.0009448294877074659,2,2,4
2627,3255,4302,0.0,0.009999999776482582,1.661380648612976,0.09448295086622238,0.0009448294877074659,2,2,4
2628,1190,4302,0.0,0.009999999776482582,1.4600300788879395,0.06571858376264572,0.0006571857957169414,2,2,4
2629,1190,1191,0.0,0.009999999776482582,1.3667018413543701,0.052385978400707245,0.0005238597514107823,2,2,4
2630,1191,1192,0.0,0.009999999776482582,1.0190649032592773,0.0027235576417297125,2.723557554418221e-05,2,2,4
2631,1192,4318,0.0,0.009999999776482582,1.0233047008514404,0.0033292430453002453,3.329242827021517e-05,2,2,4
2632,3461,4991,0.0,0.009999999776482582,2.2118172645568848,0.1731167584657669,0.001731167547404766,2,3,6
2633,1193,4991,0.0,0.009999999776482582,1.4468380212783813,0.06383400410413742,0.0006383400177583098,2,2,4
2634,1194,4991,0.0,0.009999999776482582,1.4468380212783813,0.06383400410413742,0.0006383400177583098,2,2,4
2635,1195,4991,0.0,0.009999999776482582,1.9550658464431763,0.13643798232078552,0.0013643797719851136,2,2,4
2636,1195,3477,0.0,0.009999999776482582,7.005972385406494,0.8579960465431213,0.008579960092902184,2,8,16
2637,1196,4992,0.0,0.009999999776482582,2.4434738159179688,0.20621053874492645,0.002062105340883136,2,3,6
2638,3480,4992,0.0,0.009999999776482582,2.6033570766448975,0.22905100882053375,0.002290510106831789,2,3,6
2639,4319,4993,0.0,0.009999999776482582,1.0862302780151367,0.012318611145019531,0.00012318610970396549,2,2,4
2640,1197,4319,0.0,0.009999999776482582,1.1538336277008057,0.021976232528686523,0.00021976232528686523,2,2,4
2641,1197,4993,0.0,0.009999999776482582,1.1538336277008057,0.021976232528686523,0.00021976232528686523,2,2,4
2642,1198,3777,0.0,0.009999999776482582,7.127651214599609,0.8753787279129028,0.00875378679484129,2,8,16
2643,1198,1199,0.0,0.009999999776482582,1.9404194355010986,0.1343456357717514,0.0013434563297778368,2,2,4
2644,1199,1200,0.0,0.009999999776482582,1.9404194355010986,0.1343456357717514,0.0013434563297778368,2,2,4
2645,1200,1201,0.0,0.009999999776482582,1.6635922193527222,0.09479888528585434,0.0009479888249188662,2,2,4
2646,1201,1202,0.0,0.009999999776482582,2.0833306312561035,0.15476152300834656,0.0015476151602342725,2,3,6
2647,1202,3777,0.0,0.009999999776482582,7.127651214599609,0.8753787279129028,0.00875378679484129,2,8,16
2648,4320,4690,0.0,0.009999999776482582,2.8892836570739746,0.2698976695537567,0.002698976546525955,2,3,6
2649,1203,4320,0.0,0.009999999776482582,1.9919319152832031,0.14170455932617188,0.0014170455979183316,2,2,4
2650,1203,3473,0.0,0.009999999776482582,2.800828695297241,0.2572612464427948,0.0025726123712956905,2,3,6
2651,1204,3510,0.0,0.009999999776482582,1.038504719734192,0.005500674247741699,5.500674160430208e-05,2,2,4
2652,1204,1205,0.0,0.009999999776482582,1.0470300912857056,0.006718584336340427,6.718584336340427e-05,2,2,4
2653,1205,3510,0.0,0.009999999776482582,1.0470300912857056,0.006718584336340427,6.718584336340427e-05,2,2,4
2654,3510,3691,0.0,0.009999999776482582,1.202392816543579,0.028913259506225586,0.0002891325857490301,2,2,4
2655,3691,4320,0.0,0.009999999776482582,1.3511478900909424,0.050163984298706055,0.0005016398499719799,2,2,4
2656,1206,4320,0.0,0.009999999776482582,1.3511478900909424,0.050163984298706055,0.0005016398499719799,2,2,4
2657,1206,3510,0.0,0.009999999776482582,1.1792205572128296,0.02560293674468994,0.000256029365118593,2,2,4
2658,1207,4981,0.0,0.009999999776482582,1.5196603536605835,0.07423719018697739,0.0007423718925565481,2,2,4
2659,1207,1208,0.0,0.009999999776482582,1.5196603536605835,0.07423719018697739,0.0007423718925565481,2,2,4
2660,1208,1209,0.0,0.009999999776482582,1.1975388526916504,0.028219835832715034,0.00028219836531206965,2,2,4
2661,1209,1210,0.0,0.009999999776482582,1.1975388526916504,0.028219835832715034,0.00028219836531206965,2,2,4
2662,1210,1211,0.0,0.009999999776482582,1.1599432229995728,0.022849032655358315,0.0002284903166582808,2,2,4
2663,1211,1212,0.0,0.009999999776482582,1.1599432229995728,0.022849032655358315,0.0002284903166582808,2,2,4
2664,1212,4981,0.0,0.009999999776482582,1.4176411628723145,0.05966302379965782,0.0005966302123852074,2,2,4
2665,1213,4981,0.0,0.009999999776482582,1.4176411628723145,0.05966302379965782,0.0005966302123852074,2,2,4
2666,1213,1214,0.0,0.009999999776482582,1.5969111919403076,0.08527302742004395,0.0008527302416041493,2,2,4
2667,1214,1215,0.0,0.009999999776482582,2.0634419918060303,0.15192028880119324,0.0015192028367891908,2,3,6
2668,1215,1216,0.0,0.009999999776482582,3.3373053073883057,0.3339007496833801,0.0033390074968338013,2,4,8
2669,1216,4981,0.0,0.009999999776482582,3.3373053073883057,0.3339007496833801,0.0033390074968338013,2,4,8
2670,3257,4981,0.0,0.009999999776482582,1.4176411628723145,0.05966302379965782,0.0005966302123852074,2,2,4
2671,1217,3257,0.0,0.009999999776482582,1.0588977336883545,0.008413962088525295,8.41396176838316e-05,2,2,4
2672,1217,4981,0.0,0.009999999776482582,1.4176411628723145,0.05966302379965782,0.0005966302123852074,2,2,4
2673,1218,4981,0.0,0.009999999776482582,1.4176411628723145,0.05966302379965782,0.0005966302123852074,2,2,4
2674,1218,1219,0.0,0.009999999776482582,1.2412711381912231,0.03446730598807335,0.0003446730552241206,2,2,4
2675,1219,1220,0.0,0.009999999776482582,1.435820460319519,0.062260065227746964,0.0006226006662473083,2,2,4
2676,1220,4981,0.0,0.009999999776482582,1.435820460319519,0.062260065227746964,0.0006226006662473083,2,2,4
2677,1221,4981,0.0,0.009999999776482582,1.4176411628723145,0.05966302379965782,0.0005966302123852074,2,2,4
2678,1221,1222,0.0,0.009999999776482582,3.0337722301483154,0.29053887724876404,0.002905388595536351,2,4,8
2679,1222,1223,0.0,0.009999999776482582,3.0337722301483154,0.29053887724876404,0.002905388595536351,2,4,8
2680,1223,4981,0.0,0.009999999776482582,1.4176411628723145,0.05966302379965782,0.0005966302123852074,2,2,4
2681,3258,4981,0.5,0.5049999952316284,1.4176411628723145,0.05966302379965782,0.030129827558994293,5,2,10
2682,1224,3258,0.0,0.009999999776482582,1.331496000289917,0.04735657200217247,0.0004735657130368054,2,2,4
2683,1224,4981,0.0,0.009999999776482582,1.4176411628723145,0.05966302379965782,0.0005966302123852074,2,2,4
2684,1225,4981,0.0,0.009999999776482582,1.4176411628723145,0.05966302379965782,0.0005966302123852074,2,2,4
2685,1225,1226,0.0,0.009999999776482582,1.0972778797149658,0.013896839693188667,0.00013896838936489075,2,2,4
2686,1226,4981,0.0,0.009999999776482582,1.4176411628723145,0.05966302379965782,0.0005966302123852074,2,2,4
2687,3256,3258,0.0,0.009999999776482582,1.2709933519363403,0.03871333599090576,0.00038713336107321084,2,2,4
2688,1227,3256,0.0,0.009999999776482582,1.770875096321106,0.11012501269578934,0.0011012500617653131,2,2,4
2689,1227,1228,0.0,0.009999999776482582,1.770875096321106,0.11012501269578934,0.0011012500617653131,2,2,4
2690,1228,1229,0.0,0.009999999776482582,1.7315516471862793,0.10450737923383713,0.001045073731802404,2,2,4
2691,1229,1230,0.0,0.009999999776482582,1.7702531814575195,0.11003617197275162,0.0011003616964444518,2,2,4
2692,1230,1231,0.0,0.009999999776482582,1.7702531814575195,0.11003617197275162,0.0011003616964444518,2,2,4
2693,1231,4981,0.0,0.009999999776482582,1.5451290607452393,0.07787557691335678,0.0007787557551637292,2,2,4
2694,4114,4981,0.0,0.009999999776482582,1.4526804685592651,0.06466864049434662,0.0006466864142566919,2,2,4
2695,1232,4114,0.0,0.009999999776482582,1.4526804685592651,0.06466864049434662,0.0006466864142566919,2,2,4
2696,1232,1233,0.0,0.009999999776482582,3.594665288925171,0.3706664741039276,0.0037066645454615355,2,4,8
2697,1234,3477,0.0,0.009999999776482582,7.005972385406494,0.8579960465431213,0.008579960092902184,2,8,16
2698,1234,1235,0.0,0.009999999776482582,1.8630424737930298,0.12329178303480148,0.0012329177698120475,2,2,4
2699,1235,1236,0.0,0.009999999776482582,1.9854623079299927,0.14078032970428467,0.0014078032691031694,2,2,4
2700,1236,3658,0.0,0.009999999776482582,6.792314529418945,0.827473521232605,0.008274734951555729,2,7,14
2701,1237,4994,0.0,0.009999999776482582,1.6308023929595947,0.09011463075876236,0.0009011462680064142,2,2,4
2702,1237,1238,0.0,0.009999999776482582,1.9738881587982178,0.13912688195705414,0.0013912688009440899,2,2,4
2703,1238,3701,0.0,0.009999999776482582,5.110047817230225,0.5871496796607971,0.005871496628969908,2,6,12
2704,1239,4994,0.0,0.009999999776482582,1.0715645551681519,0.01022350788116455,0.00010223507706541568,2,2,4
2705,1239,1240,0.0,0.009999999776482582,1.8610221147537231,0.12300316244363785,0.0012300316011533141,2,2,4
2706,1240,3845,0.0,0.009999999776482582,2.12939715385437,0.16134245693683624,0.001613424508832395,2,3,6
2707,3260,3888,0.0,0.009999999776482582,1.1329946517944336,0.018999235704541206,0.00018999235180672258,2,2,4
2708,3259,3888,0.0,0.009999999776482582,1.1329946517944336,0.018999235704541206,0.00018999235180672258,2,2,4
2709,3259,4995,0.0,0.009999999776482582,1.0624102354049683,0.00891574751585722,8.915747457649559e-05,2,2,4
2710,1241,3261,0.0,0.009999999776482582,1.9219356775283813,0.13170509040355682,0.0013170508900657296,2,2,4
2711,1241,3262,0.0,0.009999999776482582,1.9219356775283813,0.13170509040355682,0.0013170508900657296,2,2,4
2712,3261,3262,0.0,0.009999999776482582,1.553153157234192,0.0790218785405159,0.0007902187644504011,2,2,4
2713,1242,3261,0.0,0.009999999776482582,1.5523104667663574,0.0789014920592308,0.0007890149136073887,2,2,4
2714,1242,3263,0.0,0.009999999776482582,1.6772212982177734,0.09674590080976486,0.0009674589964561164,2,2,4
2715,3262,3263,0.0,0.009999999776482582,1.6772212982177734,0.09674590080976486,0.0009674589964561164,2,2,4
2716,1243,3263,0.0,0.009999999776482582,2.375563621520996,0.19650909304618835,0.0019650908652693033,2,3,6
2717,1243,1244,0.0,0.009999999776482582,2.375563621520996,0.19650909304618835,0.0019650908652693033,2,3,6
2718,1244,1245,0.0,0.009999999776482582,1.613234519958496,0.08760493248701096,0.0008760492783039808,2,2,4
2719,1245,1246,0.0,0.009999999776482582,1.3806565999984741,0.05437951534986496,0.000543795118574053,2,2,4
2720,1246,1247,0.0,0.009999999776482582,1.4332096576690674,0.061887092888355255,0.000618870893958956,2,2,4
2721,1247,1248,0.0,0.009999999776482582,1.4332096576690674,0.061887092888355255,0.000618870893958956,2,2,4
2722,1248,1249,0.0,0.009999999776482582,1.9095531702041626,0.12993617355823517,0.0012993616983294487,2,2,4
2723,1249,1250,0.0,0.009999999776482582,2.256610631942749,0.1795158088207245,0.0017951580230146646,2,3,6
2724,1250,1251,0.0,0.009999999776482582,2.256610631942749,0.1795158088207245,0.0017951580230146646,2,3,6
2725,1251,1252,0.0,0.009999999776482582,1.0208638906478882,0.00298055587336421,2.980555836984422e-05,2,2,4
2726,1253,4350,0.0,0.009999999776482582,1.0875362157821655,0.012505173683166504,0.00012505173799581826,2,2,4
2727,1253,1254,0.0,0.009999999776482582,1.022207260131836,0.003172465832903981,3.172465585521422e-05,2,2,4
2728,1254,4996,0.0,0.009999999776482582,1.022207260131836,0.003172465832903981,3.172465585521422e-05,2,2,4
2729,3264,3669,0.0,0.009999999776482582,1.7566152811050415,0.10808789730072021,0.0010808788938447833,2,2,4
2730,1255,3264,0.0,0.009999999776482582,2.6675474643707275,0.23822106420993805,0.0023822106886655092,2,3,6
2731,1255,3669,0.0,0.009999999776482582,2.6675474643707275,0.23822106420993805,0.0023822106886655092,2,3,6
2732,1256,1257,0.0,0.009999999776482582,1.021649956703186,0.003092851024121046,3.092850965913385e-05,2,2,4
2733,1257,1258,0.0,0.009999999776482582,1.0880839824676514,0.01258342619985342,0.00012583425268530846,2,2,4
2734,1258,4083,0.0,0.009999999776482582,2.7500343322753906,0.25000491738319397,0.0025000490713864565,2,3,6
2735,1259,3586,0.0,0.009999999776482582,3.8044233322143555,0.4006319046020508,0.004006318747997284,2,4,8
2736,1259,3466,0.0,0.009999999776482582,2.805361747741699,0.25790882110595703,0.0025790880899876356,2,3,6
2737,1260,3466,0.0,0.009999999776482582,3.4615907669067383,0.3516558110713959,0.0035165580920875072,2,4,8
2738,1260,4525,0.0,0.009999999776482582,3.4615907669067383,0.3516558110713959,0.0035165580920875072,2,4,8
2739,3586,4525,0.0,0.009999999776482582,3.8044233322143555,0.4006319046020508,0.004006318747997284,2,4,8
2740,3892,4525,0.0,0.009999999776482582,2.002925395965576,0.14327505230903625,0.0014327504904940724,2,3,6
2741,3466,3892,0.0,0.009999999776482582,2.805361747741699,0.25790882110595703,0.0025790880899876356,2,3,6
2742,3466,3586,0.0,0.009999999776482582,3.8044233322143555,0.4006319046020508,0.004006318747997284,2,4,8
2743,1261,3503,0.0,0.009999999776482582,2.18887996673584,0.1698399931192398,0.001698399893939495,2,3,6
2744,1261,1262,0.0,0.009999999776482582,1.3792064189910889,0.054172344505786896,0.0005417234497144818,2,2,4
2745,1262,1263,0.0,0.009999999776482582,1.3792064189910889,0.054172344505786896,0.0005417234497144818,2,2,4
2746,1263,3556,0.0,0.009999999776482582,1.77079176902771,0.11011310666799545,0.001101131085306406,2,2,4
2747,1264,3674,0.0,0.009999999776482582,1.8104548454284668,0.11577926576137543,0.00115779263433069,2,2,4
2748,1264,1265,0.0,0.009999999776482582,1.405900001525879,0.05798571556806564,0.0005798571510240436,2,2,4
2749,1265,1266,0.0,0.009999999776482582,2.0241622924804688,0.14630889892578125,0.0014630889054387808,2,3,6
2750,1266,3777,0.0,0.009999999776482582,7.127651214599609,0.8753787279129028,0.00875378679484129,2,8,16
2751,3265,4997,0.0,0.009999999776482582,1.0771538019180298,0.011021971702575684,0.00011021971295122057,2,2,4
2752,1267,4997,0.0,0.009999999776482582,1.0983465909957886,0.014049513265490532,0.00014049513265490532,2,2,4
2753,1267,1268,0.0,0.009999999776482582,1.0983465909957886,0.014049513265490532,0.00014049513265490532,2,2,4
2754,1268,4997,0.0,0.009999999776482582,1.0466588735580444,0.00666555343195796,6.665553519269451e-05,2,2,4
2755,1269,4997,0.0,0.009999999776482582,1.286676049232483,0.04095372185111046,0.0004095371987204999,2,2,4
2756,1269,1270,0.0,0.009999999776482582,1.286676049232483,0.04095372185111046,0.0004095371987204999,2,2,4
2757,1270,3266,0.0,0.009999999776482582,1.0756540298461914,0.010807718150317669,0.00010807717626448721,2,2,4
2758,3266,4997,0.0,0.009999999776482582,1.0756540298461914,0.010807718150317669,0.00010807717626448721,2,2,4
2759,1271,4998,0.0,0.009999999776482582,1.0641474723815918,0.009163924492895603,9.163924551103264e-05,2,2,4
2760,1271,1272,0.0,0.009999999776482582,1.0641474723815918,0.009163924492895603,9.163924551103264e-05,2,2,4
2761,1272,4998,0.0,0.009999999776482582,1.050386667251587,0.0071980953216552734,7.198095408966765e-05,2,2,4
2762,3267,4999,0.0,0.009999999776482582,2.767181634902954,0.2524545192718506,0.00252454518340528,2,3,6
2763,3267,5001,0.0,0.009999999776482582,2.767181634902954,0.2524545192718506,0.00252454518340528,2,3,6
2764,5000,5001,0.0,0.009999999776482582,1.9100372791290283,0.13000532984733582,0.0013000533217564225,2,2,4
2765,4330,5003,0.0,0.009999999776482582,5.509000778198242,0.6441429853439331,0.006441429723054171,2,6,12
2766,4000,5003,0.0,0.009999999776482582,2.1695523262023926,0.167078897356987,0.00167078897356987,2,3,6
2767,4000,4330,0.0,0.009999999776482582,5.509000778198242,0.6441429853439331,0.006441429723054171,2,6,12
2768,4000,5002,0.0,0.009999999776482582,2.360300064086914,0.19432857632637024,0.0019432856934145093,2,3,6
2769,4330,5002,0.0,0.009999999776482582,5.509000778198242,0.6441429853439331,0.006441429723054171,2,6,12
2770,3658,5004,0.0,0.009999999776482582,6.792314529418945,0.827473521232605,0.008274734951555729,2,7,14
2771,1273,5004,0.0,0.009999999776482582,1.7582249641418457,0.10831785202026367,0.0010831784456968307,2,2,4
2772,1273,3477,0.0,0.009999999776482582,7.005972385406494,0.8579960465431213,0.008579960092902184,2,8,16
2773,1274,4622,0.0,0.009999999776482582,1.2148479223251343,0.030692560598254204,0.0003069255908485502,2,2,4
2774,1274,3268,0.0,0.009999999776482582,1.0815154314041138,0.011645061895251274,0.00011645061749732122,2,2,4
2775,3268,5004,0.5,0.5049999952316284,1.7582249641418457,0.10831785202026367,0.054700516164302826,5,2,10
2776,3804,5004,0.0,0.009999999776482582,1.7582249641418457,0.10831785202026367,0.0010831784456968307,2,2,4
2777,3477,5006,0.0,0.009999999776482582,7.005972385406494,0.8579960465431213,0.008579960092902184,2,8,16
2778,3269,5006,0.0,0.009999999776482582,2.5541436672210693,0.22202052175998688,0.0022202052641659975,2,3,6
2779,3269,3658,0.0,0.009999999776482582,6.792314529418945,0.827473521232605,0.008274734951555729,2,7,14
2780,1275,3804,0.0,0.009999999776482582,1.9023207426071167,0.12890295684337616,0.0012890294892713428,2,2,4
2781,1275,1276,0.0,0.009999999776482582,1.9023207426071167,0.12890295684337616,0.0012890294892713428,2,2,4
2782,1276,3804,0.0,0.009999999776482582,1.8022371530532837,0.11460530757904053,0.0011460530804470181,2,2,4
2783,1277,3804,0.0,0.009999999776482582,1.9096320867538452,0.12994743883609772,0.0012994743883609772,2,2,4
2784,1277,3270,0.0,0.009999999776482582,1.9096320867538452,0.12994743883609772,0.0012994743883609772,2,2,4
2785,1278,3270,0.0,0.009999999776482582,1.9077215194702148,0.1296745091676712,0.0012967450311407447,2,2,4
2786,1278,1279,0.0,0.009999999776482582,1.3471932411193848,0.04959903284907341,0.0004959903308190405,2,2,4
2787,1279,1280,0.0,0.009999999776482582,1.659049391746521,0.09414990991353989,0.0009414990781806409,2,2,4
2788,1280,3804,0.0,0.009999999776482582,1.659049391746521,0.09414990991353989,0.0009414990781806409,2,2,4
2789,1281,5004,0.0,0.009999999776482582,1.7582249641418457,0.10831785202026367,0.0010831784456968307,2,2,4
2790,1281,3610,0.0,0.009999999776482582,1.4621124267578125,0.0660160630941391,0.0006601606146432459,2,2,4
2791,1282,3804,0.0,0.009999999776482582,1.8808115720748901,0.12583021819591522,0.0012583021307364106,2,2,4
2792,1282,3270,0.0,0.009999999776482582,1.9077215194702148,0.1296745091676712,0.0012967450311407447,2,2,4
2793,3270,3974,0.0,0.009999999776482582,6.832657337188721,0.8332367539405823,0.008332367055118084,2,7,14
2794,1283,3974,0.0,0.009999999776482582,6.832657337188721,0.8332367539405823,0.008332367055118084,2,7,14
2795,1283,5005,0.0,0.009999999776482582,1.4667741060256958,0.06668201833963394,0.0006668201531283557,2,2,4
2796,3974,5005,0.0,0.009999999776482582,6.832657337188721,0.8332367539405823,0.008332367055118084,2,7,14
2797,3268,3974,0.0,0.009999999776482582,6.832657337188721,0.8332367539405823,0.008332367055118084,2,7,14
2798,3974,5004,0.0,0.009999999776482582,6.832657337188721,0.8332367539405823,0.008332367055118084,2,7,14
2799,1284,3974,0.0,0.009999999776482582,6.832657337188721,0.8332367539405823,0.008332367055118084,2,7,14
2800,1284,1285,0.0,0.009999999776482582,2.5194947719573975,0.21707068383693695,0.0021707068663090467,2,3,6
2801,1285,3974,0.0,0.009999999776482582,6.832657337188721,0.8332367539405823,0.008332367055118084,2,7,14
2802,3476,5008,0.0,0.009999999776482582,2.1935384273529053,0.17050549387931824,0.0017050548922270536,2,3,6
2803,3271,5008,0.0,0.009999999776482582,1.810937762260437,0.11584825068712234,0.0011584825115278363,2,2,4
2804,1286,3271,0.0,0.009999999776482582,1.810937762260437,0.11584825068712234,0.0011584825115278363,2,2,4
2805,1286,5009,0.0,0.009999999776482582,1.491291880607605,0.07018455117940903,0.0007018455071374774,2,2,4
2806,4776,5009,0.0,0.009999999776482582,1.491291880607605,0.07018455117940903,0.0007018455071374774,2,2,4
2807,1287,4776,0.0,0.009999999776482582,1.081132173538208,0.011590310372412205,0.00011590310168685392,2,2,4
2808,1287,4309,0.0,0.009999999776482582,1.3751336336135864,0.05359051749110222,0.0005359051865525544,2,2,4
2809,4309,5009,0.0,0.009999999776482582,1.491291880607605,0.07018455117940903,0.0007018455071374774,2,2,4
2810,1288,5009,0.0,0.009999999776482582,1.491291880607605,0.07018455117940903,0.0007018455071374774,2,2,4
2811,1288,3271,0.0,0.009999999776482582,1.810937762260437,0.11584825068712234,0.0011584825115278363,2,2,4
2812,1289,3271,0.0,0.009999999776482582,2.4149019718170166,0.20212885737419128,0.002021288499236107,2,3,6
2813,1289,5008,0.0,0.009999999776482582,2.4149019718170166,0.20212885737419128,0.002021288499236107,2,3,6
2814,1290,5008,0.0,0.009999999776482582,1.3690775632858276,0.05272536724805832,0.0005272536654956639,2,2,4
2815,1290,5009,0.0,0.009999999776482582,1.491291880607605,0.07018455117940903,0.0007018455071374774,2,2,4
2816,5009,5010,0.0,0.009999999776482582,1.491291880607605,0.07018455117940903,0.0007018455071374774,2,2,4
2817,1291,5010,0.0,0.009999999776482582,1.162980079650879,0.023282868787646294,0.0002328286791453138,2,2,4
2818,1291,1292,0.0,0.009999999776482582,1.0317658185958862,0.004537974018603563,4.537974018603563e-05,2,2,4
2819,1292,3272,0.0,0.009999999776482582,1.1508055925369263,0.021543655544519424,0.00021543655020650476,2,2,4
2820,3272,5010,0.0,0.009999999776482582,1.162980079650879,0.023282868787646294,0.0002328286791453138,2,2,4
2821,1293,5010,0.0,0.009999999776482582,2.1865592002868652,0.1695084571838379,0.0016950845019891858,2,3,6
2822,1293,5009,0.0,0.009999999776482582,2.1865592002868652,0.1695084571838379,0.0016950845019891858,2,3,6
2823,4232,4590,0.5,0.5049999952316284,4.0323381423950195,0.4331911504268646,0.21876153349876404,5,5,25
2824,3540,4590,0.0,0.009999999776482582,2.7726383209228516,0.25323405861854553,0.0025323405861854553,2,3,6
2825,1294,3553,0.0,0.009999999776482582,1.4971294403076172,0.07101849466562271,0.0007101849187165499,2,2,4
2826,1294,4232,0.0,0.009999999776482582,4.0323381423950195,0.4331911504268646,0.004331911448389292,2,5,10
2827,3622,4232,0.0,0.009999999776482582,4.0323381423950195,0.4331911504268646,0.004331911448389292,2,5,10
2828,1295,3622,0.0,0.009999999776482582,2.095341205596924,0.15647731721401215,0.001564773148857057,2,3,6
2829,1295,3927,0.0,0.009999999776482582,1.7470852136611938,0.10672646015882492,0.0010672645876184106,2,2,4
2830,3613,3643,0.5,0.5049999952316284,1.3076133728027344,0.043944768607616425,0.022192107513546944,5,2,10
2831,1296,3643,0.0,0.009999999776482582,1.3076133728027344,0.043944768607616425,0.0004394476709421724,2,2,4
2832,1296,1297,0.0,0.009999999776482582,1.6493607759475708,0.09276582300662994,0.000927658227737993,2,2,4
2833,1298,3643,0.0,0.009999999776482582,1.585834264755249,0.08369060605764389,0.0008369060233235359,2,2,4
2834,1298,3514,0.0,0.009999999776482582,2.0024313926696777,0.1432044804096222,0.0014320447808131576,2,3,6
2835,1299,4126,0.0,0.009999999776482582,1.27030611038208,0.038615159690380096,0.00038615160156041384,2,2,4
2836,1299,1300,0.0,0.009999999776482582,1.3172420263290405,0.0453202910721302,0.00045320289791561663,2,2,4
2837,1300,3671,0.0,0.009999999776482582,1.8632880449295044,0.1233268603682518,0.001233268529176712,2,2,4
2838,1301,3477,0.0,0.009999999776482582,7.005972385406494,0.8579960465431213,0.008579960092902184,2,8,16
2839,1301,1302,0.0,0.009999999776482582,1.8683574199676514,0.1240510568022728,0.001240510493516922,2,2,4
2840,1302,3671,0.0,0.009999999776482582,1.8632880449295044,0.1233268603682518,0.001233268529176712,2,2,4
2841,1303,3670,0.0,0.009999999776482582,2.2654857635498047,0.18078367412090302,0.0018078366992995143,2,3,6
2842,1303,1304,0.0,0.009999999776482582,1.8642222881317139,0.1234603300690651,0.0012346032308414578,2,2,4
2843,1304,3671,0.0,0.009999999776482582,1.8642222881317139,0.1234603300690651,0.0012346032308414578,2,2,4
2844,3777,5011,0.0,0.009999999776482582,7.127651214599609,0.8753787279129028,0.00875378679484129,2,8,16
2845,3273,5011,0.0,0.009999999776482582,2.100557804107666,0.15722253918647766,0.0015722253592684865,2,3,6
2846,3273,3274,0.0,0.009999999776482582,2.100557804107666,0.15722253918647766,0.0015722253592684865,2,3,6
2847,3274,5011,0.0,0.009999999776482582,1.6219067573547363,0.08884382247924805,0.0008884381968528032,2,2,4
2848,3275,5011,0.0,0.009999999776482582,1.6219067573547363,0.08884382247924805,0.0008884381968528032,2,2,4
2849,1305,3275,0.0,0.009999999776482582,1.4990631341934204,0.07129473239183426,0.0007129472796805203,2,2,4
2850,1305,1306,0.0,0.009999999776482582,3.3752567768096924,0.33932238817214966,0.0033932237420231104,2,4,8
2851,1306,1307,0.0,0.009999999776482582,3.3752567768096924,0.33932238817214966,0.0033932237420231104,2,4,8
2852,1307,5011,0.0,0.009999999776482582,2.0871517658233643,0.15530739724636078,0.0015530739910900593,2,3,6
2853,1308,5011,0.0,0.009999999776482582,1.6219067573547363,0.08884382247924805,0.0008884381968528032,2,2,4
2854,1308,4333,0.0,0.009999999776482582,1.1412090063095093,0.020172715187072754,0.00020172714721411467,2,2,4
2855,1309,4333,0.0,0.009999999776482582,5.894811630249023,0.6992588043212891,0.006992587819695473,2,6,12
2856,1309,1310,0.0,0.009999999776482582,5.894811630249023,0.6992588043212891,0.006992587819695473,2,6,12
2857,1310,3477,0.0,0.009999999776482582,7.005972385406494,0.8579960465431213,0.008579960092902184,2,8,16
2858,1311,3477,0.0,0.009999999776482582,7.005972385406494,0.8579960465431213,0.008579960092902184,2,8,16
2859,1311,4333,0.0,0.009999999776482582,1.747355341911316,0.10676504671573639,0.001067650387994945,2,2,4
2860,3274,4333,0.0,0.009999999776482582,1.082755208015442,0.011822172440588474,0.00011822172382380813,2,2,4
2861,3274,3777,0.0,0.009999999776482582,7.127651214599609,0.8753787279129028,0.00875378679484129,2,8,16
2862,1312,3777,0.0,0.009999999776482582,7.127651214599609,0.8753787279129028,0.00875378679484129,2,8,16
2863,1312,3275,0.0,0.009999999776482582,2.081996440887451,0.15457092225551605,0.001545709208585322,2,3,6
2864,1313,3777,0.0,0.009999999776482582,7.127651214599609,0.8753787279129028,0.00875378679484129,2,8,16
2865,1313,4170,0.0,0.009999999776482582,1.7273898124694824,0.1039128303527832,0.0010391282849013805,2,2,4
2866,3777,4170,0.0,0.009999999776482582,7.127651214599609,0.8753787279129028,0.00875378679484129,2,8,16
2867,1314,4170,0.0,0.009999999776482582,3.1761951446533203,0.3108850121498108,0.0031088499817997217,2,4,8
2868,1314,3777,0.0,0.009999999776482582,7.127651214599609,0.8753787279129028,0.00875378679484129,2,8,16
2869,3777,4434,0.0,0.009999999776482582,7.127651214599609,0.8753787279129028,0.00875378679484129,2,8,16
2870,1315,4434,0.0,0.009999999776482582,1.9495885372161865,0.1356555074453354,0.001356555032543838,2,2,4
2871,1315,4197,0.0,0.009999999776482582,1.518592119216919,0.07408458739519119,0.0007408458623103797,2,2,4
2872,1316,4355,0.0,0.009999999776482582,1.5511704683303833,0.07873863726854324,0.0007873863796703517,2,2,4
2873,1316,1317,0.0,0.009999999776482582,1.2133517265319824,0.030478818342089653,0.0003047881764359772,2,2,4
2874,1317,1318,0.0,0.009999999776482582,1.2133517265319824,0.030478818342089653,0.0003047881764359772,2,2,4
2875,1318,4336,0.0,0.009999999776482582,3.1972522735595703,0.3138931691646576,0.0031389317009598017,2,4,8
2876,1319,4829,0.0,0.009999999776482582,4.757241725921631,0.5367488265037537,0.005367488134652376,2,5,10
2877,1319,1320,0.0,0.009999999776482582,2.022402286529541,0.14605747163295746,0.0014605746837332845,2,3,6
2878,1320,4829,0.0,0.009999999776482582,4.757241725921631,0.5367488265037537,0.005367488134652376,2,5,10
2879,1321,3976,0.0,0.009999999776482582,2.639610528945923,0.23423007130622864,0.002342300722375512,2,3,6
2880,1321,1322,0.0,0.009999999776482582,1.7937217950820923,0.11338882893323898,0.0011338882613927126,2,2,4
2881,1322,1323,0.0,0.009999999776482582,1.573143720626831,0.08187767118215561,0.0008187766652554274,2,2,4
2882,1323,3976,0.0,0.009999999776482582,2.639610528945923,0.23423007130622864,0.002342300722375512,2,3,6
2883,5012,5013,0.0,0.009999999776482582,1.5451972484588623,0.07788532227277756,0.0007788531947880983,2,2,4
2884,1324,5012,0.0,0.009999999776482582,1.5451972484588623,0.07788532227277756,0.0007788531947880983,2,2,4
2885,1324,5013,0.0,0.009999999776482582,1.4345486164093018,0.06207837536931038,0.0006207837141118944,2,2,4
2886,1325,4588,0.0,0.009999999776482582,2.5560247898101807,0.22228924930095673,0.002222892362624407,2,3,6
2887,1325,1326,0.0,0.009999999776482582,1.483292579650879,0.06904179602861404,0.0006904179463163018,2,2,4
2888,1326,3276,0.0,0.009999999776482582,2.0301589965820312,0.14716556668281555,0.0014716556761413813,2,3,6
2889,1327,1328,0.0,0.009999999776482582,1.1491484642028809,0.021306922659277916,0.00021306921553332359,2,2,4
2890,1328,1329,0.0,0.009999999776482582,1.3497765064239502,0.04996807128190994,0.0004996806965209544,2,2,4
2891,1329,1330,0.0,0.009999999776482582,1.3497765064239502,0.04996807128190994,0.0004996806965209544,2,2,4
2892,1330,1331,0.0,0.009999999776482582,1.3662046194076538,0.05231494456529617,0.0005231494433246553,2,2,4
2893,1331,3668,0.0,0.009999999776482582,1.8798165321350098,0.1256880760192871,0.0012568806996569037,2,2,4
2894,4437,4521,0.9999998807907104,0.9999998807907104,6.992038726806641,0.8560055494308472,0.8560054302215576,5,7,35
2895,4339,4521,0.9999998807907104,0.9999998807907104,1.4670711755752563,0.06672445684671402,0.06672444939613342,5,2,10
2896,4339,4644,0.0,0.009999999776482582,2.532604217529297,0.21894346177577972,0.0021894345991313457,2,3,6
2897,1332,3812,0.0,0.009999999776482582,1.8458471298217773,0.1208353042602539,0.001208352972753346,2,2,4
2898,1332,1333,0.0,0.009999999776482582,1.8458471298217773,0.1208353042602539,0.001208352972753346,2,2,4
2899,1333,1334,0.0,0.009999999776482582,1.0322167873382568,0.004602398257702589,4.602398257702589e-05,2,2,4
2900,1334,3812,0.0,0.009999999776482582,1.127388596534729,0.018198370933532715,0.00018198370526079088,2,2,4
2901,1335,3812,0.0,0.009999999776482582,2.227668046951294,0.1753811538219452,0.0017538114916533232,2,3,6
2902,1335,1336,0.0,0.009999999776482582,2.227668046951294,0.1753811538219452,0.0017538114916533232,2,3,6
2903,1336,3581,0.0,0.009999999776482582,2.931215286254883,0.2758879065513611,0.002758878981694579,2,3,6
2904,3584,4613,0.9999998807907104,0.9999998807907104,4.516549587249756,0.5023642182350159,0.5023641586303711,5,5,25
2905,1337,3584,0.0,0.009999999776482582,4.516549587249756,0.5023642182350159,0.005023641977459192,2,5,10
2906,1337,4613,0.0,0.009999999776482582,3.0481135845184326,0.29258766770362854,0.0029258765280246735,2,4,8
2907,1338,3507,0.0,0.009999999776482582,4.873459815979004,0.5533514022827148,0.005533514078706503,2,5,10
2908,1338,4341,0.0,0.009999999776482582,1.7750581502914429,0.11072259396314621,0.0011072258930653334,2,2,4
2909,3507,4341,0.0,0.009999999776482582,4.873459815979004,0.5533514022827148,0.005533514078706503,2,5,10
2910,1339,3547,0.0,0.009999999776482582,2.666071891784668,0.23801027238368988,0.002380102640017867,2,3,6
2911,1339,5014,0.0,0.009999999776482582,1.07772696018219,0.011103851720690727,0.0001110385128413327,2,2,4
2912,3547,5014,0.0,0.009999999776482582,2.666071891784668,0.23801027238368988,0.002380102640017867,2,3,6
2913,3795,3801,0.0,0.009999999776482582,3.5317952632904053,0.36168503761291504,0.003616850357502699,2,4,8
2914,3277,3795,0.0,0.009999999776482582,3.5317952632904053,0.36168503761291504,0.003616850357502699,2,4,8
2915,1340,3277,0.0,0.009999999776482582,1.8201206922531128,0.11716009676456451,0.0011716008884832263,2,2,4
2916,1340,3572,0.0,0.009999999776482582,4.671915531158447,0.5245593786239624,0.0052455938421189785,2,5,10
2917,1341,4162,0.0,0.009999999776482582,1.4697084426879883,0.06710120290517807,0.0006710120360367,2,2,4
2918,1341,1342,0.0,0.009999999776482582,1.5000920295715332,0.07144171744585037,0.0007144171395339072,2,2,4
2919,1342,4162,0.0,0.009999999776482582,1.5000920295715332,0.07144171744585037,0.0007144171395339072,2,2,4
2920,1343,3584,0.0,0.009999999776482582,4.516549587249756,0.5023642182350159,0.005023641977459192,2,5,10
2921,1343,4708,0.0,0.009999999776482582,1.760200023651123,0.10860000550746918,0.0010860000038519502,2,2,4
2922,3584,4708,0.0,0.009999999776482582,4.516549587249756,0.5023642182350159,0.005023641977459192,2,5,10
2923,4344,4345,0.0,0.009999999776482582,1.221515417098999,0.03164505958557129,0.0003164505760651082,2,2,4
2924,4345,4346,0.9999998807907104,0.9999998807907104,1.1751998662948608,0.02502855286002159,0.025028549134731293,5,2,10
2925,3474,4346,0.0,0.009999999776482582,1.091724157333374,0.013103450648486614,0.0001310345105594024,2,2,4
2926,3537,3561,0.0,0.009999999776482582,2.67909574508667,0.2398708164691925,0.002398708136752248,2,3,6
2927,1344,3537,0.0,0.009999999776482582,2.219886541366577,0.17426951229572296,0.001742695108987391,2,3,6
2928,1344,3561,0.0,0.009999999776482582,2.67909574508667,0.2398708164691925,0.002398708136752248,2,3,6
2929,1345,3561,0.0,0.009999999776482582,2.937093734741211,0.27672767639160156,0.002767276717349887,2,3,6
2930,1345,4439,0.0,0.009999999776482582,2.937093734741211,0.27672767639160156,0.002767276717349887,2,3,6
2931,1346,4439,0.0,0.009999999776482582,1.7865588665008545,0.11236555129289627,0.0011236554710194468,2,2,4
2932,1346,4347,0.0,0.009999999776482582,1.5873440504074097,0.08390629291534424,0.0008390629081986845,2,2,4
2933,3561,4347,0.5,0.5049999952316284,2.67909574508667,0.2398708164691925,0.12113475799560547,5,3,15
2934,1347,4323,0.0,0.009999999776482582,2.151477336883545,0.1644967645406723,0.0016449675895273685,2,3,6
2935,4323,4348,0.0,0.009999999776482582,1.7024600505828857,0.10035143792629242,0.0010035143932327628,2,2,4
2936,1348,4323,0.0,0.009999999776482582,1.0622689723968506,0.008895567618310452,8.895567589206621e-05,2,2,4
2937,1348,1349,0.0,0.009999999776482582,1.0625101327896118,0.008930019102990627,8.93001924850978e-05,2,2,4
2938,1349,3777,0.0,0.009999999776482582,7.127651214599609,0.8753787279129028,0.00875378679484129,2,8,16
2939,1350,3777,0.0,0.009999999776482582,7.127651214599609,0.8753787279129028,0.00875378679484129,2,8,16
2940,1350,4323,0.0,0.009999999776482582,1.4066169261932373,0.05808813124895096,0.000580881314817816,2,2,4
2941,3609,4323,0.0,0.009999999776482582,1.274277925491333,0.03918256238102913,0.0003918256261385977,2,2,4
2942,1351,4328,0.0,0.009999999776482582,4.756998062133789,0.5367140173912048,0.005367140285670757,2,5,10
2943,1351,1352,0.0,0.009999999776482582,1.209489107131958,0.02992701530456543,0.0002992701483890414,2,2,4
2944,1352,4328,0.0,0.009999999776482582,4.756998062133789,0.5367140173912048,0.005367140285670757,2,5,10
2945,3278,5015,0.0,0.009999999776482582,2.197925567626953,0.17113222181797028,0.0017113222274929285,2,3,6
2946,3279,3610,0.0,0.009999999776482582,1.3533909320831299,0.050484418869018555,0.0005048441817052662,2,2,4
2947,3279,3280,0.0,0.009999999776482582,1.831000566482544,0.11871436983346939,0.0011871436145156622,2,2,4
2948,3280,3477,0.0,0.009999999776482582,7.005972385406494,0.8579960465431213,0.008579960092902184,2,8,16
2949,1353,3610,0.0,0.009999999776482582,1.3266900777816772,0.046670012176036835,0.0004667001194320619,2,2,4
2950,1353,1354,0.0,0.009999999776482582,1.8626493215560913,0.12323562055826187,0.0012323561822995543,2,2,4
2951,1354,3477,0.0,0.009999999776482582,7.005972385406494,0.8579960465431213,0.008579960092902184,2,8,16
2952,1355,3477,0.0,0.009999999776482582,7.005972385406494,0.8579960465431213,0.008579960092902184,2,8,16
2953,1355,4352,0.0,0.009999999776482582,1.9676841497421265,0.13824059069156647,0.0013824058696627617,2,2,4
2954,3477,4352,0.0,0.009999999776482582,7.005972385406494,0.8579960465431213,0.008579960092902184,2,8,16
2955,3281,4851,0.0,0.009999999776482582,1.349101185798645,0.049871597439050674,0.0004987159627489746,2,2,4
2956,3281,3676,0.0,0.009999999776482582,1.0994395017623901,0.014205642975866795,0.00014205642219167203,2,2,4
2957,3676,5016,0.0,0.009999999776482582,1.0728436708450317,0.010406238958239555,0.00010406239016447216,2,2,4
2958,1356,4851,0.0,0.009999999776482582,1.349101185798645,0.049871597439050674,0.0004987159627489746,2,2,4
2959,1356,1357,0.0,0.009999999776482582,1.2152540683746338,0.030750581994652748,0.00030750580481253564,2,2,4
2960,1357,5016,0.0,0.009999999776482582,1.0244170427322388,0.0034881490282714367,3.4881490137195215e-05,2,2,4
2961,1358,4851,0.0,0.009999999776482582,1.349101185798645,0.049871597439050674,0.0004987159627489746,2,2,4
2962,1358,3677,0.0,0.009999999776482582,1.955763816833496,0.13653768599033356,0.0013653768692165613,2,2,4
2963,3674,3677,0.0,0.009999999776482582,1.955763816833496,0.13653768599033356,0.0013653768692165613,2,2,4
2964,1359,3989,0.0,0.009999999776482582,3.2833027839660645,0.3261861205101013,0.0032618611585348845,2,4,8
2965,1359,5017,0.0,0.009999999776482582,1.6465984582901,0.09237121045589447,0.0009237120975740254,2,2,4
2966,1360,5017,0.0,0.009999999776482582,1.6465984582901,0.09237121045589447,0.0009237120975740254,2,2,4
2967,1360,3946,0.0,0.009999999776482582,1.497170090675354,0.07102429866790771,0.0007102429517544806,2,2,4
2968,3282,3989,0.0,0.009999999776482582,3.2833027839660645,0.3261861205101013,0.0032618611585348845,2,4,8
2969,3282,4354,0.0,0.009999999776482582,1.7458529472351074,0.1065504178404808,0.0010655041551217437,2,2,4
2970,1361,4354,0.0,0.009999999776482582,1.467437505722046,0.06677678972482681,0.0006677678902633488,2,2,4
2971,1361,1362,0.0,0.009999999776482582,1.32108473777771,0.04586924985051155,0.0004586924915201962,2,2,4
2972,1362,1363,0.0,0.009999999776482582,2.120856761932373,0.16012239456176758,0.0016012239502742887,2,3,6
2973,1363,5018,0.0,0.009999999776482582,2.120856761932373,0.16012239456176758,0.0016012239502742887,2,3,6
2974,3989,5018,0.0,0.009999999776482582,3.2833027839660645,0.3261861205101013,0.0032618611585348845,2,4,8
2975,4801,5018,0.5,0.5049999952316284,1.3274571895599365,0.04677959904074669,0.023623697459697723,5,2,10
2976,1364,5018,0.0,0.009999999776482582,3.4279887676239014,0.3468555510044098,0.003468555398285389,2,4,8
2977,3777,5018,0.0,0.009999999776482582,7.127651214599609,0.8753787279129028,0.00875378679484129,2,8,16
2978,3282,5018,0.0,0.009999999776482582,1.7458529472351074,0.1065504178404808,0.0010655041551217437,2,2,4
2979,1365,5018,0.0,0.009999999776482582,1.3274571895599365,0.04677959904074669,0.0004677959659602493,2,2,4
2980,1365,4801,0.0,0.009999999776482582,1.2675316333770752,0.03821880370378494,0.00038218803820200264,2,2,4
2981,5017,5018,0.5,0.5049999952316284,1.6465984582901,0.09237121045589447,0.046647459268569946,5,2,10
2982,4801,5017,0.9999998807907104,0.9999998807907104,1.6465984582901,0.09237121045589447,0.09237120300531387,5,2,10
2983,4354,4801,0.0,0.009999999776482582,1.467437505722046,0.06677678972482681,0.0006677678902633488,2,2,4
2984,4354,5018,0.5,0.5049999952316284,1.467437505722046,0.06677678972482681,0.033722277730703354,5,2,10
2985,1366,3541,0.0,0.009999999776482582,1.434946060180664,0.06213515251874924,0.0006213515298441052,2,2,4
2986,1366,1367,0.0,0.009999999776482582,1.434946060180664,0.06213515251874924,0.0006213515298441052,2,2,4
2987,1367,1368,0.0,0.009999999776482582,1.494394063949585,0.07062772661447525,0.0007062772638164461,2,2,4
2988,1368,3946,0.0,0.009999999776482582,1.497170090675354,0.07102429866790771,0.0007102429517544806,2,2,4
2989,3946,5018,0.0,0.009999999776482582,1.497170090675354,0.07102429866790771,0.0007102429517544806,2,2,4
2990,4354,5017,0.5,0.5049999952316284,1.6465984582901,0.09237121045589447,0.046647459268569946,5,2,10
2991,3477,5018,0.0,0.009999999776482582,7.005972385406494,0.8579960465431213,0.008579960092902184,2,8,16
2992,3816,5021,0.5,0.5049999952316284,6.981029510498047,0.8544327616691589,0.4314885437488556,5,7,35
2993,5020,5021,0.5,0.5049999952316284,2.1522750854492188,0.16461072862148285,0.0831284150481224,5,3,15
2994,4357,5021,0.0,0.009999999776482582,1.4341150522232056,0.06201643496751785,0.0006201643263921142,2,2,4
2995,3899,5020,0.0,0.009999999776482582,2.1522750854492188,0.16461072862148285,0.0016461072955280542,2,3,6
2996,4357,5020,0.0,0.009999999776482582,2.1522750854492188,0.16461072862148285,0.0016461072955280542,2,3,6
2997,4356,5021,0.0,0.009999999776482582,1.1157089471817017,0.01652984879910946,0.00016529847925994545,2,2,4
2998,1369,5022,0.0,0.009999999776482582,1.0487622022628784,0.006966028828173876,6.966028740862384e-05,2,2,4
2999,1369,1370,0.0,0.009999999776482582,1.1255079507827759,0.01792970672249794,0.00017929705791175365,2,2,4
3000,1370,5022,0.0,0.009999999776482582,1.1255079507827759,0.01792970672249794,0.00017929705791175365,2,2,4
3001,1371,5022,0.0,0.009999999776482582,1.1497128009796143,0.02138754352927208,0.0002138754352927208,2,2,4
3002,1371,1372,0.0,0.009999999776482582,1.1497128009796143,0.02138754352927208,0.0002138754352927208,2,2,4
3003,1372,5022,0.0,0.009999999776482582,1.018416404724121,0.0026309150271117687,2.6309149689041078e-05,2,2,4
3004,1373,3658,0.0,0.009999999776482582,6.792314529418945,0.827473521232605,0.008274734951555729,2,7,14
3005,1373,3284,0.0,0.009999999776482582,2.624856472015381,0.23212234675884247,0.002321223495528102,2,3,6
3006,3284,5022,0.0,0.009999999776482582,1.3889827728271484,0.05556896701455116,0.0005556896794587374,2,2,4
3007,5022,5024,0.0,0.009999999776482582,1.1053359508514404,0.015047992579638958,0.00015047992928884923,2,2,4
3008,5023,5024,0.0,0.009999999776482582,1.5081214904785156,0.07258878648281097,0.0007258878322318196,2,2,4
3009,5022,5023,0.0,0.009999999776482582,1.5081214904785156,0.07258878648281097,0.0007258878322318196,2,2,4
3010,1374,5022,0.0,0.009999999776482582,1.5588023662567139,0.0798289105296135,0.0007982890820130706,2,2,4
3011,1374,1375,0.0,0.009999999776482582,1.5588023662567139,0.0798289105296135,0.0007982890820130706,2,2,4
3012,1375,3285,0.0,0.009999999776482582,1.1208511590957642,0.01726445183157921,0.0001726445188978687,2,2,4
3013,3285,5022,0.5,0.5049999952316284,1.0040760040283203,0.0005822862731292844,0.000294054567348212,5,2,10
3014,5022,5025,0.0,0.009999999776482582,1.7730116844177246,0.11043024063110352,0.0011043023550882936,2,2,4
3015,3283,5025,0.0,0.009999999776482582,1.7730116844177246,0.11043024063110352,0.0011043023550882936,2,2,4
3016,3283,5024,0.0,0.009999999776482582,1.2672358751296997,0.038176555186510086,0.00038176553789526224,2,2,4
3017,1376,5022,0.0,0.009999999776482582,1.0998331308364868,0.014261876232922077,0.00014261876640375704,2,2,4
3018,1376,4359,0.0,0.009999999776482582,1.965758204460144,0.13796545565128326,0.001379654509946704,2,2,4
3019,1377,4359,0.0,0.009999999776482582,1.965758204460144,0.13796545565128326,0.001379654509946704,2,2,4
3020,1377,5022,0.0,0.009999999776482582,1.234986662864685,0.03356952220201492,0.00033569522202014923,2,2,4
3021,1378,5022,0.0,0.009999999776482582,1.053737759590149,0.0076768225990235806,7.676822133362293e-05,2,2,4
3022,1378,3285,0.0,0.009999999776482582,1.053737759590149,0.0076768225990235806,7.676822133362293e-05,2,2,4
3023,1379,4394,0.0,0.009999999776482582,5.899522304534912,0.6999317407608032,0.006999317090958357,2,6,12
3024,1379,4360,0.0,0.009999999776482582,4.029430866241455,0.4327758252620697,0.004327758215367794,2,5,10
3025,1380,4360,0.0,0.009999999776482582,1.7363451719284058,0.105192169547081,0.0010519216302782297,2,2,4
3026,1380,4394,0.0,0.009999999776482582,5.899522304534912,0.6999317407608032,0.006999317090958357,2,6,12
3027,4521,4827,0.0,0.009999999776482582,1.5599961280822754,0.07999944686889648,0.0007999944500625134,2,2,4
3028,4339,4827,0.9999998807907104,0.9999998807907104,1.5599961280822754,0.07999944686889648,0.07999943941831589,5,2,10
3029,4339,4437,0.9999998807907104,0.9999998807907104,6.992038726806641,0.8560055494308472,0.8560054302215576,5,7,35
3030,4521,4644,0.0,0.009999999776482582,2.532604217529297,0.21894346177577972,0.0021894345991313457,2,3,6
3031,1381,4485,0.0,0.009999999776482582,7.152796268463135,0.8789709210395813,0.008789708837866783,2,8,16
3032,1381,4363,0.0,0.009999999776482582,2.0636026859283447,0.15194323658943176,0.0015194322913885117,2,3,6
3033,4363,5026,0.0,0.009999999776482582,2.0636026859283447,0.15194323658943176,0.0015194322913885117,2,3,6
3034,1382,4485,0.0,0.009999999776482582,7.152796268463135,0.8789709210395813,0.008789708837866783,2,8,16
3035,1382,3679,0.0,0.009999999776482582,1.404119610786438,0.057731371372938156,0.0005773137090727687,2,2,4
3036,3679,4485,0.0,0.009999999776482582,7.152796268463135,0.8789709210395813,0.008789708837866783,2,8,16
3037,1383,1384,0.0,0.009999999776482582,1.5115240812301636,0.07307486981153488,0.0007307486957870424,2,2,4
3038,1384,3286,0.0,0.009999999776482582,1.5115240812301636,0.07307486981153488,0.0007307486957870424,2,2,4
3039,1385,3286,0.0,0.009999999776482582,2.0092074871063232,0.14417250454425812,0.0014417250640690327,2,3,6
3040,1386,3286,0.0,0.009999999776482582,1.4952553510665894,0.07075076550245285,0.0007075076573528349,2,2,4
3041,1386,1387,0.0,0.009999999776482582,2.429189443588257,0.20416991412639618,0.002041699131950736,2,3,6
3042,1387,3541,0.0,0.009999999776482582,2.429189443588257,0.20416991412639618,0.002041699131950736,2,3,6
3043,1388,4350,0.0,0.009999999776482582,1.1628395318984985,0.023262789472937584,0.0002326278918189928,2,2,4
3044,1388,1389,0.0,0.009999999776482582,1.1628395318984985,0.023262789472937584,0.0002326278918189928,2,2,4
3045,1389,1390,0.0,0.009999999776482582,1.4855589866638184,0.06936556845903397,0.0006936556892469525,2,2,4
3046,1390,3287,0.0,0.009999999776482582,1.4855589866638184,0.06936556845903397,0.0006936556892469525,2,2,4
3047,3287,3542,0.0,0.009999999776482582,1.2700892686843872,0.03858418017625809,0.0003858417912852019,2,2,4
3048,1391,4625,0.0,0.009999999776482582,1.4432049989700317,0.0633149966597557,0.0006331499316729605,2,2,4
3049,1391,1392,0.0,0.009999999776482582,1.8246095180511475,0.11780136078596115,0.001178013626486063,2,2,4
3050,1392,3680,0.0,0.009999999776482582,3.5345754623413086,0.36208221316337585,0.0036208219826221466,2,4,8
3051,4013,4925,0.5,0.5049999952316284,5.5763702392578125,0.6537671685218811,0.3301524221897125,5,6,30
3052,4013,4492,0.5,0.5049999952316284,1.6971665620803833,0.09959522634744644,0.05029558762907982,5,2,10
3053,4492,4925,0.5,0.5049999952316284,5.5763702392578125,0.6537671685218811,0.3301524221897125,5,6,30
3054,1393,5027,0.0,0.009999999776482582,1.2051469087600708,0.029306700453162193,0.00029306698706932366,2,2,4
3055,1393,1394,0.0,0.009999999776482582,1.4098751544952393,0.05855359509587288,0.0005855359486304224,2,2,4
3056,1394,5027,0.0,0.009999999776482582,1.4098751544952393,0.05855359509587288,0.0005855359486304224,2,2,4
3057,1395,3535,0.0,0.009999999776482582,4.752325534820557,0.5360465049743652,0.005360465031117201,2,5,10
3058,1395,1396,0.0,0.009999999776482582,1.8529143333435059,0.12184490263462067,0.001218448975123465,2,2,4
3059,1396,4232,0.0,0.009999999776482582,4.0323381423950195,0.4331911504268646,0.004331911448389292,2,5,10
3060,5028,5029,0.9999998807907104,0.9999998807907104,6.305883407592773,0.7579833269119263,0.7579832077026367,5,7,35
3061,1397,5029,0.0,0.009999999776482582,1.24560546875,0.0350864939391613,0.00035086492425762117,2,2,4
3062,1397,3721,0.0,0.009999999776482582,5.314292907714844,0.6163275837898254,0.006163275800645351,2,6,12
3063,4114,5029,0.9999998807907104,0.9999998807907104,1.4526804685592651,0.06466864049434662,0.06466863304376602,5,2,10
3064,4114,5028,0.9999998807907104,0.9999998807907104,6.305883407592773,0.7579833269119263,0.7579832077026367,5,7,35
3065,4540,5029,0.5,0.5049999952316284,1.24560546875,0.0350864939391613,0.017718680202960968,5,2,10
3066,3721,4540,0.0,0.009999999776482582,5.314292907714844,0.6163275837898254,0.006163275800645351,2,6,12
3067,3741,5028,0.0,0.009999999776482582,6.305883407592773,0.7579833269119263,0.007579833269119263,2,7,14
3068,1398,3741,0.0,0.009999999776482582,1.939155101776123,0.13416501879692078,0.001341650146059692,2,2,4
3069,1398,5028,0.0,0.009999999776482582,6.305883407592773,0.7579833269119263,0.007579833269119263,2,7,14
3070,3721,5029,0.9999998807907104,0.9999998807907104,5.314292907714844,0.6163275837898254,0.6163275241851807,5,6,30
3071,4540,5028,0.5,0.5049999952316284,6.305883407592773,0.7579833269119263,0.3827815651893616,5,7,35
3072,3721,4114,0.5,0.5049999952316284,5.314292907714844,0.6163275837898254,0.3112454414367676,5,6,30
3073,4114,4540,0.0,0.009999999776482582,1.4526804685592651,0.06466864049434662,0.0006466864142566919,2,2,4
3074,3562,4699,0.0,0.009999999776482582,2.1319310665130615,0.1617044359445572,0.0016170443268492818,2,3,6
3075,1399,4699,0.0,0.009999999776482582,2.8321447372436523,0.2617349624633789,0.0026173496153205633,2,3,6
3076,1399,3794,0.0,0.009999999776482582,7.308557033538818,0.9012224078178406,0.009012224152684212,2,8,16
3077,3794,4699,0.9999998807907104,0.9999998807907104,7.308557033538818,0.9012224078178406,0.901222288608551,5,8,40
3078,4113,4699,0.0,0.009999999776482582,2.1319310665130615,0.1617044359445572,0.0016170443268492818,2,3,6
3079,3794,4113,0.9999998807907104,0.9999998807907104,7.308557033538818,0.9012224078178406,0.901222288608551,5,8,40
3080,3794,4369,0.9999998807907104,0.9999998807907104,7.308557033538818,0.9012224078178406,0.901222288608551,5,8,40
3081,4369,4699,0.9999998807907104,0.9999998807907104,2.1319310665130615,0.1617044359445572,0.161704421043396,5,3,15
3082,4699,5030,0.5,0.5049999952316284,2.1319310665130615,0.1617044359445572,0.08166074007749557,5,3,15
3083,3794,5030,0.5,0.5049999952316284,7.308557033538818,0.9012224078178406,0.4551173150539398,5,8,40
3084,4699,5032,0.5,0.5049999952316284,2.9420204162597656,0.2774314880371094,0.14010289311408997,5,3,15
3085,4369,5032,0.5,0.5049999952316284,2.9420204162597656,0.2774314880371094,0.14010289311408997,5,3,15
3086,4113,4369,0.5,0.5049999952316284,1.7063837051391602,0.10091196000576019,0.050960540771484375,5,2,10
3087,3288,3794,0.0,0.009999999776482582,7.308557033538818,0.9012224078178406,0.009012224152684212,2,8,16
3088,3288,4699,0.0,0.009999999776482582,2.5643863677978516,0.22348377108573914,0.0022348377387970686,2,3,6
3089,4369,5030,0.0,0.009999999776482582,1.7063837051391602,0.10091196000576019,0.001009119558148086,2,2,4
3090,4699,5031,0.5,0.5049999952316284,2.1319310665130615,0.1617044359445572,0.08166074007749557,5,3,15
3091,3794,5031,0.0,0.009999999776482582,7.308557033538818,0.9012224078178406,0.009012224152684212,2,8,16
3092,1400,4369,0.0,0.009999999776482582,1.858098030090332,0.12258543074131012,0.0012258542701601982,2,2,4
3093,1400,3794,0.0,0.009999999776482582,7.308557033538818,0.9012224078178406,0.009012224152684212,2,8,16
3094,1401,4699,0.0,0.009999999776482582,2.1319310665130615,0.1617044359445572,0.0016170443268492818,2,3,6
3095,1401,3794,0.0,0.009999999776482582,7.308557033538818,0.9012224078178406,0.009012224152684212,2,8,16
3096,1402,3794,0.0,0.009999999776482582,7.308557033538818,0.9012224078178406,0.009012224152684212,2,8,16
3097,1402,4699,0.0,0.009999999776482582,3.468855857849121,0.35269370675086975,0.003526936983689666,2,4,8
3098,3289,4699,0.0,0.009999999776482582,3.8759262561798096,0.41084662079811096,0.00410846620798111,2,4,8
3099,4369,5031,0.0,0.009999999776482582,1.7063837051391602,0.10091196000576019,0.001009119558148086,2,2,4
3100,3794,5032,0.0,0.009999999776482582,7.308557033538818,0.9012224078178406,0.009012224152684212,2,8,16
3101,1403,4699,0.0,0.009999999776482582,2.1319310665130615,0.1617044359445572,0.0016170443268492818,2,3,6
3102,1403,4369,0.0,0.009999999776482582,1.7063837051391602,0.10091196000576019,0.001009119558148086,2,2,4
3103,1404,4232,0.0,0.009999999776482582,4.0323381423950195,0.4331911504268646,0.004331911448389292,2,5,10
3104,1404,3290,0.0,0.009999999776482582,2.758901596069336,0.25127166509628296,0.0025127166882157326,2,3,6
3105,3290,4232,0.0,0.009999999776482582,4.0323381423950195,0.4331911504268646,0.004331911448389292,2,5,10
3106,3553,4190,0.5,0.5049999952316284,3.728917360305786,0.3898453414440155,0.19687189161777496,5,4,20
3107,4190,4232,0.0,0.009999999776482582,4.0323381423950195,0.4331911504268646,0.004331911448389292,2,5,10
3108,1405,4370,0.0,0.009999999776482582,6.9086713790893555,0.8440958857536316,0.008440958335995674,2,7,14
3109,1405,4371,0.0,0.009999999776482582,2.5204854011535645,0.21721220016479492,0.002172122010961175,2,3,6
3110,4370,4371,0.5,0.5049999952316284,6.9086713790893555,0.8440958857536316,0.42626842856407166,5,7,35
3111,3815,4476,0.0,0.009999999776482582,5.925902366638184,0.7037003636360168,0.0070370035246014595,2,6,12
3112,3747,4476,0.0,0.009999999776482582,1.5625704526901245,0.08036720752716064,0.0008036720682866871,2,2,4
3113,3747,4370,0.5,0.5049999952316284,6.9086713790893555,0.8440958857536316,0.42626842856407166,5,7,35
3114,4370,4475,0.5,0.5049999952316284,6.9086713790893555,0.8440958857536316,0.42626842856407166,5,7,35
3115,1406,4475,0.0,0.009999999776482582,2.606623649597168,0.22951766848564148,0.0022951767314225435,2,3,6
3116,1406,4370,0.0,0.009999999776482582,6.9086713790893555,0.8440958857536316,0.008440958335995674,2,7,14
3117,1407,4808,0.0,0.009999999776482582,2.641127109527588,0.23444673418998718,0.0023444672115147114,2,3,6
3118,1407,4472,0.0,0.009999999776482582,1.2730368375778198,0.03900526091456413,0.00039005259168334305,2,2,4
3119,4472,4808,0.9999998807907104,0.9999998807907104,2.641127109527588,0.23444673418998718,0.2344467043876648,5,3,15
3120,4683,4808,0.0,0.009999999776482582,2.641127109527588,0.23444673418998718,0.0023444672115147114,2,3,6
3121,4472,4683,0.0,0.009999999776482582,1.3470079898834229,0.04957256838679314,0.000495725660584867,2,2,4
3122,1408,4808,0.0,0.009999999776482582,2.641127109527588,0.23444673418998718,0.0023444672115147114,2,3,6
3123,1408,4372,0.0,0.009999999776482582,1.58335280418396,0.08333611488342285,0.0008333611185662448,2,2,4
3124,4219,4372,0.0,0.009999999776482582,1.58335280418396,0.08333611488342285,0.0008333611185662448,2,2,4
3125,4219,4808,0.5,0.5049999952316284,2.641127109527588,0.23444673418998718,0.11839559674263,5,3,15
3126,3291,4808,0.0,0.009999999776482582,2.641127109527588,0.23444673418998718,0.0023444672115147114,2,3,6
3127,3291,4373,0.0,0.009999999776482582,1.8411126136779785,0.12015894800424576,0.0012015894753858447,2,2,4
3128,4373,4808,0.0,0.009999999776482582,2.641127109527588,0.23444673418998718,0.0023444672115147114,2,3,6
3129,4373,4472,0.0,0.009999999776482582,1.8411126136779785,0.12015894800424576,0.0012015894753858447,2,2,4
3130,4372,4808,0.0,0.009999999776482582,2.641127109527588,0.23444673418998718,0.0023444672115147114,2,3,6
3131,1409,4244,0.0,0.009999999776482582,1.6698014736175537,0.0956859216094017,0.0009568592067807913,2,2,4
3132,1409,1410,0.0,0.009999999776482582,2.073284149169922,0.15332630276679993,0.0015332630136981606,2,3,6
3133,1410,3814,0.0,0.009999999776482582,4.510677337646484,0.501525342464447,0.005015253089368343,2,5,10
3134,3292,5033,0.0,0.009999999776482582,1.0979083776474,0.013986910693347454,0.00013986910926178098,2,2,4
3135,1411,3292,0.0,0.009999999776482582,1.0553337335586548,0.007904819212853909,7.904819358373061e-05,2,2,4
3136,1411,5034,0.0,0.009999999776482582,1.0580135583877563,0.008287651464343071,8.287651144200936e-05,2,2,4
3137,5033,5034,0.0,0.009999999776482582,1.0979083776474,0.013986910693347454,0.00013986910926178098,2,2,4
3138,1412,5033,0.0,0.009999999776482582,1.4290659427642822,0.06129513308405876,0.0006129512912593782,2,2,4
3139,1412,4376,0.0,0.009999999776482582,1.8964619636535645,0.12806598842144012,0.0012806598097085953,2,2,4
3140,3477,4376,0.0,0.009999999776482582,7.005972385406494,0.8579960465431213,0.008579960092902184,2,8,16
3141,1413,4501,0.0,0.009999999776482582,1.5317027568817139,0.0759575366973877,0.0007595753413625062,2,2,4
3142,1413,5036,0.0,0.009999999776482582,1.6092838048934937,0.08704054355621338,0.0008704054052941501,2,2,4
3143,4501,5036,0.5,0.5049999952316284,1.6092838048934937,0.08704054355621338,0.043955475091934204,5,2,10
3144,4105,4502,0.5,0.5049999952316284,1.3104405403137207,0.04434864968061447,0.022396067157387733,5,2,10
3145,4502,5036,0.0,0.009999999776482582,1.6092838048934937,0.08704054355621338,0.0008704054052941501,2,2,4
3146,1414,4501,0.0,0.009999999776482582,1.5317027568817139,0.0759575366973877,0.0007595753413625062,2,2,4
3147,1414,5036,0.0,0.009999999776482582,1.6092838048934937,0.08704054355621338,0.0008704054052941501,2,2,4
3148,4105,5036,0.0,0.009999999776482582,1.6092838048934937,0.08704054355621338,0.0008704054052941501,2,2,4
3149,1415,4501,0.0,0.009999999776482582,1.802760362625122,0.11468005180358887,0.001146800466813147,2,2,4
3150,1415,3683,0.0,0.009999999776482582,1.802760362625122,0.11468005180358887,0.001146800466813147,2,2,4
3151,3683,4501,0.0,0.009999999776482582,1.5317027568817139,0.0759575366973877,0.0007595753413625062,2,2,4
3152,3683,4502,0.0,0.009999999776482582,1.3104405403137207,0.04434864968061447,0.0004434864968061447,2,2,4
3153,3683,4105,0.0,0.009999999776482582,1.2457733154296875,0.0351104736328125,0.00035110473982058465,2,2,4
3154,4105,4802,0.0,0.009999999776482582,1.569486141204834,0.08135516196489334,0.000813551596365869,2,2,4
3155,1416,4802,0.0,0.009999999776482582,1.569486141204834,0.08135516196489334,0.000813551596365869,2,2,4
3156,1416,4105,0.0,0.009999999776482582,1.3572810888290405,0.051040153950452805,0.0005104014999233186,2,2,4
3157,4328,4329,0.0,0.009999999776482582,4.756998062133789,0.5367140173912048,0.005367140285670757,2,5,10
3158,1417,4329,0.0,0.009999999776482582,2.0857608318328857,0.15510869026184082,0.0015510868979617953,2,3,6
3159,1418,5037,0.0,0.009999999776482582,4.123453140258789,0.44620758295059204,0.004462075885385275,2,5,10
3160,1418,4591,0.0,0.009999999776482582,1.167206048965454,0.023886578157544136,0.00023886577400844544,2,2,4
3161,4591,5037,0.5,0.5049999952316284,4.123453140258789,0.44620758295059204,0.22533482313156128,5,5,25
3162,1419,5037,0.0,0.009999999776482582,4.123453140258789,0.44620758295059204,0.004462075885385275,2,5,10
3163,1419,1420,0.0,0.009999999776482582,2.1812562942504883,0.16875089704990387,0.0016875088913366199,2,3,6
3164,1420,5037,0.0,0.009999999776482582,4.123453140258789,0.44620758295059204,0.004462075885385275,2,5,10
3165,4592,5037,0.0,0.009999999776482582,4.123453140258789,0.44620758295059204,0.004462075885385275,2,5,10
3166,4591,4592,0.0,0.009999999776482582,1.3651549816131592,0.05216499790549278,0.0005216499557718635,2,2,4
3167,1421,3846,0.0,0.009999999776482582,2.943727493286133,0.2776753604412079,0.0027767536230385303,2,3,6
3168,1421,3293,0.0,0.009999999776482582,2.0043439865112305,0.14347770810127258,0.0014347770484164357,2,3,6
3169,3293,5037,0.0,0.009999999776482582,4.123453140258789,0.44620758295059204,0.004462075885385275,2,5,10
3170,4381,4658,0.5,0.5049999952316284,5.5192413330078125,0.6456059217453003,0.32603099942207336,5,6,30
3171,1422,4658,0.0,0.009999999776482582,2.595050811767578,0.22786439955234528,0.0022786438930779696,2,3,6
3172,1422,4381,0.0,0.009999999776482582,5.5192413330078125,0.6456059217453003,0.0064560589380562305,2,6,12
3173,1423,4381,0.0,0.009999999776482582,5.5192413330078125,0.6456059217453003,0.0064560589380562305,2,6,12
3174,1423,4689,0.0,0.009999999776482582,1.4169402122497559,0.059562887996435165,0.000595628865994513,2,2,4
3175,4381,4689,0.9999998807907104,0.9999998807907104,5.5192413330078125,0.6456059217453003,0.6456058621406555,5,6,30
3176,1424,4658,0.0,0.009999999776482582,1.1755199432373047,0.025074277073144913,0.00025074277073144913,2,2,4
3177,1424,4381,0.0,0.009999999776482582,5.5192413330078125,0.6456059217453003,0.0064560589380562305,2,6,12
3178,3744,4381,0.0,0.009999999776482582,5.5192413330078125,0.6456059217453003,0.0064560589380562305,2,6,12
3179,3744,4380,0.0,0.009999999776482582,2.0873279571533203,0.1553325653076172,0.0015533255646005273,2,3,6
3180,4380,4381,0.0,0.009999999776482582,5.5192413330078125,0.6456059217453003,0.0064560589380562305,2,6,12
3181,1425,4381,0.0,0.009999999776482582,5.5192413330078125,0.6456059217453003,0.0064560589380562305,2,6,12
3182,1425,4254,0.0,0.009999999776482582,2.827540636062622,0.26107722520828247,0.0026107721496373415,2,3,6
3183,4254,4381,0.0,0.009999999776482582,5.5192413330078125,0.6456059217453003,0.0064560589380562305,2,6,12
3184,1426,3804,0.0,0.009999999776482582,1.9937297105789185,0.14196138083934784,0.0014196137199178338,2,2,4
3185,1426,3707,0.0,0.009999999776482582,1.9937297105789185,0.14196138083934784,0.0014196137199178338,2,2,4
3186,3707,3804,0.0,0.009999999776482582,1.9846752882003784,0.1406679004430771,0.001406678929924965,2,2,4
3187,1427,3532,0.0,0.009999999776482582,3.976273536682129,0.42518192529678345,0.0042518191039562225,2,4,8
3188,1427,1428,0.0,0.009999999776482582,2.006380081176758,0.1437685787677765,0.0014376858016476035,2,3,6
3189,1428,3532,0.0,0.009999999776482582,3.976273536682129,0.42518192529678345,0.0042518191039562225,2,4,8
3190,1429,3532,0.0,0.009999999776482582,3.976273536682129,0.42518192529678345,0.0042518191039562225,2,4,8
3191,1429,1430,0.0,0.009999999776482582,1.8678430318832397,0.12397757917642593,0.0012397757964208722,2,2,4
3192,1430,3532,0.0,0.009999999776482582,3.976273536682129,0.42518192529678345,0.0042518191039562225,2,4,8
3193,3532,4031,0.0,0.009999999776482582,3.976273536682129,0.42518192529678345,0.0042518191039562225,2,4,8
3194,1431,4031,0.0,0.009999999776482582,1.6454707384109497,0.09221010655164719,0.0009221010259352624,2,2,4
3195,1431,3532,0.0,0.009999999776482582,3.976273536682129,0.42518192529678345,0.0042518191039562225,2,4,8
3196,3532,4422,0.0,0.009999999776482582,3.976273536682129,0.42518192529678345,0.0042518191039562225,2,4,8
3197,1432,4422,0.0,0.009999999776482582,2.157142162322998,0.16530601680278778,0.001653060084208846,2,3,6
3198,1432,3532,0.0,0.009999999776482582,3.976273536682129,0.42518192529678345,0.0042518191039562225,2,4,8
3199,1433,3667,0.0,0.009999999776482582,2.1436452865600586,0.16337789595127106,0.0016337789129465818,2,3,6
3200,1433,4609,0.0,0.009999999776482582,3.2579450607299805,0.3225635886192322,0.00322563573718071,2,4,8
3201,3532,4609,0.0,0.009999999776482582,3.976273536682129,0.42518192529678345,0.0042518191039562225,2,4,8
3202,1434,3851,0.0,0.009999999776482582,3.1552839279174805,0.3078977167606354,0.0030789771117269993,2,4,8
3203,1434,1435,0.0,0.009999999776482582,1.34871506690979,0.04981643706560135,0.0004981643869541585,2,2,4
3204,1435,3532,0.0,0.009999999776482582,3.976273536682129,0.42518192529678345,0.0042518191039562225,2,4,8
3205,1436,3532,0.0,0.009999999776482582,3.976273536682129,0.42518192529678345,0.0042518191039562225,2,4,8
3206,1436,1437,0.0,0.009999999776482582,2.8237690925598145,0.2605384290218353,0.0026053842157125473,2,3,6
3207,1437,3532,0.0,0.009999999776482582,3.976273536682129,0.42518192529678345,0.0042518191039562225,2,4,8
3208,3816,4166,0.0,0.009999999776482582,6.981029510498047,0.8544327616691589,0.008544327691197395,2,7,14
3209,4057,4166,0.0,0.009999999776482582,2.78371524810791,0.254816472530365,0.002548164688050747,2,3,6
3210,3687,4057,0.0,0.009999999776482582,1.46083664894104,0.06583380699157715,0.0006583380745723844,2,2,4
3211,4053,4910,0.0,0.009999999776482582,2.5713682174682617,0.22448118031024933,0.002244811737909913,2,3,6
3212,4053,4166,0.0,0.009999999776482582,2.78371524810791,0.254816472530365,0.002548164688050747,2,3,6
3213,1438,4166,0.0,0.009999999776482582,2.78371524810791,0.254816472530365,0.002548164688050747,2,3,6
3214,1438,3816,0.0,0.009999999776482582,6.981029510498047,0.8544327616691589,0.008544327691197395,2,7,14
3215,4040,4388,0.0,0.009999999776482582,2.868265390396118,0.266895055770874,0.0026689504738897085,2,3,6
3216,3685,4388,0.0,0.009999999776482582,5.417384147644043,0.6310548782348633,0.006310548633337021,2,6,12
3217,1439,4040,0.0,0.009999999776482582,2.868265390396118,0.266895055770874,0.0026689504738897085,2,3,6
3218,1439,1440,0.0,0.009999999776482582,1.0556617975234985,0.007951685227453709,7.951685256557539e-05,2,2,4
3219,1440,1441,0.0,0.009999999776482582,1.158617615699768,0.022659659385681152,0.00022659658861812204,2,2,4
3220,1441,4040,0.0,0.009999999776482582,2.868265390396118,0.266895055770874,0.0026689504738897085,2,3,6
3221,4040,5039,0.0,0.009999999776482582,2.868265390396118,0.266895055770874,0.0026689504738897085,2,3,6
3222,4386,5039,0.0,0.009999999776482582,3.0544168949127197,0.29348811507225037,0.002934881020337343,2,4,8
3223,4040,4386,0.0,0.009999999776482582,3.0544168949127197,0.29348811507225037,0.002934881020337343,2,4,8
3224,1442,3685,0.0,0.009999999776482582,5.417384147644043,0.6310548782348633,0.006310548633337021,2,6,12
3225,1442,1443,0.0,0.009999999776482582,1.3273367881774902,0.04676239937543869,0.00046762399142608047,2,2,4
3226,1443,1444,0.0,0.009999999776482582,1.2778851985931396,0.039697885513305664,0.00039697883767075837,2,2,4
3227,1444,3685,0.0,0.009999999776482582,5.417384147644043,0.6310548782348633,0.006310548633337021,2,6,12
3228,4467,5040,0.0,0.009999999776482582,3.090301513671875,0.298614501953125,0.0029861449729651213,2,4,8
3229,4387,5040,0.0,0.009999999776482582,2.488286256790161,0.2126123160123825,0.002126123057678342,2,3,6
3230,3685,4387,0.0,0.009999999776482582,5.417384147644043,0.6310548782348633,0.006310548633337021,2,6,12
3231,4403,4506,0.0,0.009999999776482582,1.9932831525802612,0.14189758896827698,0.001418975880369544,2,2,4
3232,4157,4506,0.0,0.009999999776482582,1.9932831525802612,0.14189758896827698,0.001418975880369544,2,2,4
3233,4157,4389,0.0,0.009999999776482582,4.983133316040039,0.5690190196037292,0.0056901900097727776,2,5,10
3234,3846,5041,0.0,0.009999999776482582,2.943727493286133,0.2776753604412079,0.0027767536230385303,2,3,6
3235,1445,5041,0.0,0.009999999776482582,2.6970882415771484,0.24244117736816406,0.0024244117084890604,2,3,6
3236,1445,3846,0.0,0.009999999776482582,2.943727493286133,0.2776753604412079,0.0027767536230385303,2,3,6
3237,1446,5042,0.0,0.009999999776482582,3.98370623588562,0.42624375224113464,0.004262437578290701,2,4,8
3238,1446,1447,0.0,0.009999999776482582,1.0802947282791138,0.011470675468444824,0.0001147067523561418,2,2,4
3239,1447,5042,0.0,0.009999999776482582,3.98370623588562,0.42624375224113464,0.004262437578290701,2,4,8
3240,4679,5043,0.5,0.5049999952316284,1.2652106285095215,0.03788723424077034,0.019133053719997406,5,2,10
3241,1448,4679,0.0,0.009999999776482582,1.2652106285095215,0.03788723424077034,0.00037887232610955834,2,2,4
3242,1448,1449,0.0,0.009999999776482582,1.679760456085205,0.0971086397767067,0.0009710863814689219,2,2,4
3243,1449,1450,0.0,0.009999999776482582,1.679760456085205,0.0971086397767067,0.0009710863814689219,2,2,4
3244,1450,5043,0.0,0.009999999776482582,1.2026681900024414,0.028952598571777344,0.0002895259822253138,2,2,4
3245,4381,5043,0.5,0.5049999952316284,5.5192413330078125,0.6456059217453003,0.32603099942207336,5,6,30
3246,1451,4381,0.0,0.009999999776482582,5.5192413330078125,0.6456059217453003,0.0064560589380562305,2,6,12
3247,1451,1452,0.0,0.009999999776482582,1.1291580200195312,0.0184511449187994,0.00018451144569553435,2,2,4
3248,1452,1453,0.0,0.009999999776482582,1.1291580200195312,0.0184511449187994,0.00018451144569553435,2,2,4
3249,1453,5044,0.0,0.009999999776482582,1.1643245220184326,0.023474931716918945,0.0002347493136767298,2,2,4
3250,4679,5044,0.0,0.009999999776482582,1.2652106285095215,0.03788723424077034,0.00037887232610955834,2,2,4
3251,1454,4679,0.0,0.009999999776482582,1.2652106285095215,0.03788723424077034,0.00037887232610955834,2,2,4
3252,1454,5043,0.0,0.009999999776482582,1.2026681900024414,0.028952598571777344,0.0002895259822253138,2,2,4
3253,1455,5043,0.0,0.009999999776482582,1.5595672130584717,0.07993817329406738,0.0007993816980160773,2,2,4
3254,1455,4381,0.0,0.009999999776482582,5.5192413330078125,0.6456059217453003,0.0064560589380562305,2,6,12
3255,1456,5043,0.0,0.009999999776482582,1.7752203941345215,0.11074577271938324,0.0011074576759710908,2,2,4
3256,1456,4381,0.0,0.009999999776482582,5.5192413330078125,0.6456059217453003,0.0064560589380562305,2,6,12
3257,1457,4381,0.0,0.009999999776482582,5.5192413330078125,0.6456059217453003,0.0064560589380562305,2,6,12
3258,1457,5043,0.0,0.009999999776482582,3.5104246139526367,0.35863208770751953,0.0035863209050148726,2,4,8
3259,1458,4381,0.0,0.009999999776482582,5.5192413330078125,0.6456059217453003,0.0064560589380562305,2,6,12
3260,1458,1459,0.0,0.009999999776482582,1.3249280452728271,0.046418290585279465,0.00046418290003202856,2,2,4
3261,1459,4381,0.0,0.009999999776482582,5.5192413330078125,0.6456059217453003,0.0064560589380562305,2,6,12
3262,1460,4381,0.0,0.009999999776482582,5.5192413330078125,0.6456059217453003,0.0064560589380562305,2,6,12
3263,1460,4679,0.0,0.009999999776482582,1.2652106285095215,0.03788723424077034,0.00037887232610955834,2,2,4
3264,4381,4679,0.0,0.009999999776482582,5.5192413330078125,0.6456059217453003,0.0064560589380562305,2,6,12
3265,3294,4679,0.0,0.009999999776482582,1.933223009109497,0.13331757485866547,0.0013331756927073002,2,2,4
3266,1461,3294,0.0,0.009999999776482582,1.933223009109497,0.13331757485866547,0.0013331756927073002,2,2,4
3267,1461,5043,0.0,0.009999999776482582,1.40555739402771,0.05793676897883415,0.0005793676828034222,2,2,4
3268,1462,5043,0.0,0.009999999776482582,1.7099483013153076,0.10142118483781815,0.0010142117971554399,2,2,4
3269,1463,5043,0.0,0.009999999776482582,1.2026681900024414,0.028952598571777344,0.0002895259822253138,2,2,4
3270,1463,1464,0.0,0.009999999776482582,1.191490888595581,0.027355840429663658,0.0002735583984758705,2,2,4
3271,1464,1465,0.0,0.009999999776482582,1.3992283344268799,0.057032618671655655,0.0005703261704184115,2,2,4
3272,1465,3294,0.0,0.009999999776482582,1.933223009109497,0.13331757485866547,0.0013331756927073002,2,2,4
3273,3294,4381,0.0,0.009999999776482582,5.5192413330078125,0.6456059217453003,0.0064560589380562305,2,6,12
3274,1466,1467,0.0,0.009999999776482582,1.5817112922668457,0.08310161530971527,0.000831016106531024,2,2,4
3275,1467,1468,0.0,0.009999999776482582,1.752913475036621,0.10755906999111176,0.0010755907278507948,2,2,4
3276,1468,4672,0.0,0.009999999776482582,2.325873851776123,0.18941055238246918,0.0018941054586321115,2,3,6
3277,3617,4547,0.0,0.009999999776482582,3.8179242610931396,0.40256062150001526,0.004025605972856283,2,4,8
3278,4240,4547,0.0,0.009999999776482582,3.8179242610931396,0.40256062150001526,0.004025605972856283,2,4,8
3279,4240,5045,0.0,0.009999999776482582,6.599079132080078,0.7998684644699097,0.007998684421181679,2,7,14
3280,1469,4390,0.0,0.009999999776482582,2.701036214828491,0.24300517141819,0.002430051565170288,3,3,9
3281,1469,1470,0.0,0.009999999776482582,2.104727268218994,0.15781818330287933,0.0015781817492097616,3,3,9
3282,1470,4001,0.0,0.009999999776482582,3.1007909774780273,0.3001129925251007,0.0030011299531906843,3,4,12
3283,4001,4547,0.0,0.009999999776482582,3.8179242610931396,0.40256062150001526,0.004025605972856283,3,4,12
3284,4547,5045,0.0,0.009999999776482582,6.599079132080078,0.7998684644699097,0.007998684421181679,3,7,21
3285,4730,5045,0.5,0.5049999952316284,6.599079132080078,0.7998684644699097,0.403933584690094,5,7,35
3286,1471,4730,0.0,0.009999999776482582,1.5541563034057617,0.07916518300771713,0.0007916518370620906,3,2,6
3287,1471,4815,0.0,0.009999999776482582,1.5541563034057617,0.07916518300771713,0.0007916518370620906,3,2,6
3288,3621,4815,0.0,0.009999999776482582,1.964543342590332,0.13779190182685852,0.001377918990328908,3,2,6
3289,3686,4391,0.0,0.009999999776482582,2.8393287658691406,0.26276126503944397,0.0026276125572621822,3,3,9
3290,3686,4547,0.0,0.009999999776482582,3.8179242610931396,0.40256062150001526,0.004025605972856283,3,4,12
3291,4391,4547,0.0,0.009999999776482582,3.8179242610931396,0.40256062150001526,0.004025605972856283,3,4,12
3292,4815,5045,0.0,0.009999999776482582,6.599079132080078,0.7998684644699097,0.007998684421181679,3,7,21
3293,4730,4815,0.0,0.009999999776482582,1.2708481550216675,0.038692593574523926,0.0003869259380735457,3,2,6
3294,4391,4730,0.0,0.009999999776482582,2.180434226989746,0.16863346099853516,0.0016863346099853516,3,3,9
3295,4030,4391,0.9999998807907104,0.9999998807907104,2.180434226989746,0.16863346099853516,0.16863344609737396,5,3,15
3296,4030,5046,0.0,0.009999999776482582,5.125321388244629,0.5893316268920898,0.0058933161199092865,3,6,18
3297,3621,5046,0.0,0.009999999776482582,5.125321388244629,0.5893316268920898,0.0058933161199092865,3,6,18
3298,1472,3621,0.0,0.009999999776482582,3.6714909076690674,0.38164156675338745,0.0038164155557751656,3,4,12
3299,1472,1473,0.0,0.009999999776482582,3.6714909076690674,0.38164156675338745,0.0038164155557751656,3,4,12
3300,1473,4240,0.0,0.009999999776482582,3.748027801513672,0.3925754129886627,0.003925754223018885,3,4,12
3301,4240,4391,0.0,0.009999999776482582,3.748027801513672,0.3925754129886627,0.003925754223018885,3,4,12
3302,1474,4030,0.0,0.009999999776482582,2.9292969703674316,0.27561384439468384,0.0027561383321881294,3,3,9
3303,1474,4730,0.0,0.009999999776482582,2.9292969703674316,0.27561384439468384,0.0027561383321881294,3,3,9
3304,4730,5046,0.5,0.5049999952316284,5.125321388244629,0.5893316268920898,0.2976124584674835,5,6,30
3305,1475,5046,0.0,0.009999999776482582,5.125321388244629,0.5893316268920898,0.0058933161199092865,3,6,18
3306,1475,4391,0.0,0.009999999776482582,2.180434226989746,0.16863346099853516,0.0016863346099853516,3,3,9
3307,4030,4392,0.0,0.009999999776482582,1.7596431970596313,0.10852045565843582,0.0010852045379579067,3,2,6
3308,4392,4990,0.9999998807907104,0.9999998807907104,2.081850051879883,0.1545500010251999,0.1545499861240387,5,3,15
3309,4990,5046,0.9999998807907104,0.9999998807907104,5.125321388244629,0.5893316268920898,0.5893315672874451,5,6,30
3310,4392,5046,0.9999998807907104,0.9999998807907104,5.125321388244629,0.5893316268920898,0.5893315672874451,5,6,30
3311,3686,4815,0.0,0.009999999776482582,2.8393287658691406,0.26276126503944397,0.0026276125572621822,3,3,9
3312,3686,5045,0.0,0.009999999776482582,6.599079132080078,0.7998684644699097,0.007998684421181679,3,7,21
3313,4391,5046,0.0,0.009999999776482582,5.125321388244629,0.5893316268920898,0.0058933161199092865,3,6,18
3314,1476,3493,0.0,0.009999999776482582,5.357282638549805,0.6224689483642578,0.006224689539521933,3,6,18
3315,1476,1477,0.0,0.009999999776482582,2.8318216800689697,0.26168879866600037,0.0026168879121541977,3,3,9
3316,1477,3493,0.0,0.009999999776482582,5.357282638549805,0.6224689483642578,0.006224689539521933,3,6,18
3317,3295,3474,0.0,0.009999999776482582,1.014928936958313,0.0021327051799744368,2.1327050490071997e-05,3,2,6
3318,3295,4303,0.5,0.5049999952316284,1.014928936958313,0.0021327051799744368,0.0010770161170512438,5,2,10
3319,4136,4303,0.5,0.5049999952316284,3.836346387863159,0.4051923453807831,0.20462213456630707,5,4,20
3320,3295,4851,0.0,0.009999999776482582,1.349101185798645,0.049871597439050674,0.0004987159627489746,3,2,6
3321,1478,4144,0.0,0.009999999776482582,2.0839061737060547,0.15484373271465302,0.0015484372852370143,3,3,9
3322,1478,1479,0.0,0.009999999776482582,1.2058299779891968,0.029404282569885254,0.0002940428094007075,3,2,6
3323,1479,1480,0.0,0.009999999776482582,1.2058299779891968,0.029404282569885254,0.0002940428094007075,3,2,6
3324,1480,5047,0.0,0.009999999776482582,1.079322099685669,0.011331728659570217,0.00011331728455843404,3,2,6
3325,5047,5048,0.5,0.5049999952316284,1.0326213836669922,0.0046601975336670876,0.002353399759158492,5,2,10
3326,1481,5048,0.0,0.009999999776482582,1.1078224182128906,0.0154032027348876,0.00015403202269226313,3,2,6
3327,1481,4542,0.0,0.009999999776482582,1.9857720136642456,0.1408245712518692,0.0014082456473261118,3,2,6
3328,1482,4542,0.0,0.009999999776482582,1.9857720136642456,0.1408245712518692,0.0014082456473261118,3,2,6
3329,1482,5048,0.0,0.009999999776482582,1.2892735004425049,0.041324786841869354,0.00041324784979224205,3,2,6
3330,4144,5048,0.0,0.009999999776482582,2.0839061737060547,0.15484373271465302,0.0015484372852370143,3,3,9
3331,4144,5047,0.0,0.009999999776482582,2.0839061737060547,0.15484373271465302,0.0015484372852370143,3,3,9
3332,3567,3720,0.0,0.009999999776482582,1.3547756671905518,0.05068223923444748,0.0005068223690614104,3,2,6
3333,1483,3720,0.0,0.009999999776482582,1.3547756671905518,0.05068223923444748,0.0005068223690614104,3,2,6
3334,1483,4574,0.0,0.009999999776482582,1.3706741333007812,0.05295344814658165,0.0005295344744808972,3,2,6
3335,4327,4334,0.0,0.009999999776482582,1.485870361328125,0.0694100484251976,0.0006941004539839923,3,2,6
3336,3296,4334,0.0,0.009999999776482582,1.485870361328125,0.0694100484251976,0.0006941004539839923,3,2,6
3337,3296,4327,0.5,0.5049999952316284,1.1716527938842773,0.024521827697753906,0.012383522465825081,5,2,10
3338,4327,4719,0.0,0.009999999776482582,1.5963304042816162,0.0851900577545166,0.0008519005496054888,3,2,6
3339,4719,5049,0.0,0.009999999776482582,1.7122844457626343,0.10175491869449615,0.0010175491916015744,3,2,6
3340,4327,5049,0.0,0.009999999776482582,1.7122844457626343,0.10175491869449615,0.0010175491916015744,3,2,6
3341,4327,4395,0.0,0.009999999776482582,1.9977189302444458,0.14253127574920654,0.0014253127155825496,3,2,6
3342,3296,4395,0.0,0.009999999776482582,1.9977189302444458,0.14253127574920654,0.0014253127155825496,3,2,6
3343,3477,4719,0.0,0.009999999776482582,7.005972385406494,0.8579960465431213,0.008579960092902184,3,8,24
3344,3297,4719,0.0,0.009999999776482582,3.2526426315307617,0.3218061029911041,0.0032180610578507185,3,4,12
3345,3297,3970,0.0,0.009999999776482582,3.2526426315307617,0.3218061029911041,0.0032180610578507185,3,4,12
3346,3298,4712,0.0,0.009999999776482582,2.1970582008361816,0.17100831866264343,0.0017100831028074026,3,3,9
3347,1484,4712,0.0,0.009999999776482582,1.6743149757385254,0.09633070975542068,0.0009633071022108197,3,2,6
3348,1484,1485,0.0,0.009999999776482582,1.6351743936538696,0.09073919802904129,0.0009073919500224292,3,2,6
3349,1485,4011,0.0,0.009999999776482582,1.4408276081085205,0.06297536939382553,0.0006297536892816424,3,2,6
3350,4011,4712,0.0,0.009999999776482582,1.6743149757385254,0.09633070975542068,0.0009633071022108197,3,2,6
3351,1486,4712,0.0,0.009999999776482582,1.6743149757385254,0.09633070975542068,0.0009633071022108197,3,2,6
3352,1486,3298,0.0,0.009999999776482582,2.1970582008361816,0.17100831866264343,0.0017100831028074026,3,3,9
3353,3846,4217,0.5,0.5049999952316284,2.943727493286133,0.2776753604412079,0.14022605121135712,5,3,15
3354,4217,4763,0.0,0.009999999776482582,2.777059555053711,0.25386565923690796,0.002538656583055854,3,3,9
3355,3846,4763,0.0,0.009999999776482582,2.943727493286133,0.2776753604412079,0.0027767536230385303,3,3,9
3356,1487,3846,0.0,0.009999999776482582,3.8592495918273926,0.4084642231464386,0.004084642045199871,3,4,12
3357,1487,1488,0.0,0.009999999776482582,3.8592495918273926,0.4084642231464386,0.004084642045199871,3,4,12
3358,1488,3846,0.0,0.009999999776482582,2.943727493286133,0.2776753604412079,0.0027767536230385303,3,3,9
3359,3516,3846,0.0,0.009999999776482582,3.7368268966674805,0.3909752666950226,0.003909752704203129,3,4,12
3360,1489,3516,0.0,0.009999999776482582,3.7368268966674805,0.3909752666950226,0.003909752704203129,3,4,12
3361,1489,3846,0.0,0.009999999776482582,2.943727493286133,0.2776753604412079,0.0027767536230385303,3,3,9
3362,3516,4217,0.0,0.009999999776482582,3.7368268966674805,0.3909752666950226,0.003909752704203129,3,4,12
3363,3846,4396,0.0,0.009999999776482582,4.5445876121521,0.5063696503639221,0.005063696298748255,3,5,15
3364,1490,4396,0.0,0.009999999776482582,4.5445876121521,0.5063696503639221,0.005063696298748255,3,5,15
3365,1490,3846,0.0,0.009999999776482582,2.943727493286133,0.2776753604412079,0.0027767536230385303,3,3,9
3366,4040,4449,0.0,0.009999999776482582,2.868265390396118,0.266895055770874,0.0026689504738897085,3,3,9
3367,1491,4449,0.0,0.009999999776482582,1.6250476837158203,0.08929252624511719,0.0008929252508096397,3,2,6
3368,1491,4485,0.0,0.009999999776482582,7.152796268463135,0.8789709210395813,0.008789708837866783,3,8,24
3369,1492,4485,0.0,0.009999999776482582,7.152796268463135,0.8789709210395813,0.008789708837866783,3,8,24
3370,1492,5050,0.0,0.009999999776482582,2.7020440101623535,0.24314914643764496,0.0024314913898706436,3,3,9
3371,4449,5050,0.5,0.5049999952316284,2.7020440101623535,0.24314914643764496,0.12279031425714493,5,3,15
3372,4449,4485,0.0,0.009999999776482582,7.152796268463135,0.8789709210395813,0.008789708837866783,3,8,24
3373,5038,5050,0.0,0.009999999776482582,2.7020440101623535,0.24314914643764496,0.0024314913898706436,3,3,9
3374,4040,5050,0.0,0.009999999776482582,2.868265390396118,0.266895055770874,0.0026689504738897085,3,3,9
3375,1493,4049,0.0,0.009999999776482582,2.6370768547058105,0.23386812210083008,0.002338681137189269,3,3,9
3376,1493,4469,0.0,0.009999999776482582,2.6370768547058105,0.23386812210083008,0.002338681137189269,3,3,9
3377,4469,4519,0.5,0.5049999952316284,2.12650203704834,0.1609288603067398,0.08126907050609589,5,3,15
3378,1494,4399,0.0,0.009999999776482582,2.063462257385254,0.15192317962646484,0.0015192317077890038,3,3,9
3379,1494,1495,0.0,0.009999999776482582,1.1450574398040771,0.020722491666674614,0.00020722491899505258,3,2,6
3380,1495,1496,0.0,0.009999999776482582,1.4947360754013062,0.07067658007144928,0.0007067658007144928,3,2,6
3381,1496,1497,0.0,0.009999999776482582,2.1646270751953125,0.1663752943277359,0.0016637529479339719,3,3,9
3382,1497,1498,0.0,0.009999999776482582,2.1646270751953125,0.1663752943277359,0.0016637529479339719,3,3,9
3383,1498,1499,0.0,0.009999999776482582,1.0811101198196411,0.01158715970814228,0.0001158715967903845,3,2,6
3384,1499,4399,0.0,0.009999999776482582,2.063462257385254,0.15192317962646484,0.0015192317077890038,3,3,9
3385,1500,4778,0.0,0.009999999776482582,1.6058934926986694,0.08655621111392975,0.0008655621204525232,3,2,6
3386,1500,1501,0.0,0.009999999776482582,3.772632122039795,0.3960902988910675,0.00396090280264616,3,4,12
3387,1501,3299,0.0,0.009999999776482582,3.772632122039795,0.3960902988910675,0.00396090280264616,3,4,12
3388,3299,3777,0.0,0.009999999776482582,7.127651214599609,0.8753787279129028,0.00875378679484129,3,8,24
3389,3299,3477,0.0,0.009999999776482582,7.005972385406494,0.8579960465431213,0.008579960092902184,3,8,24
3390,1502,3299,0.0,0.009999999776482582,1.445344090461731,0.06362058222293854,0.0006362058338709176,3,2,6
3391,1502,1503,0.0,0.009999999776482582,1.5610952377319336,0.08015646040439606,0.0008015646017156541,3,2,6
3392,1503,4126,0.0,0.009999999776482582,1.5610952377319336,0.08015646040439606,0.0008015646017156541,3,2,6
3393,1504,4026,0.0,0.009999999776482582,3.142002582550049,0.30600038170814514,0.0030600037425756454,3,4,12
3394,1504,1505,0.0,0.009999999776482582,1.5785260200500488,0.08264657109975815,0.0008264656644314528,3,2,6
3395,1505,4026,0.0,0.009999999776482582,3.142002582550049,0.30600038170814514,0.0030600037425756454,3,4,12
3396,4208,4330,0.0,0.009999999776482582,5.509000778198242,0.6441429853439331,0.006441429723054171,3,6,18
3397,4208,4822,0.0,0.009999999776482582,3.0252795219421387,0.28932565450668335,0.002893256489187479,3,4,12
3398,4330,4822,0.0,0.009999999776482582,5.509000778198242,0.6441429853439331,0.006441429723054171,3,6,18
3399,3567,3943,0.0,0.009999999776482582,1.0462441444396973,0.006606306415051222,6.606306124012917e-05,3,2,6
3400,3943,4401,0.0,0.009999999776482582,1.1455804109573364,0.020797202363610268,0.00020797201432287693,3,2,6
3401,3943,4572,0.0,0.009999999776482582,1.1480246782302856,0.02114638313651085,0.00021146383369341493,3,2,6
3402,1506,3567,0.0,0.009999999776482582,1.0021859407424927,0.0003122772614005953,3.122772568531218e-06,3,2,6
3403,1506,3720,0.0,0.009999999776482582,1.3547756671905518,0.05068223923444748,0.0005068223690614104,3,2,6
3404,3484,3720,0.0,0.009999999776482582,1.4759975671768188,0.06799965351819992,0.0006799965049140155,3,2,6
3405,1507,5052,0.0,0.009999999776482582,1.4558628797531128,0.06512326747179031,0.0006512326654046774,3,2,6
3406,1507,3300,0.0,0.009999999776482582,1.1423617601394653,0.020337393507361412,0.00020337392925284803,3,2,6
3407,3300,5052,0.0,0.009999999776482582,1.4558628797531128,0.06512326747179031,0.0006512326654046774,3,2,6
3408,1508,5052,0.0,0.009999999776482582,1.9152370691299438,0.13074815273284912,0.0013074815506115556,3,2,6
3409,1508,1509,0.0,0.009999999776482582,1.9152370691299438,0.13074815273284912,0.0013074815506115556,3,2,6
3410,1509,5052,0.0,0.009999999776482582,1.4558628797531128,0.06512326747179031,0.0006512326654046774,3,2,6
3411,1510,5052,0.0,0.009999999776482582,1.4558628797531128,0.06512326747179031,0.0006512326654046774,3,2,6
3412,1510,1511,0.0,0.009999999776482582,1.0526282787322998,0.007518325466662645,7.518325583077967e-05,3,2,6
3413,1511,3493,0.0,0.009999999776482582,5.357282638549805,0.6224689483642578,0.006224689539521933,3,6,18
3414,1512,3456,0.0,0.009999999776482582,2.748372793197632,0.24976754188537598,0.0024976753629744053,3,3,9
3415,1512,4272,0.0,0.009999999776482582,1.5333951711654663,0.07619930803775787,0.0007619930547662079,3,2,6
3416,1513,4272,0.0,0.009999999776482582,2.868852138519287,0.2669788897037506,0.002669788897037506,3,3,9
3417,1513,3550,0.0,0.009999999776482582,2.868852138519287,0.2669788897037506,0.002669788897037506,3,3,9
3418,1514,3855,0.0,0.009999999776482582,2.809445381164551,0.25849220156669617,0.002584921894595027,3,3,9
3419,1514,1515,0.0,0.009999999776482582,2.809445381164551,0.25849220156669617,0.002584921894595027,3,3,9
3420,1515,3774,0.0,0.009999999776482582,3.6585307121276855,0.3797900974750519,0.00379790086299181,3,4,12
3421,1516,5053,0.0,0.009999999776482582,1.458430528640747,0.06549007445573807,0.0006549007375724614,3,2,6
3422,1516,3686,0.0,0.009999999776482582,2.8393287658691406,0.26276126503944397,0.0026276125572621822,3,3,9
3423,3686,5053,0.0,0.009999999776482582,2.8393287658691406,0.26276126503944397,0.0026276125572621822,3,3,9
3424,3616,5053,0.0,0.009999999776482582,1.4817357063293457,0.06881938874721527,0.0006881938898004591,3,2,6
3425,1517,3616,0.0,0.009999999776482582,1.4817357063293457,0.06881938874721527,0.0006881938898004591,3,2,6
3426,1517,5053,0.0,0.009999999776482582,1.458430528640747,0.06549007445573807,0.0006549007375724614,3,2,6
3427,1518,5053,0.0,0.009999999776482582,3.2967371940612793,0.32810530066490173,0.0032810529228299856,3,4,12
3428,1518,3516,0.0,0.009999999776482582,3.7368268966674805,0.3909752666950226,0.003909752704203129,3,4,12
3429,3516,4405,0.0,0.009999999776482582,4.098898410797119,0.44269976019859314,0.004426997620612383,3,5,15
3430,4926,5054,0.0,0.009999999776482582,2.2302956581115723,0.1757565289735794,0.0017575653037056327,3,3,9
3431,3827,5054,0.0,0.009999999776482582,1.733271598815918,0.10475308448076248,0.0010475307935848832,3,2,6
3432,3827,4926,0.5,0.5049999952316284,2.2302956581115723,0.1757565289735794,0.08875704556703568,5,3,15
3433,1519,4568,0.0,0.009999999776482582,5.6536054611206055,0.664800763130188,0.0066480073146522045,3,6,18
3434,1519,1520,0.0,0.009999999776482582,2.9900918006896973,0.284298837184906,0.0028429883532226086,3,3,9
3435,1520,4926,0.0,0.009999999776482582,2.9900918006896973,0.284298837184906,0.0028429883532226086,3,3,9
3436,1521,3827,0.0,0.009999999776482582,1.6931557655334473,0.09902225434780121,0.0009902225574478507,3,2,6
3437,1521,4926,0.0,0.009999999776482582,2.2302956581115723,0.1757565289735794,0.0017575653037056327,3,3,9
3438,4212,4926,0.0,0.009999999776482582,2.2302956581115723,0.1757565289735794,0.0017575653037056327,3,3,9
3439,3827,4212,0.0,0.009999999776482582,1.4934210777282715,0.07048872858285904,0.0007048872648738325,3,2,6
3440,1522,1523,0.0,0.009999999776482582,2.7486114501953125,0.2498016357421875,0.0024980162270367146,3,3,9
3441,1523,1524,0.0,0.009999999776482582,2.7486114501953125,0.2498016357421875,0.0024980162270367146,3,3,9
3442,1524,1525,0.0,0.009999999776482582,2.7688615322113037,0.2526945173740387,0.002526945201680064,3,3,9
3443,1525,1526,0.0,0.009999999776482582,3.9401533603668213,0.4200219213962555,0.004200219176709652,3,4,12
3444,1526,4145,0.0,0.009999999776482582,3.9401533603668213,0.4200219213962555,0.004200219176709652,3,4,12
3445,1527,3687,0.0,0.009999999776482582,1.46083664894104,0.06583380699157715,0.0006583380745723844,3,2,6
3446,1527,3968,0.0,0.009999999776482582,1.7783067226409912,0.1111866757273674,0.0011118667898699641,3,2,6
3447,3968,4343,0.0,0.009999999776482582,4.582691669464111,0.5118131041526794,0.005118130706250668,3,5,15
3448,1528,4330,0.0,0.009999999776482582,5.509000778198242,0.6441429853439331,0.006441429723054171,3,6,18
3449,1528,1529,0.0,0.009999999776482582,1.6466095447540283,0.09237278997898102,0.0009237278718501329,3,2,6
3450,1529,3561,0.0,0.009999999776482582,2.67909574508667,0.2398708164691925,0.002398708136752248,3,3,9
3451,4034,5055,0.5,0.5049999952316284,2.122694253921509,0.1603848934173584,0.0809943675994873,5,3,15
3452,3301,5055,0.5,0.5049999952316284,2.197079658508301,0.17101137340068817,0.08636074513196945,5,3,15
3453,3301,4034,0.5,0.5049999952316284,2.197079658508301,0.17101137340068817,0.08636074513196945,5,3,15
3454,3869,3951,0.5,0.5049999952316284,3.1456170082092285,0.30651670694351196,0.1547909379005432,5,4,20
3455,3699,3951,0.5,0.5049999952316284,3.1456170082092285,0.30651670694351196,0.1547909379005432,5,4,20
3456,3699,3815,0.0,0.009999999776482582,5.925902366638184,0.7037003636360168,0.0070370035246014595,3,6,18
3457,1530,4370,0.0,0.009999999776482582,6.9086713790893555,0.8440958857536316,0.008440958335995674,3,7,21
3458,1530,4465,0.0,0.009999999776482582,1.812648892402649,0.11609269678592682,0.0011609268840402365,3,2,6
3459,3699,4465,0.0,0.009999999776482582,1.3830370903015137,0.05471958592534065,0.0005471958429552615,3,2,6
3460,3699,4370,0.5,0.5049999952316284,6.9086713790893555,0.8440958857536316,0.42626842856407166,5,7,35
3461,3951,4408,0.0,0.009999999776482582,3.1456170082092285,0.30651670694351196,0.0030651669949293137,3,4,12
3462,4370,4408,0.5,0.5049999952316284,6.9086713790893555,0.8440958857536316,0.42626842856407166,5,7,35
3463,4370,4409,0.0,0.009999999776482582,6.9086713790893555,0.8440958857536316,0.008440958335995674,3,7,21
3464,3699,4409,0.0,0.009999999776482582,2.3852663040161133,0.19789518415927887,0.0019789517391473055,3,3,9
3465,1531,3699,0.0,0.009999999776482582,3.498202323913574,0.3568860590457916,0.0035688604693859816,3,4,12
3466,1531,4370,0.0,0.009999999776482582,6.9086713790893555,0.8440958857536316,0.008440958335995674,3,7,21
3467,3533,3779,0.0,0.009999999776482582,2.6623306274414062,0.23747579753398895,0.0023747580125927925,3,3,9
3468,3533,3593,0.0,0.009999999776482582,7.000628471374512,0.8572326302528381,0.00857232604175806,3,8,24
3469,1532,4410,0.0,0.009999999776482582,1.0208121538162231,0.0029731648974120617,2.9731649192399345e-05,3,2,6
3470,1532,4174,0.0,0.009999999776482582,1.2663580179214478,0.038051147013902664,0.0003805114538408816,3,2,6
3471,1533,3813,0.0,0.009999999776482582,2.8511962890625,0.2644565999507904,0.002644565887749195,3,3,9
3472,1533,1534,0.0,0.009999999776482582,2.8511962890625,0.2644565999507904,0.002644565887749195,3,3,9
3473,1534,1535,0.0,0.009999999776482582,1.5702773332595825,0.08146818727254868,0.0008146818727254868,3,2,6
3474,1535,3812,0.0,0.009999999776482582,1.3743889331817627,0.05348413437604904,0.0005348413251340389,3,2,6
3475,1536,3813,0.0,0.009999999776482582,1.7939088344573975,0.11341554671525955,0.0011341554345563054,3,2,6
3476,1536,1537,0.0,0.009999999776482582,1.7939088344573975,0.11341554671525955,0.0011341554345563054,3,2,6
3477,1537,3458,0.0,0.009999999776482582,4.615525722503662,0.5165036916732788,0.005165036767721176,3,5,15
3478,3777,4464,0.0,0.009999999776482582,7.127651214599609,0.8753787279129028,0.00875378679484129,3,8,24
3479,3747,3777,0.0,0.009999999776482582,7.127651214599609,0.8753787279129028,0.00875378679484129,3,8,24
3480,1538,3747,0.0,0.009999999776482582,1.6052168607711792,0.08645955473184586,0.0008645955240353942,3,2,6
3481,1538,3777,0.0,0.009999999776482582,7.127651214599609,0.8753787279129028,0.00875378679484129,3,8,24
3482,3699,3701,0.0,0.009999999776482582,5.110047817230225,0.5871496796607971,0.005871496628969908,3,6,18
3483,3699,3777,0.0,0.009999999776482582,7.127651214599609,0.8753787279129028,0.00875378679484129,3,8,24
3484,1539,3813,0.0,0.009999999776482582,1.6641175746917725,0.09487394243478775,0.0009487394127063453,3,2,6
3485,1539,1540,0.0,0.009999999776482582,1.5390044450759888,0.07700063288211823,0.0007700063288211823,3,2,6
3486,1540,3812,0.0,0.009999999776482582,1.15850031375885,0.02264290116727352,0.00022642900876235217,3,2,6
3487,1541,3812,0.0,0.009999999776482582,1.6714622974395752,0.09592318534851074,0.0009592318092472851,3,2,6
3488,1541,1542,0.0,0.009999999776482582,1.9673548936843872,0.13819356262683868,0.0013819355517625809,3,2,6
3489,1542,3612,0.0,0.009999999776482582,1.9673548936843872,0.13819356262683868,0.0013819355517625809,3,2,6
3490,1543,3455,0.0,0.009999999776482582,1.3131475448608398,0.044735364615917206,0.00044735363917425275,3,2,6
3491,1543,1544,0.0,0.009999999776482582,1.2669373750686646,0.03813391178846359,0.0003813391085714102,3,2,6
3492,1544,3455,0.0,0.009999999776482582,1.3131475448608398,0.044735364615917206,0.00044735363917425275,3,2,6
3493,1545,5057,0.0,0.009999999776482582,2.3043882846832275,0.18634118139743805,0.0018634117441251874,3,3,9
3494,1545,5059,0.0,0.009999999776482582,2.687894344329834,0.24112775921821594,0.002411277499049902,3,3,9
3495,5057,5059,0.0,0.009999999776482582,2.687894344329834,0.24112775921821594,0.002411277499049902,3,3,9
3496,1546,4782,0.0,0.009999999776482582,3.124312162399292,0.30347317457199097,0.0030347316060215235,3,4,12
3497,1546,1547,0.0,0.009999999776482582,1.1807007789611816,0.025814397260546684,0.0002581439621280879,3,2,6
3498,1547,4782,0.0,0.009999999776482582,3.124312162399292,0.30347317457199097,0.0030347316060215235,3,4,12
3499,4414,4782,0.0,0.009999999776482582,3.124312162399292,0.30347317457199097,0.0030347316060215235,3,4,12
3500,3982,4414,0.0,0.009999999776482582,1.2760818004608154,0.039440255612134933,0.00039440253749489784,3,2,6
3501,1548,3982,0.0,0.009999999776482582,2.416691303253174,0.20238447189331055,0.0020238447468727827,3,3,9
3502,1548,3480,0.0,0.009999999776482582,2.6033570766448975,0.22905100882053375,0.002290510106831789,3,3,9
3503,5060,5061,0.0,0.009999999776482582,1.015584111213684,0.0022263017017394304,2.2263016944634728e-05,3,2,6
3504,3947,5061,0.9999998807907104,0.9999998807907104,1.00298011302948,0.0004257304244674742,0.0004257303662598133,5,2,10
3505,1549,5060,0.0,0.009999999776482582,1.0460150241851807,0.006573575083166361,6.573575228685513e-05,3,2,6
3506,1549,5061,0.0,0.009999999776482582,1.0460150241851807,0.006573575083166361,6.573575228685513e-05,3,2,6
3507,3947,4301,0.0,0.009999999776482582,1.0104615688323975,0.0014945098664611578,1.4945097973395605e-05,3,2,6
3508,4301,5061,0.0,0.009999999776482582,1.0104615688323975,0.0014945098664611578,1.4945097973395605e-05,3,2,6
3509,3685,3758,0.9999998807907104,0.9999998807907104,5.417384147644043,0.6310548782348633,0.6310548186302185,5,6,30
3510,3758,5062,0.0,0.009999999776482582,2.931858539581299,0.27597978711128235,0.0027597977314144373,3,3,9
3511,3685,5062,0.9999998807907104,0.9999998807907104,5.417384147644043,0.6310548782348633,0.6310548186302185,5,6,30
3512,3685,4415,0.5,0.5049999952316284,5.417384147644043,0.6310548782348633,0.3186827003955841,5,6,30
3513,4415,5063,0.0,0.009999999776482582,1.6976697444915771,0.09966710954904556,0.0009966710349544883,3,2,6
3514,3685,5063,0.0,0.009999999776482582,5.417384147644043,0.6310548782348633,0.006310548633337021,3,6,18
3515,3685,4416,0.9999998807907104,0.9999998807907104,5.417384147644043,0.6310548782348633,0.6310548186302185,5,6,30
3516,4416,5062,0.0,0.009999999776482582,1.7810813188552856,0.11158304661512375,0.0011158304987475276,3,2,6
3517,4415,5062,0.0,0.009999999776482582,1.4301378726959229,0.061448268592357635,0.0006144826766103506,3,2,6
3518,1550,3758,0.0,0.009999999776482582,2.931858539581299,0.27597978711128235,0.0027597977314144373,3,3,9
3519,1550,5062,0.0,0.009999999776482582,2.5843114852905273,0.2263302057981491,0.002263301983475685,3,3,9
3520,3685,4386,0.0,0.009999999776482582,5.417384147644043,0.6310548782348633,0.006310548633337021,3,6,18
3521,3758,4386,0.0,0.009999999776482582,3.0544168949127197,0.29348811507225037,0.002934881020337343,3,4,12
3522,3758,4416,0.9999998807907104,0.9999998807907104,2.931858539581299,0.27597978711128235,0.27597975730895996,5,3,15
3523,3758,4415,0.0,0.009999999776482582,2.931858539581299,0.27597978711128235,0.0027597977314144373,3,3,9
3524,3758,5064,0.5,0.5049999952316284,2.931858539581299,0.27597978711128235,0.13936978578567505,5,3,15
3525,3685,5064,0.5,0.5049999952316284,5.417384147644043,0.6310548782348633,0.3186827003955841,5,6,30
3526,1551,5063,0.0,0.009999999776482582,3.046851634979248,0.292407363653183,0.002924073487520218,3,4,12
3527,1551,3758,0.0,0.009999999776482582,3.046851634979248,0.292407363653183,0.002924073487520218,3,4,12
3528,3758,3893,0.0,0.009999999776482582,3.4882583618164062,0.35546547174453735,0.0035546545404940844,3,4,12
3529,1552,4381,0.0,0.009999999776482582,5.5192413330078125,0.6456059217453003,0.0064560589380562305,3,6,18
3530,1552,1553,0.0,0.009999999776482582,2.3291869163513184,0.18988384306430817,0.0018988384399563074,3,3,9
3531,1553,3561,0.0,0.009999999776482582,2.67909574508667,0.2398708164691925,0.002398708136752248,3,3,9
3532,1554,4049,0.0,0.009999999776482582,2.3375813961029053,0.19108305871486664,0.0019108304986730218,3,3,9
3533,1554,3841,0.0,0.009999999776482582,1.938509225845337,0.13407275080680847,0.0013407274382188916,3,2,6
3534,3841,4422,0.0,0.009999999776482582,2.157142162322998,0.16530601680278778,0.001653060084208846,3,3,9
3535,4049,4422,0.0,0.009999999776482582,2.3375813961029053,0.19108305871486664,0.0019108304986730218,3,3,9
3536,4049,4423,0.5,0.5049999952316284,2.3375813961029053,0.19108305871486664,0.09649694710969925,5,3,15
3537,1555,4423,0.0,0.009999999776482582,1.9304646253585815,0.13292351365089417,0.0013292351504787803,3,2,6
3538,1555,4049,0.0,0.009999999776482582,2.3375813961029053,0.19108305871486664,0.0019108304986730218,3,3,9
3539,1556,3561,0.0,0.009999999776482582,2.67909574508667,0.2398708164691925,0.002398708136752248,3,3,9
3540,1556,4347,0.0,0.009999999776482582,1.6589291095733643,0.09413272887468338,0.0009413272491656244,3,2,6
3541,1557,3561,0.0,0.009999999776482582,2.857546329498291,0.26536375284194946,0.002653637435287237,3,3,9
3542,1557,4419,0.0,0.009999999776482582,2.857546329498291,0.26536375284194946,0.002653637435287237,3,3,9
3543,3561,4419,0.9999998807907104,0.9999998807907104,2.67909574508667,0.2398708164691925,0.23987078666687012,5,3,15
3544,1558,4607,0.0,0.009999999776482582,1.7998753786087036,0.11426790803670883,0.001142679015174508,3,2,6
3545,3703,4607,0.5,0.5049999952316284,1.7998753786087036,0.11426790803670883,0.05770529434084892,5,2,10
3546,3561,3703,0.9999998807907104,0.9999998807907104,2.67909574508667,0.2398708164691925,0.23987078666687012,5,3,15
3547,3561,4607,0.0,0.009999999776482582,2.67909574508667,0.2398708164691925,0.002398708136752248,3,3,9
3548,1559,3563,0.0,0.009999999776482582,1.511828064918518,0.07311829179525375,0.0007311829249374568,3,2,6
3549,1559,1560,0.0,0.009999999776482582,1.511828064918518,0.07311829179525375,0.0007311829249374568,3,2,6
3550,1560,1561,0.0,0.009999999776482582,1.4707562923431396,0.06725089997053146,0.0006725089624524117,3,2,6
3551,1561,3563,0.0,0.009999999776482582,1.2067079544067383,0.02952970750629902,0.0002952970680780709,3,2,6
3552,1562,3563,0.0,0.009999999776482582,1.4855953454971313,0.06937076151371002,0.0006937076104804873,3,2,6
3553,1562,3908,0.0,0.009999999776482582,1.8140422105789185,0.11629174649715424,0.0011629174696281552,3,2,6
3554,1563,3464,0.0,0.009999999776482582,1.3702311515808105,0.05289016291499138,0.000528901640791446,3,2,6
3555,1563,5065,0.0,0.009999999776482582,1.3702311515808105,0.05289016291499138,0.000528901640791446,3,2,6
3556,5045,5065,0.0,0.009999999776482582,6.599079132080078,0.7998684644699097,0.007998684421181679,3,7,21
3557,3538,4059,0.0,0.009999999776482582,1.930901288986206,0.1329859048128128,0.0013298590201884508,3,2,6
3558,4059,4171,0.0,0.009999999776482582,2.8006138801574707,0.2572305500507355,0.0025723055005073547,3,3,9
3559,3485,4171,0.0,0.009999999776482582,2.8006138801574707,0.2572305500507355,0.0025723055005073547,3,3,9
3560,1564,1565,0.0,0.009999999776482582,1.1007330417633057,0.014390434138476849,0.00014390434080269188,3,2,6
3561,1565,1566,0.0,0.009999999776482582,3.3173885345458984,0.33105549216270447,0.0033105548936873674,3,4,12
3562,1566,1567,0.0,0.009999999776482582,3.3173885345458984,0.33105549216270447,0.0033105548936873674,3,4,12
3563,1567,1568,0.0,0.009999999776482582,1.464017391204834,0.06628819555044174,0.0006628819392062724,3,2,6
3564,1568,1569,0.0,0.009999999776482582,1.575369119644165,0.08219558745622635,0.0008219558512791991,3,2,6
3565,1569,5066,0.0,0.009999999776482582,1.575369119644165,0.08219558745622635,0.0008219558512791991,3,2,6
3566,3302,5067,0.0,0.009999999776482582,4.139999866485596,0.44857141375541687,0.004485714249312878,3,5,15
3567,1570,3302,0.0,0.009999999776482582,3.0554938316345215,0.29364198446273804,0.0029364197980612516,3,4,12
3568,1570,5067,0.0,0.009999999776482582,4.139999866485596,0.44857141375541687,0.004485714249312878,3,5,15
3569,1571,4040,0.0,0.009999999776482582,2.868265390396118,0.266895055770874,0.0026689504738897085,3,3,9
3570,1571,3302,0.0,0.009999999776482582,2.7390451431274414,0.24843502044677734,0.0024843502324074507,3,3,9
3571,1572,5067,0.0,0.009999999776482582,4.139999866485596,0.44857141375541687,0.004485714249312878,3,5,15
3572,1572,1573,0.0,0.009999999776482582,1.2839694023132324,0.0405670590698719,0.00040567058022134006,3,2,6
3573,1573,5067,0.0,0.009999999776482582,4.139999866485596,0.44857141375541687,0.004485714249312878,3,5,15
3574,1574,5067,0.0,0.009999999776482582,4.139999866485596,0.44857141375541687,0.004485714249312878,3,5,15
3575,1574,1575,0.0,0.009999999776482582,1.5531599521636963,0.0790228471159935,0.0007902284269221127,3,2,6
3576,1575,5067,0.0,0.009999999776482582,4.139999866485596,0.44857141375541687,0.004485714249312878,3,5,15
3577,3835,5067,0.0,0.009999999776482582,4.139999866485596,0.44857141375541687,0.004485714249312878,3,5,15
3578,3835,4556,0.0,0.009999999776482582,1.7879164218902588,0.1125594899058342,0.0011255948338657618,3,2,6
3579,4556,5067,0.5,0.5049999952316284,4.139999866485596,0.44857141375541687,0.22652855515480042,5,5,25
3580,1576,5067,0.0,0.009999999776482582,4.139999866485596,0.44857141375541687,0.004485714249312878,3,5,15
3581,1576,4556,0.0,0.009999999776482582,1.1585073471069336,0.022643906995654106,0.00022643906413577497,3,2,6
3582,1577,3303,0.0,0.009999999776482582,1.7933111190795898,0.1133301630616188,0.0011333016445860267,3,2,6
3583,3303,3532,0.0,0.009999999776482582,3.976273536682129,0.42518192529678345,0.0042518191039562225,3,4,12
3584,1578,3532,0.0,0.009999999776482582,3.976273536682129,0.42518192529678345,0.0042518191039562225,3,4,12
3585,1578,1579,0.0,0.009999999776482582,1.6616547107696533,0.09452210366725922,0.0009452209924347699,3,2,6
3586,1579,3304,0.0,0.009999999776482582,2.052088499069214,0.1502983570098877,0.0015029835049062967,3,3,9
3587,1580,3304,0.0,0.009999999776482582,2.052088499069214,0.1502983570098877,0.0015029835049062967,3,3,9
3588,1580,3532,0.0,0.009999999776482582,3.976273536682129,0.42518192529678345,0.0042518191039562225,3,4,12
3589,3532,4275,0.0,0.009999999776482582,3.976273536682129,0.42518192529678345,0.0042518191039562225,3,4,12
3590,4274,4275,0.0,0.009999999776482582,2.649993419647217,0.23571334779262543,0.0023571334313601255,3,3,9
3591,3532,4274,0.5,0.5049999952316284,3.976273536682129,0.42518192529678345,0.2147168666124344,5,4,20
3592,1581,3532,0.0,0.009999999776482582,3.976273536682129,0.42518192529678345,0.0042518191039562225,3,4,12
3593,1581,1582,0.0,0.009999999776482582,1.1679953336715698,0.023999333381652832,0.00023999332915991545,3,2,6
3594,1582,3532,0.0,0.009999999776482582,3.976273536682129,0.42518192529678345,0.0042518191039562225,3,4,12
3595,3304,3532,0.0,0.009999999776482582,3.976273536682129,0.42518192529678345,0.0042518191039562225,3,4,12
3596,3304,4431,0.0,0.009999999776482582,2.052088499069214,0.1502983570098877,0.0015029835049062967,3,3,9
3597,3532,4431,0.0,0.009999999776482582,3.976273536682129,0.42518192529678345,0.0042518191039562225,3,4,12
3598,1583,3532,0.0,0.009999999776482582,3.976273536682129,0.42518192529678345,0.0042518191039562225,3,4,12
3599,1583,1584,0.0,0.009999999776482582,1.9235410690307617,0.13193443417549133,0.0013193442719057202,3,2,6
3600,1584,3532,0.0,0.009999999776482582,3.976273536682129,0.42518192529678345,0.0042518191039562225,3,4,12
3601,1585,3532,0.0,0.009999999776482582,3.976273536682129,0.42518192529678345,0.0042518191039562225,3,4,12
3602,1585,1586,0.0,0.009999999776482582,1.2190454006195068,0.03129220008850098,0.00031292199855670333,3,2,6
3603,1586,3689,0.0,0.009999999776482582,1.338421106338501,0.04834587126970291,0.00048345871618948877,3,2,6
3604,1587,3532,0.0,0.009999999776482582,3.976273536682129,0.42518192529678345,0.0042518191039562225,3,4,12
3605,1587,1588,0.0,0.009999999776482582,1.3538049459457397,0.050543565303087234,0.000505435629747808,3,2,6
3606,1588,4274,0.0,0.009999999776482582,1.3538049459457397,0.050543565303087234,0.000505435629747808,3,2,6
3607,1589,3532,0.0,0.009999999776482582,3.976273536682129,0.42518192529678345,0.0042518191039562225,3,4,12
3608,1589,1590,0.0,0.009999999776482582,1.6909494400024414,0.09870706498622894,0.0009870706126093864,3,2,6
3609,1590,1591,0.0,0.009999999776482582,2.282200336456299,0.18317148089408875,0.0018317147623747587,3,3,9
3610,3804,4038,0.0,0.009999999776482582,1.8601940870285034,0.12288486957550049,0.0012288487050682306,3,2,6
3611,4038,4248,0.0,0.009999999776482582,1.9900283813476562,0.14143262803554535,0.0014143262524157763,3,2,6
3612,3804,4248,0.0,0.009999999776482582,1.9900283813476562,0.14143262803554535,0.0014143262524157763,3,2,6
3613,1592,3690,0.0,0.009999999776482582,2.6355907917022705,0.23365582525730133,0.002336558187380433,3,3,9
3614,1592,4424,0.0,0.009999999776482582,1.492965817451477,0.0704236850142479,0.0007042368524707854,3,2,6
3615,1593,4424,0.0,0.009999999776482582,2.6272146701812744,0.23245923221111298,0.0023245923221111298,3,3,9
3616,1593,3690,0.0,0.009999999776482582,2.6355907917022705,0.23365582525730133,0.002336558187380433,3,3,9
3617,1594,3690,0.0,0.009999999776482582,2.6355907917022705,0.23365582525730133,0.002336558187380433,3,3,9
3618,1595,3895,0.0,0.009999999776482582,2.827011823654175,0.26100167632102966,0.0026100166141986847,3,3,9
3619,1595,1596,0.0,0.009999999776482582,1.7345736026763916,0.10493908822536469,0.001049390877597034,3,2,6
3620,1596,3471,0.0,0.009999999776482582,2.679168701171875,0.2398812472820282,0.0023988124448806047,3,3,9
3621,3305,3471,0.0,0.009999999776482582,2.679168701171875,0.2398812472820282,0.0023988124448806047,3,3,9
3622,3305,4908,0.0,0.009999999776482582,2.072641372680664,0.15323448181152344,0.0015323447296395898,3,3,9
3623,1597,3305,0.0,0.009999999776482582,1.7497775554656982,0.10711108148097992,0.0010711108334362507,3,2,6
3624,1597,4790,0.0,0.009999999776482582,2.0928876399993896,0.15612681210041046,0.0015612681163474917,3,3,9
3625,1598,4790,0.0,0.009999999776482582,2.0928876399993896,0.15612681210041046,0.0015612681163474917,3,3,9
3626,1598,4908,0.0,0.009999999776482582,2.072641372680664,0.15323448181152344,0.0015323447296395898,3,3,9
3627,1599,4432,0.0,0.009999999776482582,3.159677028656006,0.30852529406547546,0.0030852528288960457,3,4,12
3628,1599,3720,0.0,0.009999999776482582,1.3842803239822388,0.054897189140319824,0.0005489718751050532,3,2,6
3629,3720,4572,0.0,0.009999999776482582,1.3547756671905518,0.05068223923444748,0.0005068223690614104,3,2,6
3630,1600,4327,0.0,0.009999999776482582,1.5904109477996826,0.08434442430734634,0.0008434441988356411,3,2,6
3631,1600,1601,0.0,0.009999999776482582,1.5904109477996826,0.08434442430734634,0.0008434441988356411,3,2,6
3632,1601,4327,0.0,0.009999999776482582,1.2410253286361694,0.03443219140172005,0.0003443219175096601,3,2,6
3633,1602,3970,0.0,0.009999999776482582,4.589385032653809,0.5127692818641663,0.005127692595124245,3,5,15
3634,1602,1603,0.0,0.009999999776482582,4.589385032653809,0.5127692818641663,0.005127692595124245,3,5,15
3635,1603,1604,0.0,0.009999999776482582,2.0648536682128906,0.15212194621562958,0.001521219382993877,3,3,9
3636,1604,4327,0.0,0.009999999776482582,1.1716527938842773,0.024521827697753906,0.00024521828163415194,3,2,6
3637,1605,3477,0.0,0.009999999776482582,7.005972385406494,0.8579960465431213,0.008579960092902184,3,8,24
3638,1605,4246,0.0,0.009999999776482582,2.0301833152770996,0.14716903865337372,0.0014716903679072857,3,3,9
3639,3804,4246,0.0,0.009999999776482582,2.0301833152770996,0.14716903865337372,0.0014716903679072857,3,3,9
3640,3477,4247,0.5,0.5049999952316284,7.005972385406494,0.8579960465431213,0.43328800797462463,5,8,40
3641,4038,4247,0.5,0.5049999952316284,2.0013339519500732,0.14304770529270172,0.07223909348249435,5,3,15
3642,3477,4038,0.0,0.009999999776482582,7.005972385406494,0.8579960465431213,0.008579960092902184,3,8,24
3643,1606,4780,0.0,0.009999999776482582,1.6414930820465088,0.091641865670681,0.000916418619453907,3,2,6
3644,1606,1607,0.0,0.009999999776482582,1.1794123649597168,0.025630338117480278,0.0002563033776823431,3,2,6
3645,1607,1608,0.0,0.009999999776482582,1.0301405191421509,0.004305788315832615,4.305788388592191e-05,3,2,6
3646,1608,3510,0.0,0.009999999776482582,1.0243966579437256,0.003485236782580614,3.4852368116844445e-05,3,2,6
3647,3510,3983,0.0,0.009999999776482582,1.1086071729660034,0.015515310689806938,0.0001551531022414565,3,2,6
3648,1609,3983,0.0,0.009999999776482582,1.1086071729660034,0.015515310689806938,0.0001551531022414565,3,2,6
3649,1609,3510,0.0,0.009999999776482582,1.0365961790084839,0.005228025373071432,5.228025111136958e-05,3,2,6
3650,3307,3513,0.0,0.009999999776482582,1.739457130432129,0.10563673079013824,0.0010563672985881567,3,2,6
3651,3306,3307,0.0,0.009999999776482582,1.739457130432129,0.10563673079013824,0.0010563672985881567,3,2,6
3652,3309,3976,0.0,0.009999999776482582,2.639610528945923,0.23423007130622864,0.002342300722375512,3,3,9
3653,1610,3309,0.0,0.009999999776482582,1.7555515766143799,0.10793594270944595,0.0010793594410642982,3,2,6
3654,1610,1611,0.0,0.009999999776482582,1.308594822883606,0.04408497363328934,0.0004408497188705951,3,2,6
3655,1611,1612,0.0,0.009999999776482582,1.308594822883606,0.04408497363328934,0.0004408497188705951,3,2,6
3656,1612,1613,0.0,0.009999999776482582,1.4003416299819946,0.05719166249036789,0.0005719166365452111,3,2,6
3657,1613,1614,0.0,0.009999999776482582,1.4003416299819946,0.05719166249036789,0.0005719166365452111,3,2,6
3658,1614,3976,0.0,0.009999999776482582,2.639610528945923,0.23423007130622864,0.002342300722375512,3,3,9
3659,1615,3976,0.0,0.009999999776482582,2.639610528945923,0.23423007130622864,0.002342300722375512,3,3,9
3660,1615,1616,0.0,0.009999999776482582,1.7001714706420898,0.1000244989991188,0.0010002449853345752,3,2,6
3661,1616,1617,0.0,0.009999999776482582,2.2054452896118164,0.17220647633075714,0.0017220646841451526,3,3,9
3662,1617,1618,0.0,0.009999999776482582,2.2054452896118164,0.17220647633075714,0.0017220646841451526,3,3,9
3663,3308,3976,0.0,0.009999999776482582,2.639610528945923,0.23423007130622864,0.002342300722375512,3,3,9
3664,1619,3308,0.0,0.009999999776482582,1.7788310050964355,0.11126156896352768,0.0011126156896352768,3,2,6
3665,1619,3976,0.0,0.009999999776482582,2.639610528945923,0.23423007130622864,0.002342300722375512,3,3,9
3666,1620,3976,0.0,0.009999999776482582,2.639610528945923,0.23423007130622864,0.002342300722375512,3,3,9
3667,1620,1621,0.0,0.009999999776482582,2.457430839538574,0.20820440351963043,0.0020820440258830786,3,3,9
3668,1621,3976,0.0,0.009999999776482582,2.639610528945923,0.23423007130622864,0.002342300722375512,3,3,9
3669,1622,3976,0.0,0.009999999776482582,2.639610528945923,0.23423007130622864,0.002342300722375512,3,3,9
3670,1622,1623,0.0,0.009999999776482582,1.6916406154632568,0.09880580008029938,0.0009880579309538007,3,2,6
3671,1623,1624,0.0,0.009999999776482582,1.3841001987457275,0.05487145856022835,0.0005487145972438157,3,2,6
3672,1625,3777,0.0,0.009999999776482582,7.127651214599609,0.8753787279129028,0.00875378679484129,3,8,24
3673,1625,1626,0.0,0.009999999776482582,2.8847742080688477,0.2692534625530243,0.00269253458827734,3,3,9
3674,1626,3777,0.0,0.009999999776482582,7.127651214599609,0.8753787279129028,0.00875378679484129,3,8,24
3675,3804,4277,0.0,0.009999999776482582,1.6069997549057007,0.0867142528295517,0.0008671425166539848,3,2,6
3676,1627,4277,0.0,0.009999999776482582,1.6069997549057007,0.0867142528295517,0.0008671425166539848,3,2,6
3677,1627,3610,0.0,0.009999999776482582,1.3266900777816772,0.046670012176036835,0.0004667001194320619,3,2,6
3678,3777,4181,0.0,0.009999999776482582,7.127651214599609,0.8753787279129028,0.00875378679484129,3,8,24
3679,1628,4181,0.0,0.009999999776482582,2.302846908569336,0.18612098693847656,0.0018612098647281528,3,3,9
3680,1628,3777,0.0,0.009999999776482582,7.127651214599609,0.8753787279129028,0.00875378679484129,3,8,24
3681,3505,3510,0.5,0.5049999952316284,1.0000032186508179,4.5980726781635894e-07,2.3220266598400485e-07,5,2,10
3682,1629,3505,0.0,0.009999999776482582,1.29739511013031,0.04248501732945442,0.00042485015001147985,3,2,6
3683,1629,4198,0.0,0.009999999776482582,3.256930351257324,0.3224186301231384,0.003224186133593321,3,4,12
3684,3311,4675,0.0,0.009999999776482582,1.5185561180114746,0.07407944649457932,0.0007407944649457932,3,2,6
3685,3310,3311,0.0,0.009999999776482582,1.5185561180114746,0.07407944649457932,0.0007407944649457932,3,2,6
3686,3310,4675,0.0,0.009999999776482582,1.1086055040359497,0.015515072271227837,0.00015515071572735906,3,2,6
3687,1630,4675,0.0,0.009999999776482582,1.1086055040359497,0.015515072271227837,0.00015515071572735906,3,2,6
3688,1630,1631,0.0,0.009999999776482582,1.2018051147460938,0.02882930263876915,0.0002882930275518447,3,2,6
3689,1631,4675,0.0,0.009999999776482582,1.2018051147460938,0.02882930263876915,0.0002882930275518447,3,2,6
3690,1632,4675,0.0,0.009999999776482582,1.4424103498458862,0.06320147961378098,0.0006320147658698261,3,2,6
3691,1632,4805,0.0,0.009999999776482582,1.4424103498458862,0.06320147961378098,0.0006320147658698261,3,2,6
3692,4675,4805,0.0,0.009999999776482582,1.1086055040359497,0.015515072271227837,0.00015515071572735906,3,2,6
3693,1633,4675,0.0,0.009999999776482582,1.3379758596420288,0.04828226566314697,0.00048282265197485685,3,2,6
3694,1633,5068,0.0,0.009999999776482582,1.3379758596420288,0.04828226566314697,0.00048282265197485685,3,2,6
3695,4675,5068,0.9999998807907104,0.9999998807907104,1.1086055040359497,0.015515072271227837,0.015515070408582687,5,2,10
3696,1634,4805,0.0,0.009999999776482582,1.3472243547439575,0.049603480845689774,0.0004960348014719784,3,2,6
3697,1634,5068,0.0,0.009999999776482582,1.3472243547439575,0.049603480845689774,0.0004960348014719784,3,2,6
3698,1635,4675,0.0,0.009999999776482582,1.1086055040359497,0.015515072271227837,0.00015515071572735906,3,2,6
3699,1635,1636,0.0,0.009999999776482582,1.0808007717132568,0.011542967520654202,0.00011542966967681423,3,2,6
3700,1636,5068,0.0,0.009999999776482582,1.0365004539489746,0.005214350763708353,5.214350676396862e-05,3,2,6
3701,1637,4887,0.0,0.009999999776482582,3.572172164916992,0.3674531579017639,0.003674531588330865,3,4,12
3702,1637,4438,0.0,0.009999999776482582,2.051619529724121,0.15023136138916016,0.0015023135347291827,3,3,9
3703,3675,4438,0.0,0.009999999776482582,5.481402397155762,0.6402003169059753,0.006402003113180399,3,6,18
3704,3312,3777,0.5,0.5049999952316284,7.127651214599609,0.8753787279129028,0.4420662522315979,5,8,40
3705,1638,3312,0.0,0.009999999776482582,1.5343488454818726,0.07633554935455322,0.0007633554632775486,3,2,6
3706,1638,3777,0.0,0.009999999776482582,7.127651214599609,0.8753787279129028,0.00875378679484129,3,8,24
3707,1639,3312,0.0,0.009999999776482582,2.9742953777313232,0.2820422053337097,0.002820421941578388,3,3,9
3708,1639,3777,0.0,0.009999999776482582,7.127651214599609,0.8753787279129028,0.00875378679484129,3,8,24
3709,1640,3561,0.0,0.009999999776482582,2.67909574508667,0.2398708164691925,0.002398708136752248,3,3,9
3710,1640,3710,0.0,0.009999999776482582,1.8266403675079346,0.11809147894382477,0.001180914812721312,3,2,6
3711,3561,3710,0.0,0.009999999776482582,2.67909574508667,0.2398708164691925,0.002398708136752248,3,3,9
3712,1641,3561,0.0,0.009999999776482582,2.67909574508667,0.2398708164691925,0.002398708136752248,3,3,9
3713,1641,3526,0.0,0.009999999776482582,1.7651413679122925,0.10930591076612473,0.00109305907972157,3,2,6
3714,3526,4418,0.5,0.5049999952316284,2.1656715869903564,0.1665245145559311,0.08409488201141357,5,3,15
3715,4418,4419,0.0,0.009999999776482582,2.1656715869903564,0.1665245145559311,0.0016652451595291495,3,3,9
3716,3561,3733,0.0,0.009999999776482582,2.67909574508667,0.2398708164691925,0.002398708136752248,3,3,9
3717,3733,4440,0.0,0.009999999776482582,1.9296525716781616,0.13280750811100006,0.0013280750717967749,3,2,6
3718,3561,4440,0.0,0.009999999776482582,2.67909574508667,0.2398708164691925,0.002398708136752248,3,3,9
3719,3526,3561,0.0,0.009999999776482582,2.67909574508667,0.2398708164691925,0.002398708136752248,3,3,9
3720,3561,4418,0.0,0.009999999776482582,2.67909574508667,0.2398708164691925,0.002398708136752248,3,3,9
3721,3663,4304,0.0,0.009999999776482582,2.00449275970459,0.1434989720582962,0.0014349897392094135,3,3,9
3722,1642,4304,0.0,0.009999999776482582,2.00449275970459,0.1434989720582962,0.0014349897392094135,3,3,9
3723,1642,1643,0.0,0.009999999776482582,1.8292078971862793,0.11845827102661133,0.0011845827102661133,3,2,6
3724,1644,3813,0.0,0.009999999776482582,1.6641175746917725,0.09487394243478775,0.0009487394127063453,3,2,6
3725,1644,1645,0.0,0.009999999776482582,1.5598914623260498,0.07998449355363846,0.0007998449145816267,3,2,6
3726,1645,3812,0.0,0.009999999776482582,1.1556084156036377,0.022229773923754692,0.00022229773458093405,3,2,6
3727,3692,3812,0.0,0.009999999776482582,1.8208677768707275,0.11726682633161545,0.0011726681841537356,3,2,6
3728,1646,3692,0.0,0.009999999776482582,1.8208677768707275,0.11726682633161545,0.0011726681841537356,3,2,6
3729,1646,3812,0.0,0.009999999776482582,1.127388596534729,0.018198370933532715,0.00018198370526079088,3,2,6
3730,1647,3458,0.0,0.009999999776482582,4.615525722503662,0.5165036916732788,0.005165036767721176,3,5,15
3731,1647,1648,0.0,0.009999999776482582,2.458308696746826,0.20832981169223785,0.0020832980517297983,3,3,9
3732,1648,3540,0.0,0.009999999776482582,2.7726383209228516,0.25323405861854553,0.0025323405861854553,3,3,9
3733,4103,5069,0.5,0.5049999952316284,2.455883026123047,0.20798328518867493,0.1050315573811531,5,3,15
3734,4103,5070,0.0,0.009999999776482582,1.635772705078125,0.0908246710896492,0.0009082466713152826,3,2,6
3735,5069,5070,0.0,0.009999999776482582,2.455883026123047,0.20798328518867493,0.0020798328332602978,3,3,9
3736,1649,4103,0.0,0.009999999776482582,1.3946189880371094,0.056374140083789825,0.0005637413705699146,3,2,6
3737,1649,5069,0.0,0.009999999776482582,2.455883026123047,0.20798328518867493,0.0020798328332602978,3,3,9
3738,4336,5071,0.0,0.009999999776482582,3.1972522735595703,0.3138931691646576,0.0031389317009598017,3,4,12
3739,1650,4336,0.0,0.009999999776482582,3.1972522735595703,0.3138931691646576,0.0031389317009598017,3,4,12
3740,1651,4336,0.0,0.009999999776482582,3.1972522735595703,0.3138931691646576,0.0031389317009598017,3,4,12
3741,1651,1652,0.0,0.009999999776482582,2.4106273651123047,0.2015181928873062,0.002015181817114353,3,3,9
3742,1652,5071,0.0,0.009999999776482582,2.4106273651123047,0.2015181928873062,0.002015181817114353,3,3,9
3743,3830,4426,0.0,0.009999999776482582,2.4749221801757812,0.21070316433906555,0.0021070316433906555,3,3,9
3744,1653,4426,0.0,0.009999999776482582,1.9115796089172363,0.13022565841674805,0.001302256598137319,3,2,6
3745,1653,3702,0.0,0.009999999776482582,2.7286386489868164,0.24694837629795074,0.0024694837629795074,3,3,9
3746,4441,5072,0.5,0.5049999952316284,1.9264216423034668,0.13234594464302063,0.0668347030878067,5,2,10
3747,3563,5072,0.0,0.009999999776482582,1.9264216423034668,0.13234594464302063,0.0013234594371169806,3,2,6
3748,3563,4441,0.0,0.009999999776482582,1.2083590030670166,0.029765572398900986,0.00029765572980977595,3,2,6
3749,1654,1655,0.0,0.009999999776482582,1.1659537553787231,0.0237076785415411,0.00023707677610218525,3,2,6
3750,1655,4442,0.0,0.009999999776482582,1.1470153331756592,0.021002190187573433,0.00021002189896535128,3,2,6
3751,3822,4442,0.0,0.009999999776482582,3.8035755157470703,0.4005107879638672,0.0040051075629889965,3,4,12
3752,3313,3777,0.0,0.009999999776482582,7.127651214599609,0.8753787279129028,0.00875378679484129,3,8,24
3753,3313,3314,0.0,0.009999999776482582,2.0588459968566895,0.15126371383666992,0.0015126371290534735,3,3,9
3754,3314,3777,0.0,0.009999999776482582,7.127651214599609,0.8753787279129028,0.00875378679484129,3,8,24
3755,3477,3743,0.0,0.009999999776482582,7.005972385406494,0.8579960465431213,0.008579960092902184,3,8,24
3756,3743,5074,0.0,0.009999999776482582,1.7257702350616455,0.10368146002292633,0.0010368145303800702,3,2,6
3757,3822,5074,0.5,0.5049999952316284,3.8035755157470703,0.4005107879638672,0.2022579461336136,5,4,20
3758,1656,3822,0.0,0.009999999776482582,3.8035755157470703,0.4005107879638672,0.0040051075629889965,3,4,12
3759,1656,5074,0.0,0.009999999776482582,2.556584358215332,0.22236919403076172,0.002223691903054714,3,3,9
3760,1657,3822,0.0,0.009999999776482582,3.8035755157470703,0.4005107879638672,0.0040051075629889965,3,4,12
3761,1657,5074,0.0,0.009999999776482582,1.6350817680358887,0.09072596579790115,0.0009072596440091729,3,2,6
3762,3315,5074,0.0,0.009999999776482582,1.4962992668151855,0.07089989632368088,0.000708998937625438,3,2,6
3763,3315,4443,0.0,0.009999999776482582,1.4012587070465088,0.0573226734995842,0.0005732267163693905,3,2,6
3764,3822,4443,0.0,0.009999999776482582,3.8035755157470703,0.4005107879638672,0.0040051075629889965,3,4,12
3765,3313,3822,0.0,0.009999999776482582,3.8035755157470703,0.4005107879638672,0.0040051075629889965,3,4,12
3766,1658,3313,0.0,0.009999999776482582,1.3217989206314087,0.04597127437591553,0.000459712726296857,3,2,6
3767,1658,4807,0.0,0.009999999776482582,1.8769004344940186,0.1252714842557907,0.0012527147773653269,3,2,6
3768,1659,4807,0.0,0.009999999776482582,1.8769004344940186,0.1252714842557907,0.0012527147773653269,3,2,6
3769,1659,3822,0.0,0.009999999776482582,3.8035755157470703,0.4005107879638672,0.0040051075629889965,3,4,12
3770,3477,4807,0.0,0.009999999776482582,7.005972385406494,0.8579960465431213,0.008579960092902184,3,8,24
3771,4807,5074,0.0,0.009999999776482582,1.8769004344940186,0.1252714842557907,0.0012527147773653269,3,2,6
3772,3477,5074,0.0,0.009999999776482582,7.005972385406494,0.8579960465431213,0.008579960092902184,3,8,24
3773,1660,5233,0.0,0.009999999776482582,3.158517837524414,0.30835968255996704,0.0030835967045277357,3,4,12
3774,1660,1661,0.0,0.009999999776482582,3.537794589996338,0.3625420928001404,0.003625420853495598,3,4,12
3775,1661,5233,0.0,0.009999999776482582,3.537794589996338,0.3625420928001404,0.003625420853495598,3,4,12
3776,3522,3703,0.0,0.009999999776482582,1.9571545124053955,0.13673636317253113,0.0013673636130988598,3,2,6
3777,3693,3703,0.0,0.009999999776482582,2.455300807952881,0.20790012180805206,0.002079001162201166,3,3,9
3778,1662,3693,0.0,0.009999999776482582,4.764217853546143,0.5377454161643982,0.005377454217523336,3,5,15
3779,1662,3703,0.0,0.009999999776482582,4.764217853546143,0.5377454161643982,0.005377454217523336,3,5,15
3780,1663,3703,0.0,0.009999999776482582,1.139807939529419,0.019972562789916992,0.00019972561858594418,3,2,6
3781,3574,4272,0.0,0.009999999776482582,2.4276113510131836,0.20394447445869446,0.0020394446328282356,3,3,9
3782,1664,4272,0.0,0.009999999776482582,3.9360196590423584,0.4194313883781433,0.004194313660264015,3,4,12
3783,1664,4135,0.0,0.009999999776482582,3.9360196590423584,0.4194313883781433,0.004194313660264015,3,4,12
3784,3804,4505,0.0,0.009999999776482582,1.88020920753479,0.12574417889118195,0.0012574417050927877,3,2,6
3785,4402,4505,0.0,0.009999999776482582,1.88020920753479,0.12574417889118195,0.0012574417050927877,3,2,6
3786,1665,5038,0.0,0.009999999776482582,2.412289619445801,0.20175565779209137,0.002017556456848979,3,3,9
3787,1665,4445,0.0,0.009999999776482582,1.9112199544906616,0.13017427921295166,0.001301742740906775,3,2,6
3788,4445,5038,0.5,0.5049999952316284,2.412289619445801,0.20175565779209137,0.10188660770654678,5,3,15
3789,4626,5038,0.9999998807907104,0.9999998807907104,2.412289619445801,0.20175565779209137,0.20175562798976898,5,3,15
3790,4447,4626,0.0,0.009999999776482582,1.9395723342895508,0.13422462344169617,0.0013422461925074458,3,2,6
3791,4447,5038,0.5,0.5049999952316284,2.412289619445801,0.20175565779209137,0.10188660770654678,5,3,15
3792,3523,4286,0.0,0.009999999776482582,2.0676844120025635,0.1525263488292694,0.001525263418443501,3,3,9
3793,1666,4286,0.0,0.009999999776482582,2.0676844120025635,0.1525263488292694,0.001525263418443501,3,3,9
3794,1666,1667,0.0,0.009999999776482582,1.8143482208251953,0.11633545905351639,0.0011633546091616154,3,2,6
3795,1667,4281,0.0,0.009999999776482582,3.188786745071411,0.3126838207244873,0.003126838244497776,3,4,12
3796,1668,4040,0.0,0.009999999776482582,2.868265390396118,0.266895055770874,0.0026689504738897085,3,3,9
3797,1668,1669,0.0,0.009999999776482582,1.410405158996582,0.05862930789589882,0.0005862930556759238,3,2,6
3798,1669,5038,0.0,0.009999999776482582,2.412289619445801,0.20175565779209137,0.002017556456848979,3,3,9
3799,4132,4273,0.0,0.009999999776482582,2.0811610221862793,0.15445157885551453,0.0015445157187059522,3,3,9
3800,3477,4273,0.0,0.009999999776482582,7.005972385406494,0.8579960465431213,0.008579960092902184,3,8,24
3801,1670,4808,0.0,0.009999999776482582,2.9787397384643555,0.2826771140098572,0.0028267710004001856,3,3,9
3802,1670,4461,0.0,0.009999999776482582,2.9787397384643555,0.2826771140098572,0.0028267710004001856,3,3,9
3803,4461,4608,0.9999998807907104,0.9999998807907104,1.974765419960022,0.1392522007226944,0.1392521858215332,5,2,10
3804,4607,4608,0.0,0.009999999776482582,1.974765419960022,0.1392522007226944,0.0013925220118835568,3,2,6
3805,4451,4607,0.5,0.5049999952316284,1.7998753786087036,0.11426790803670883,0.05770529434084892,5,2,10
3806,4451,4461,0.0,0.009999999776482582,1.596251368522644,0.08517877012491226,0.0008517876849509776,3,2,6
3807,4461,4808,0.0,0.009999999776482582,2.641127109527588,0.23444673418998718,0.0023444672115147114,3,3,9
3808,4450,4452,0.5,0.5049999952316284,5.131019592285156,0.5901456475257874,0.2980235517024994,5,6,30
3809,4452,4607,0.9999998807907104,0.9999998807907104,5.131019592285156,0.5901456475257874,0.5901455879211426,5,6,30
3810,4450,4607,0.9999998807907104,0.9999998807907104,1.7998753786087036,0.11426790803670883,0.11426789313554764,5,2,10
3811,1671,4450,0.0,0.009999999776482582,1.1497987508773804,0.02139982208609581,0.00021399820980150253,3,2,6
3812,1671,1672,0.0,0.009999999776482582,1.205257773399353,0.029322538524866104,0.0002932253701146692,3,2,6
3813,1672,1673,0.0,0.009999999776482582,1.3563330173492432,0.05090471729636192,0.000509047182276845,3,2,6
3814,1673,4808,0.0,0.009999999776482582,2.641127109527588,0.23444673418998718,0.0023444672115147114,3,3,9
3815,3696,3804,0.5,0.5049999952316284,1.987834095954895,0.14111915230751038,0.07126516848802567,5,2,10
3816,3974,4504,0.0,0.009999999776482582,6.832657337188721,0.8332367539405823,0.008332367055118084,3,7,21
3817,4504,4721,0.0,0.009999999776482582,1.9991179704666138,0.14273114502429962,0.0014273114502429962,3,2,6
3818,3804,4721,0.5,0.5049999952316284,1.9991179704666138,0.14273114502429962,0.07207922637462616,5,2,10
3819,1674,4871,0.0,0.009999999776482582,4.937243938446045,0.5624634027481079,0.005624633748084307,3,5,15
3820,1674,3692,0.0,0.009999999776482582,2.6325464248657227,0.2332209199666977,0.0023322091437876225,3,3,9
3821,1675,3692,0.0,0.009999999776482582,1.8208677768707275,0.11726682633161545,0.0011726681841537356,3,2,6
3822,1675,4871,0.0,0.009999999776482582,4.937243938446045,0.5624634027481079,0.005624633748084307,3,5,15
3823,3692,4871,0.0,0.009999999776482582,4.937243938446045,0.5624634027481079,0.005624633748084307,3,5,15
3824,3692,5075,0.0,0.009999999776482582,1.8208677768707275,0.11726682633161545,0.0011726681841537356,3,2,6
3825,4871,5075,0.9999998807907104,0.9999998807907104,4.937243938446045,0.5624634027481079,0.5624633431434631,5,5,25
3826,1676,4871,0.0,0.009999999776482582,4.937243938446045,0.5624634027481079,0.005624633748084307,3,5,15
3827,1676,5075,0.0,0.009999999776482582,1.5416558980941772,0.07737941294908524,0.0007737941341474652,3,2,6
3828,1677,4093,0.0,0.009999999776482582,2.0067219734191895,0.14381742477416992,0.0014381741639226675,3,3,9
3829,1677,5075,0.0,0.009999999776482582,2.0067219734191895,0.14381742477416992,0.0014381741639226675,3,3,9
3830,3316,4696,0.5,0.5049999952316284,1.5845365524291992,0.08350522071123123,0.04217013716697693,5,2,10
3831,1678,3316,0.0,0.009999999776482582,1.332841157913208,0.04754873737692833,0.00047548735165037215,3,2,6
3832,1678,4696,0.0,0.009999999776482582,1.5845365524291992,0.08350522071123123,0.0008350521675311029,3,2,6
3833,1679,4696,0.0,0.009999999776482582,1.5845365524291992,0.08350522071123123,0.0008350521675311029,3,2,6
3834,1679,1680,0.0,0.009999999776482582,1.3598651885986328,0.05140931159257889,0.0005140930879861116,3,2,6
3835,1680,1681,0.0,0.009999999776482582,1.7092922925949097,0.10132747143507004,0.001013274653814733,3,2,6
3836,1681,3477,0.0,0.009999999776482582,7.005972385406494,0.8579960465431213,0.008579960092902184,3,8,24
3837,1682,3316,0.0,0.009999999776482582,2.5048041343688965,0.21497201919555664,0.002149720210582018,3,3,9
3838,1682,4696,0.0,0.009999999776482582,2.5048041343688965,0.21497201919555664,0.002149720210582018,3,3,9
3839,1683,4696,0.0,0.009999999776482582,1.5845365524291992,0.08350522071123123,0.0008350521675311029,3,2,6
3840,1683,1684,0.0,0.009999999776482582,1.5954787731170654,0.08506839722394943,0.0008506839512847364,3,2,6
3841,1684,4696,0.0,0.009999999776482582,1.5954787731170654,0.08506839722394943,0.0008506839512847364,3,2,6
3842,3740,3755,0.0,0.009999999776482582,5.155153751373291,0.593593418598175,0.005935933906584978,3,6,18
3843,1685,3740,0.0,0.009999999776482582,2.648833751678467,0.23554767668247223,0.0023554766084998846,3,3,9
3844,1685,1686,0.0,0.009999999776482582,1.3609240055084229,0.051560573279857635,0.0005156057304702699,3,2,6
3845,4456,4652,0.0,0.009999999776482582,2.053891897201538,0.15055598318576813,0.0015055597759783268,3,3,9
3846,4456,4828,0.0,0.009999999776482582,2.053891897201538,0.15055598318576813,0.0015055597759783268,3,3,9
3847,4043,4828,0.9999998807907104,0.9999998807907104,5.816155433654785,0.6880221962928772,0.6880221366882324,5,6,30
3848,3317,4043,0.0,0.009999999776482582,5.816155433654785,0.6880221962928772,0.006880221888422966,3,6,18
3849,1687,3317,0.0,0.009999999776482582,1.3631644248962402,0.05188063159584999,0.0005188062787055969,3,2,6
3850,1687,4043,0.0,0.009999999776482582,5.816155433654785,0.6880221962928772,0.006880221888422966,3,6,18
3851,4117,5076,0.5,0.5049999952316284,2.438206672668457,0.20545808970928192,0.10375633090734482,5,3,15
3852,5076,5077,0.0,0.009999999776482582,2.438206672668457,0.20545808970928192,0.0020545809529721737,3,3,9
3853,5077,5078,0.0,0.009999999776482582,1.362755537033081,0.05182221904397011,0.0005182221648283303,3,2,6
3854,4649,5078,0.0,0.009999999776482582,3.0597524642944336,0.29425033926963806,0.0029425034299492836,3,4,12
3855,4043,4649,0.0,0.009999999776482582,5.816155433654785,0.6880221962928772,0.006880221888422966,3,6,18
3856,1688,5076,0.0,0.009999999776482582,2.438206672668457,0.20545808970928192,0.0020545809529721737,3,3,9
3857,1688,1689,0.0,0.009999999776482582,1.421637773513794,0.06023396924138069,0.0006023396854288876,3,2,6
3858,1689,5079,0.0,0.009999999776482582,1.863735318183899,0.12339075654745102,0.00123390753287822,3,2,6
3859,4649,5079,0.0,0.009999999776482582,3.0597524642944336,0.29425033926963806,0.0029425034299492836,3,4,12
3860,4649,5076,0.0,0.009999999776482582,3.0597524642944336,0.29425033926963806,0.0029425034299492836,3,4,12
3861,4043,5076,0.0,0.009999999776482582,5.816155433654785,0.6880221962928772,0.006880221888422966,3,6,18
3862,4457,5079,0.0,0.009999999776482582,1.863735318183899,0.12339075654745102,0.00123390753287822,3,2,6
3863,3317,4457,0.0,0.009999999776482582,1.3631644248962402,0.05188063159584999,0.0005188062787055969,3,2,6
3864,4172,5076,0.0,0.009999999776482582,2.438206672668457,0.20545808970928192,0.0020545809529721737,3,3,9
3865,1690,5076,0.0,0.009999999776482582,2.438206672668457,0.20545808970928192,0.0020545809529721737,3,3,9
3866,1690,5077,0.0,0.009999999776482582,1.8788893222808838,0.125555619597435,0.0012555561261251569,3,2,6
3867,5077,5079,0.0,0.009999999776482582,1.863735318183899,0.12339075654745102,0.00123390753287822,3,2,6
3868,5079,5080,0.0,0.009999999776482582,1.863735318183899,0.12339075654745102,0.00123390753287822,3,2,6
3869,4653,5080,0.5,0.5049999952316284,1.709511160850525,0.10135873407125473,0.05118615925312042,5,2,10
3870,4043,4653,0.0,0.009999999776482582,5.816155433654785,0.6880221962928772,0.006880221888422966,3,6,18
3871,4458,5079,0.0,0.009999999776482582,2.1747355461120605,0.16781936585903168,0.0016781935701146722,3,3,9
3872,4458,4459,0.0,0.009999999776482582,2.1747355461120605,0.16781936585903168,0.0016781935701146722,3,3,9
3873,4459,5078,0.0,0.009999999776482582,1.4035863876342773,0.05765519663691521,0.0005765519454143941,3,2,6
3874,5078,5079,0.5,0.5049999952316284,1.863735318183899,0.12339075654745102,0.062312331050634384,5,2,10
3875,4043,5080,0.9999998807907104,0.9999998807907104,5.816155433654785,0.6880221962928772,0.6880221366882324,5,6,30
3876,5076,5080,0.0,0.009999999776482582,2.438206672668457,0.20545808970928192,0.0020545809529721737,3,3,9
3877,5076,5079,0.0,0.009999999776482582,2.438206672668457,0.20545808970928192,0.0020545809529721737,3,3,9
3878,4043,5081,0.0,0.009999999776482582,5.816155433654785,0.6880221962928772,0.006880221888422966,3,6,18
3879,4828,5081,0.0,0.009999999776482582,2.071176767349243,0.15302525460720062,0.0015302525134757161,3,3,9
3880,4828,5080,0.5,0.5049999952316284,1.5341343879699707,0.07630491256713867,0.03853398188948631,5,2,10
3881,4117,5080,0.0,0.009999999776482582,1.762716293334961,0.10895947366952896,0.0010895946761593223,3,2,6
3882,4172,4650,0.5,0.5049999952316284,2.1448848247528076,0.16355498135089874,0.08259526640176773,5,3,15
3883,4650,4828,0.0,0.009999999776482582,1.445533037185669,0.06364757567644119,0.0006364757427945733,3,2,6
3884,3318,4043,0.0,0.009999999776482582,5.816155433654785,0.6880221962928772,0.006880221888422966,3,6,18
3885,3318,5080,0.0,0.009999999776482582,1.757063388824463,0.10815191268920898,0.0010815190616995096,3,2,6
3886,4653,5079,0.0,0.009999999776482582,1.863735318183899,0.12339075654745102,0.00123390753287822,3,2,6
3887,1691,4043,0.0,0.009999999776482582,5.816155433654785,0.6880221962928772,0.006880221888422966,3,6,18
3888,1691,1692,0.0,0.009999999776482582,2.1543450355529785,0.16490642726421356,0.0016490642447024584,3,3,9
3889,1692,5076,0.0,0.009999999776482582,2.438206672668457,0.20545808970928192,0.0020545809529721737,3,3,9
3890,5076,5078,0.0,0.009999999776482582,2.438206672668457,0.20545808970928192,0.0020545809529721737,3,3,9
3891,4043,4650,0.0,0.009999999776482582,5.816155433654785,0.6880221962928772,0.006880221888422966,3,6,18
3892,4650,4652,0.0,0.009999999776482582,1.521592140197754,0.07451315969228745,0.0007451315759681165,3,2,6
3893,4652,5079,0.0,0.009999999776482582,1.863735318183899,0.12339075654745102,0.00123390753287822,3,2,6
3894,1693,5080,0.0,0.009999999776482582,2.1026875972747803,0.15752680599689484,0.0015752679901197553,3,3,9
3895,1693,4043,0.0,0.009999999776482582,5.816155433654785,0.6880221962928772,0.006880221888422966,3,6,18
3896,4377,5035,0.0,0.009999999776482582,2.8789939880371094,0.26842769980430603,0.002684277016669512,3,3,9
3897,4377,4460,0.0,0.009999999776482582,1.6265285015106201,0.08950407058000565,0.0008950406918302178,3,2,6
3898,4018,4460,0.0,0.009999999776482582,1.8027141094207764,0.1146734431385994,0.0011467344593256712,3,2,6
3899,3531,4018,0.0,0.009999999776482582,1.8027141094207764,0.1146734431385994,0.0011467344593256712,3,2,6
3900,1694,3531,0.0,0.009999999776482582,1.4037237167358398,0.057674817740917206,0.0005767481634393334,3,2,6
3901,1694,4018,0.0,0.009999999776482582,1.8027141094207764,0.1146734431385994,0.0011467344593256712,3,2,6
3902,1695,3819,0.0,0.009999999776482582,2.060757875442505,0.15153683722019196,0.0015153683489188552,3,3,9
3903,1695,1696,0.0,0.009999999776482582,2.948002338409424,0.27828603982925415,0.002782860305160284,3,3,9
3904,1696,4135,0.0,0.009999999776482582,3.346309185028076,0.33518701791763306,0.0033518699929118156,3,4,12
3905,3951,4955,0.0,0.009999999776482582,3.1456170082092285,0.30651670694351196,0.0030651669949293137,3,4,12
3906,3951,4135,0.0,0.009999999776482582,3.346309185028076,0.33518701791763306,0.0033518699929118156,3,4,12
3907,1697,3565,0.0,0.009999999776482582,4.425342559814453,0.4893346428871155,0.004893346223980188,3,5,15
3908,1697,1698,0.0,0.009999999776482582,1.4594427347183228,0.06563467532396317,0.0006563467322848737,3,2,6
3909,1698,1699,0.0,0.009999999776482582,1.4594427347183228,0.06563467532396317,0.0006563467322848737,3,2,6
3910,1699,1700,0.0,0.009999999776482582,1.199695348739624,0.02852790616452694,0.00028527906397357583,3,2,6
3911,4370,5083,0.5,0.5049999952316284,6.9086713790893555,0.8440958857536316,0.42626842856407166,5,7,35
3912,3951,5083,0.0,0.009999999776482582,3.1456170082092285,0.30651670694351196,0.0030651669949293137,3,4,12
3913,3951,3977,0.0,0.009999999776482582,3.648855447769165,0.37840792536735535,0.0037840791046619415,3,4,12
3914,1701,4608,0.0,0.009999999776482582,2.5175621509552,0.21679459512233734,0.002167945960536599,3,3,9
3915,1701,4461,0.0,0.009999999776482582,2.5175621509552,0.21679459512233734,0.002167945960536599,3,3,9
3916,3697,4461,0.0,0.009999999776482582,1.596251368522644,0.08517877012491226,0.0008517876849509776,3,2,6
3917,3697,5084,0.0,0.009999999776482582,2.946746826171875,0.278106689453125,0.0027810668107122183,3,3,9
3918,4562,5084,0.9999998807907104,0.9999998807907104,2.946746826171875,0.278106689453125,0.2781066596508026,5,3,15
3919,3856,5084,0.0,0.009999999776482582,3.553133726119995,0.36473339796066284,0.0036473339423537254,3,4,12
3920,4562,4608,0.9999998807907104,0.9999998807907104,2.0308685302734375,0.1472669392824173,0.1472669243812561,5,3,15
3921,4608,5084,0.9999998807907104,0.9999998807907104,2.946746826171875,0.278106689453125,0.2781066596508026,5,3,15
3922,3319,4497,0.5,0.5049999952316284,3.0662031173706055,0.2951718866825104,0.14906179904937744,5,4,20
3923,3319,5085,0.0,0.009999999776482582,1.279060959815979,0.039865851402282715,0.00039865850703790784,3,2,6
3924,4497,5085,0.5,0.5049999952316284,3.0662031173706055,0.2951718866825104,0.14906179904937744,5,4,20
3925,4497,5086,0.0,0.009999999776482582,3.0662031173706055,0.2951718866825104,0.0029517188668251038,3,4,12
3926,5086,5087,0.0,0.009999999776482582,1.6617060899734497,0.09452944248914719,0.0009452943922951818,3,2,6
3927,4497,5087,0.9999998807907104,0.9999998807907104,3.0662031173706055,0.2951718866825104,0.295171856880188,5,4,20
3928,3320,5085,0.0,0.009999999776482582,2.0119893550872803,0.14456990361213684,0.001445699017494917,3,3,9
3929,3320,5086,0.0,0.009999999776482582,2.0119893550872803,0.14456990361213684,0.001445699017494917,3,3,9
3930,1702,5085,0.0,0.009999999776482582,1.3317790031433105,0.04739699885249138,0.0004739699652418494,3,2,6
3931,1702,4497,0.0,0.009999999776482582,3.0662031173706055,0.2951718866825104,0.0029517188668251038,3,4,12
3932,4497,4617,0.0,0.009999999776482582,3.0662031173706055,0.2951718866825104,0.0029517188668251038,3,4,12
3933,4617,5085,0.0,0.009999999776482582,1.8731755018234253,0.12473935633897781,0.0012473935494199395,3,2,6
3934,1703,3319,0.0,0.009999999776482582,1.2396247386932373,0.03423210605978966,0.00034232105826959014,3,2,6
3935,1703,4497,0.0,0.009999999776482582,3.0662031173706055,0.2951718866825104,0.0029517188668251038,3,4,12
3936,1704,3777,0.0,0.009999999776482582,7.127651214599609,0.8753787279129028,0.00875378679484129,3,8,24
3937,1704,4464,0.0,0.009999999776482582,2.2853171825408936,0.1836167424917221,0.0018361674156039953,3,3,9
3938,3891,4464,0.0,0.009999999776482582,2.48305606842041,0.2118651568889618,0.002118651522323489,3,3,9
3939,4353,4785,0.0,0.009999999776482582,2.6250767707824707,0.23215381801128387,0.0023215380497276783,3,3,9
3940,1705,4353,0.0,0.009999999776482582,2.6250767707824707,0.23215381801128387,0.0023215380497276783,3,3,9
3941,1705,1706,0.0,0.009999999776482582,2.2809677124023438,0.18299539387226105,0.0018299538642168045,3,3,9
3942,1706,1707,0.0,0.009999999776482582,2.2809677124023438,0.18299539387226105,0.0018299538642168045,3,3,9
3943,1707,1708,0.0,0.009999999776482582,1.0990861654281616,0.01415516622364521,0.00014155165990814567,3,2,6
3944,1708,1709,0.0,0.009999999776482582,1.2221437692642212,0.03173482418060303,0.0003173482255078852,3,2,6
3945,1709,1710,0.0,0.009999999776482582,1.2221437692642212,0.03173482418060303,0.0003173482255078852,3,2,6
3946,1710,3493,0.0,0.009999999776482582,5.357282638549805,0.6224689483642578,0.006224689539521933,3,6,18
3947,3493,4785,0.0,0.009999999776482582,5.357282638549805,0.6224689483642578,0.006224689539521933,3,6,18
3948,1711,4785,0.0,0.009999999776482582,2.3155388832092285,0.18793413043022156,0.0018793413182720542,3,3,9
3949,1711,3709,0.0,0.009999999776482582,1.7563252449035645,0.10804646462202072,0.0010804645717144012,3,2,6
3950,3709,4353,0.0,0.009999999776482582,2.6250767707824707,0.23215381801128387,0.0023215380497276783,3,3,9
3951,1712,4353,0.0,0.009999999776482582,2.6250767707824707,0.23215381801128387,0.0023215380497276783,3,3,9
3952,1712,1713,0.0,0.009999999776482582,1.611760139465332,0.08739430457353592,0.000873943034093827,3,2,6
3953,1713,1714,0.0,0.009999999776482582,1.611760139465332,0.08739430457353592,0.000873943034093827,3,2,6
3954,1714,1715,0.0,0.009999999776482582,1.2610989809036255,0.037299852818250656,0.00037299853283911943,3,2,6
3955,1715,3321,0.0,0.009999999776482582,2.0698747634887695,0.15283925831317902,0.0015283925458788872,3,3,9
3956,3321,4353,0.0,0.009999999776482582,2.6250767707824707,0.23215381801128387,0.0023215380497276783,3,3,9
3957,1716,4353,0.0,0.009999999776482582,2.6250767707824707,0.23215381801128387,0.0023215380497276783,3,3,9
3958,1716,3321,0.0,0.009999999776482582,2.0698747634887695,0.15283925831317902,0.0015283925458788872,3,3,9
3959,1717,3321,0.0,0.009999999776482582,2.0698747634887695,0.15283925831317902,0.0015283925458788872,3,3,9
3960,1717,3493,0.0,0.009999999776482582,5.357282638549805,0.6224689483642578,0.006224689539521933,3,6,18
3961,1718,3804,0.0,0.009999999776482582,1.6446012258529663,0.09208589047193527,0.000920858874451369,3,2,6
3962,1718,4798,0.0,0.009999999776482582,1.6446012258529663,0.09208589047193527,0.000920858874451369,3,2,6
3963,1719,4798,0.0,0.009999999776482582,1.7460861206054688,0.10658372938632965,0.0010658372193574905,3,2,6
3964,1719,3804,0.0,0.009999999776482582,1.7460861206054688,0.10658372938632965,0.0010658372193574905,3,2,6
3965,1720,4158,0.0,0.009999999776482582,6.529769420623779,0.7899670600891113,0.007899670861661434,3,7,21
3966,1720,3698,0.0,0.009999999776482582,2.0621042251586914,0.15172918140888214,0.0015172917628660798,3,3,9
3967,3698,4700,0.5,0.5049999952316284,2.5413060188293457,0.22018657624721527,0.11119422316551208,5,3,15
3968,3688,4700,0.5,0.5049999952316284,5.347396373748779,0.6210566163063049,0.31363359093666077,5,6,30
3969,1721,4611,0.0,0.009999999776482582,1.8449320793151855,0.12070458382368088,0.0012070458615198731,3,2,6
3970,1721,1722,0.0,0.009999999776482582,3.893557548522949,0.41336536407470703,0.004133653361350298,3,4,12
3971,1722,1723,0.0,0.009999999776482582,3.893557548522949,0.41336536407470703,0.004133653361350298,3,4,12
3972,1723,1724,0.0,0.009999999776482582,1.1152355670928955,0.01646222360432148,0.00016462223720736802,3,2,6
3973,1724,3777,0.0,0.009999999776482582,7.127651214599609,0.8753787279129028,0.00875378679484129,3,8,24
3974,3322,4370,0.0,0.009999999776482582,6.9086713790893555,0.8440958857536316,0.008440958335995674,3,7,21
3975,1725,3322,0.0,0.009999999776482582,2.8693690299987793,0.26705271005630493,0.002670526970177889,3,3,9
3976,1725,4370,0.0,0.009999999776482582,6.9086713790893555,0.8440958857536316,0.008440958335995674,3,7,21
3977,3951,4407,0.0,0.009999999776482582,3.1456170082092285,0.30651670694351196,0.0030651669949293137,3,4,12
3978,1726,3724,0.0,0.009999999776482582,1.2029802799224854,0.028997182846069336,0.0002899718238040805,3,2,6
3979,1726,1727,0.0,0.009999999776482582,1.2767415046691895,0.03953450173139572,0.00039534500683657825,3,2,6
3980,1727,3724,0.0,0.009999999776482582,1.2767415046691895,0.03953450173139572,0.00039534500683657825,3,2,6
3981,4387,4467,0.5,0.5049999952316284,3.090301513671875,0.298614501953125,0.15080031752586365,5,4,20
3982,1728,4387,0.0,0.009999999776482582,4.538384437561035,0.5054835081100464,0.0050548347644507885,3,5,15
3983,1728,3859,0.0,0.009999999776482582,4.538384437561035,0.5054835081100464,0.0050548347644507885,3,5,15
3984,3859,4467,0.0,0.009999999776482582,3.090301513671875,0.298614501953125,0.0029861449729651213,3,4,12
3985,3544,3859,0.0,0.009999999776482582,2.9153432846069336,0.27362045645713806,0.0027362045366317034,3,3,9
3986,3590,3859,0.9999998807907104,0.9999998807907104,2.9153432846069336,0.27362045645713806,0.2736204266548157,5,3,15
3987,3544,3590,0.0,0.009999999776482582,2.5556180477142334,0.22223114967346191,0.0022223114501684904,3,3,9
3988,3859,4387,0.5,0.5049999952316284,2.9153432846069336,0.27362045645713806,0.13817833364009857,5,3,15
3989,3859,3893,0.5,0.5049999952316284,3.4882583618164062,0.35546547174453735,0.17951005697250366,5,4,20
3990,3590,3685,0.0,0.009999999776482582,5.417384147644043,0.6310548782348633,0.006310548633337021,3,6,18
3991,1729,1730,0.0,0.009999999776482582,1.3958721160888672,0.05655315890908241,0.0005655316053889692,3,2,6
3992,1730,4543,0.0,0.009999999776482582,1.7653480768203735,0.10933543741703033,0.0010933543089777231,3,2,6
3993,4446,4543,0.5,0.5049999952316284,2.7909555435180664,0.25585079193115234,0.1292046457529068,5,3,15
3994,4446,5038,0.0,0.009999999776482582,2.7909555435180664,0.25585079193115234,0.0025585079565644264,3,3,9
3995,4445,4626,0.0,0.009999999776482582,1.7033531665802002,0.10047902166843414,0.0010047901887446642,3,2,6
3996,1731,4626,0.0,0.009999999776482582,1.7033531665802002,0.10047902166843414,0.0010047901887446642,3,2,6
3997,1731,5038,0.0,0.009999999776482582,2.412289619445801,0.20175565779209137,0.002017556456848979,3,3,9
3998,4543,5038,0.5,0.5049999952316284,2.412289619445801,0.20175565779209137,0.10188660770654678,5,3,15
3999,1732,4446,0.0,0.009999999776482582,2.7909555435180664,0.25585079193115234,0.0025585079565644264,3,3,9
4000,1732,4626,0.0,0.009999999776482582,2.7469992637634277,0.2495713233947754,0.0024957130663096905,3,3,9
4001,4445,4447,0.0,0.009999999776482582,1.9395723342895508,0.13422462344169617,0.0013422461925074458,3,2,6
4002,1733,4447,0.0,0.009999999776482582,3.012836217880249,0.2875480353832245,0.0028754803352057934,3,4,12
4003,1733,5038,0.0,0.009999999776482582,3.012836217880249,0.2875480353832245,0.0028754803352057934,3,4,12
4004,1734,5038,0.0,0.009999999776482582,2.6889004707336426,0.2412714958190918,0.002412714995443821,3,3,9
4005,1734,1735,0.0,0.009999999776482582,2.6889004707336426,0.2412714958190918,0.002412714995443821,3,3,9
4006,1735,5038,0.0,0.009999999776482582,2.412289619445801,0.20175565779209137,0.002017556456848979,3,3,9
4007,4446,4626,0.0,0.009999999776482582,2.7909555435180664,0.25585079193115234,0.0025585079565644264,3,3,9
4008,4446,4447,0.0,0.009999999776482582,2.7909555435180664,0.25585079193115234,0.0025585079565644264,3,3,9
4009,1736,4446,0.0,0.009999999776482582,2.7909555435180664,0.25585079193115234,0.0025585079565644264,3,3,9
4010,1736,5038,0.0,0.009999999776482582,2.412289619445801,0.20175565779209137,0.002017556456848979,3,3,9
4011,4575,4887,0.0,0.009999999776482582,3.572172164916992,0.3674531579017639,0.003674531588330865,3,4,12
4012,3323,4575,0.0,0.009999999776482582,1.3032634258270264,0.043323345482349396,0.0004332334501668811,3,2,6
4013,3323,4887,0.0,0.009999999776482582,3.572172164916992,0.3674531579017639,0.003674531588330865,3,4,12
4014,4887,5089,0.0,0.009999999776482582,3.572172164916992,0.3674531579017639,0.003674531588330865,3,4,12
4015,3324,5089,0.0,0.009999999776482582,1.3256514072418213,0.0465216301381588,0.0004652162897400558,3,2,6
4016,3324,4887,0.0,0.009999999776482582,3.572172164916992,0.3674531579017639,0.003674531588330865,3,4,12
4017,1737,3846,0.0,0.009999999776482582,2.943727493286133,0.2776753604412079,0.0027767536230385303,3,3,9
4018,1737,4177,0.0,0.009999999776482582,2.192223310470581,0.1703176200389862,0.0017031761817634106,3,3,9
4019,3846,4177,0.0,0.009999999776482582,2.943727493286133,0.2776753604412079,0.0027767536230385303,3,3,9
4020,3627,3742,0.5,0.5049999952316284,3.752058506011963,0.3931512236595154,0.19854137301445007,5,4,20
4021,3627,4810,0.5,0.5049999952316284,2.1972546577453613,0.17103637754917145,0.08637336641550064,5,3,15
4022,3742,4810,0.0,0.009999999776482582,3.752058506011963,0.3931512236595154,0.003931512124836445,3,4,12
4023,1738,3742,0.0,0.009999999776482582,3.752058506011963,0.3931512236595154,0.003931512124836445,3,4,12
4024,1738,1739,0.0,0.009999999776482582,1.257787823677063,0.036826830357313156,0.0003682682872749865,3,2,6
4025,1739,3742,0.0,0.009999999776482582,3.752058506011963,0.3931512236595154,0.003931512124836445,3,4,12
4026,1740,3742,0.0,0.009999999776482582,3.752058506011963,0.3931512236595154,0.003931512124836445,3,4,12
4027,1740,1741,0.0,0.009999999776482582,2.264738082885742,0.18067686259746552,0.0018067685887217522,3,3,9
4028,1741,3547,0.0,0.009999999776482582,2.666071891784668,0.23801027238368988,0.002380102640017867,3,3,9
4029,3742,4469,0.0,0.009999999776482582,3.752058506011963,0.3931512236595154,0.003931512124836445,3,4,12
4030,1742,4469,0.0,0.009999999776482582,2.2163400650024414,0.17376287281513214,0.0017376287141814828,3,3,9
4031,1742,1743,0.0,0.009999999776482582,2.2163400650024414,0.17376287281513214,0.0017376287141814828,3,3,9
4032,1743,3742,0.0,0.009999999776482582,3.752058506011963,0.3931512236595154,0.003931512124836445,3,4,12
4033,3547,4810,0.0,0.009999999776482582,2.666071891784668,0.23801027238368988,0.002380102640017867,3,3,9
4034,3742,4470,0.0,0.009999999776482582,3.752058506011963,0.3931512236595154,0.003931512124836445,3,4,12
4035,1744,4470,0.0,0.009999999776482582,2.413707733154297,0.20195825397968292,0.002019582549110055,3,3,9
4036,1744,3742,0.0,0.009999999776482582,3.752058506011963,0.3931512236595154,0.003931512124836445,3,4,12
4037,1745,4724,0.0,0.009999999776482582,2.853757381439209,0.26482248306274414,0.0026482248213142157,3,3,9
4038,1745,3325,0.0,0.009999999776482582,4.697443008422852,0.5282061696052551,0.005282061640173197,3,5,15
4039,3325,3542,0.0,0.009999999776482582,4.697443008422852,0.5282061696052551,0.005282061640173197,3,5,15
4040,3325,4724,0.0,0.009999999776482582,4.697443008422852,0.5282061696052551,0.005282061640173197,3,5,15
4041,1746,3325,0.0,0.009999999776482582,4.697443008422852,0.5282061696052551,0.005282061640173197,3,5,15
4042,1746,4724,0.0,0.009999999776482582,2.2163186073303223,0.1737598031759262,0.0017375979805365205,3,3,9
4043,1747,4724,0.0,0.009999999776482582,2.2163186073303223,0.1737598031759262,0.0017375979805365205,3,3,9
4044,1747,1748,0.0,0.009999999776482582,2.1247167587280273,0.1606738269329071,0.001606738194823265,3,3,9
4045,1748,4724,0.0,0.009999999776482582,2.2163186073303223,0.1737598031759262,0.0017375979805365205,3,3,9
4046,1749,4724,0.0,0.009999999776482582,2.2163186073303223,0.1737598031759262,0.0017375979805365205,3,3,9
4047,1749,1750,0.0,0.009999999776482582,3.0861146450042725,0.29801636934280396,0.0029801635537296534,3,4,12
4048,1750,3326,0.0,0.009999999776482582,3.0861146450042725,0.29801636934280396,0.0029801635537296534,3,4,12
4049,3326,5090,0.0,0.009999999776482582,4.215765953063965,0.4593951404094696,0.004593951161950827,3,5,15
4050,4724,5090,0.0,0.009999999776482582,4.215765953063965,0.4593951404094696,0.004593951161950827,3,5,15
4051,1751,4724,0.0,0.009999999776482582,2.8062350749969482,0.2580335736274719,0.002580335596576333,3,3,9
4052,1751,1752,0.0,0.009999999776482582,2.8062350749969482,0.2580335736274719,0.002580335596576333,3,3,9
4053,1752,4724,0.0,0.009999999776482582,2.21651554107666,0.1737879365682602,0.0017378793563693762,3,3,9
4054,1753,3701,0.0,0.009999999776482582,5.110047817230225,0.5871496796607971,0.005871496628969908,3,6,18
4055,1753,1754,0.0,0.009999999776482582,1.250939965248108,0.03584856539964676,0.00035848564584739506,3,2,6
4056,1754,1755,0.0,0.009999999776482582,1.0626847743988037,0.008954967372119427,8.954967051977292e-05,3,2,6
4057,1755,1756,0.0,0.009999999776482582,1.0348873138427734,0.0049839019775390625,4.983901817467995e-05,3,2,6
4058,1756,3701,0.0,0.009999999776482582,5.110047817230225,0.5871496796607971,0.005871496628969908,3,6,18
4059,1757,3701,0.0,0.009999999776482582,5.110047817230225,0.5871496796607971,0.005871496628969908,3,6,18
4060,1757,1758,0.0,0.009999999776482582,2.2261319160461426,0.1751617044210434,0.0017516170628368855,3,3,9
4061,1758,3701,0.0,0.009999999776482582,5.110047817230225,0.5871496796607971,0.005871496628969908,3,6,18
4062,1759,3486,0.0,0.009999999776482582,1.6123316287994385,0.08747594803571701,0.0008747594547457993,3,2,6
4063,1759,1760,0.0,0.009999999776482582,1.3248846530914307,0.046412091702222824,0.0004641209088731557,3,2,6
4064,1760,4167,0.0,0.009999999776482582,2.0885086059570312,0.15550123155117035,0.0015550123061984777,3,3,9
4065,3577,4427,0.0,0.009999999776482582,3.9768004417419434,0.42525720596313477,0.004252572078257799,3,4,12
4066,4171,4427,0.0,0.009999999776482582,2.8006138801574707,0.2572305500507355,0.0025723055005073547,3,3,9
4067,3547,4171,0.0,0.009999999776482582,2.8006138801574707,0.2572305500507355,0.0025723055005073547,3,3,9
4068,1761,4472,0.0,0.009999999776482582,1.3065766096115112,0.043796658515930176,0.00043796657701022923,3,2,6
4069,1761,4808,0.0,0.009999999776482582,2.641127109527588,0.23444673418998718,0.0023444672115147114,3,3,9
4070,1762,3703,0.0,0.009999999776482582,1.139807939529419,0.019972562789916992,0.00019972561858594418,3,2,6
4071,1762,5093,0.0,0.009999999776482582,1.498438835144043,0.07120554894208908,0.0007120554801076651,3,2,6
4072,5093,5094,0.0,0.009999999776482582,1.621894121170044,0.08884201943874359,0.0008884201524779201,3,2,6
4073,3327,5094,0.0,0.009999999776482582,1.723625659942627,0.10337509214878082,0.0010337509447708726,3,2,6
4074,1763,3327,0.0,0.009999999776482582,1.9862064123153687,0.14088663458824158,0.0014088662574067712,3,2,6
4075,1763,5093,0.0,0.009999999776482582,1.9862064123153687,0.14088663458824158,0.0014088662574067712,3,2,6
4076,1764,5093,0.0,0.009999999776482582,2.823535203933716,0.2605050206184387,0.002605050103738904,3,3,9
4077,1764,5094,0.0,0.009999999776482582,2.823535203933716,0.2605050206184387,0.002605050103738904,3,3,9
4078,5056,5095,0.0,0.009999999776482582,2.3326375484466553,0.19037678837776184,0.0019037678139284253,3,3,9
4079,3990,5056,0.0,0.009999999776482582,2.074756145477295,0.1535365879535675,0.0015353658236563206,3,3,9
4080,3990,5095,0.0,0.009999999776482582,2.3326375484466553,0.19037678837776184,0.0019037678139284253,3,3,9
4081,1765,4372,0.0,0.009999999776482582,1.82365083694458,0.1176644042134285,0.0011766440002247691,3,2,6
4082,1765,4808,0.0,0.009999999776482582,2.641127109527588,0.23444673418998718,0.0023444672115147114,3,3,9
4083,4090,4472,0.0,0.009999999776482582,1.7207084894180298,0.10295835882425308,0.001029583509080112,3,2,6
4084,4090,4808,0.0,0.009999999776482582,2.641127109527588,0.23444673418998718,0.0023444672115147114,3,3,9
4085,4090,4683,0.0,0.009999999776482582,1.7207084894180298,0.10295835882425308,0.001029583509080112,3,2,6
4086,1766,1767,0.0,0.009999999776482582,2.4578309059143066,0.20826156437397003,0.002082615625113249,3,3,9
4087,1767,4731,0.0,0.009999999776482582,1.9118492603302002,0.13026417791843414,0.0013026417000219226,3,2,6
4088,1768,4731,0.0,0.009999999776482582,4.870400428771973,0.5529143214225769,0.005529142916202545,3,5,15
4089,1768,3917,0.0,0.009999999776482582,4.870400428771973,0.5529143214225769,0.005529142916202545,3,5,15
4090,3328,5096,0.0,0.009999999776482582,3.167410373687744,0.30963006615638733,0.003096300642937422,3,4,12
4091,1769,3328,0.0,0.009999999776482582,2.919650077819824,0.27423572540283203,0.002742357086390257,3,3,9
4092,1769,4627,0.0,0.009999999776482582,7.355682373046875,0.9079546332359314,0.009079545736312866,3,8,24
4093,1770,3666,0.0,0.009999999776482582,5.345047950744629,0.620721161365509,0.006207211408764124,3,6,18
4094,1770,3329,0.0,0.009999999776482582,1.1179560422897339,0.01685086265206337,0.00016850861720740795,3,2,6
4095,3329,5096,0.0,0.009999999776482582,3.167410373687744,0.30963006615638733,0.003096300642937422,3,4,12
4096,3543,4371,0.0,0.009999999776482582,1.6737834215164185,0.09625477343797684,0.0009625477250665426,3,2,6
4097,3543,4370,0.0,0.009999999776482582,6.9086713790893555,0.8440958857536316,0.008440958335995674,3,7,21
4098,4370,4476,0.0,0.009999999776482582,6.9086713790893555,0.8440958857536316,0.008440958335995674,3,7,21
4099,1771,4476,0.0,0.009999999776482582,1.5625704526901245,0.08036720752716064,0.0008036720682866871,3,2,6
4100,1771,4370,0.0,0.009999999776482582,6.9086713790893555,0.8440958857536316,0.008440958335995674,3,7,21
4101,4381,4478,0.5,0.5049999952316284,5.5192413330078125,0.6456059217453003,0.32603099942207336,5,6,30
4102,4380,4478,0.0,0.009999999776482582,2.0873279571533203,0.1553325653076172,0.0015533255646005273,3,3,9
4103,3837,4380,0.0,0.009999999776482582,5.405207633972168,0.6293153762817383,0.006293153390288353,3,6,18
4104,3740,3837,0.0,0.009999999776482582,5.405207633972168,0.6293153762817383,0.006293153390288353,3,6,18
4105,3330,3740,0.0,0.009999999776482582,2.648833751678467,0.23554767668247223,0.0023554766084998846,3,3,9
4106,1772,3330,0.0,0.009999999776482582,2.081465005874634,0.1544950008392334,0.0015449499478563666,3,3,9
4107,1772,3504,0.0,0.009999999776482582,2.6543467044830322,0.23633524775505066,0.0023633523378521204,3,3,9
4108,3504,4380,0.0,0.009999999776482582,2.6543467044830322,0.23633524775505066,0.0023633523378521204,3,3,9
4109,3331,4380,0.0,0.009999999776482582,2.0873279571533203,0.1553325653076172,0.0015533255646005273,3,3,9
4110,1773,3331,0.0,0.009999999776482582,2.3904008865356445,0.19862869381904602,0.001986286835744977,3,3,9
4111,1773,3504,0.0,0.009999999776482582,2.6543467044830322,0.23633524775505066,0.0023633523378521204,3,3,9
4112,3504,4629,0.0,0.009999999776482582,2.6543467044830322,0.23633524775505066,0.0023633523378521204,3,3,9
4113,3330,4629,0.0,0.009999999776482582,1.8281395435333252,0.11830564588308334,0.0011830563889816403,3,2,6
4114,3330,3744,0.0,0.009999999776482582,1.9015475511550903,0.12879250943660736,0.0012879250571131706,3,2,6
4115,1774,3744,0.0,0.009999999776482582,1.9015475511550903,0.12879250943660736,0.0012879250571131706,3,2,6
4116,1774,3504,0.0,0.009999999776482582,2.6543467044830322,0.23633524775505066,0.0023633523378521204,3,3,9
4117,1775,4381,0.0,0.009999999776482582,5.5192413330078125,0.6456059217453003,0.0064560589380562305,3,6,18
4118,1775,3331,0.0,0.009999999776482582,1.9922447204589844,0.14174924790859222,0.0014174923999235034,3,2,6
4119,3331,4254,0.0,0.009999999776482582,1.5769259929656982,0.08241800218820572,0.0008241800242103636,3,2,6
4120,3740,4381,0.0,0.009999999776482582,5.5192413330078125,0.6456059217453003,0.0064560589380562305,3,6,18
4121,1776,3504,0.0,0.009999999776482582,2.6543467044830322,0.23633524775505066,0.0023633523378521204,3,3,9
4122,1776,1777,0.0,0.009999999776482582,1.7612252235412598,0.10874646157026291,0.0010874646250158548,3,2,6
4123,1777,4381,0.0,0.009999999776482582,5.5192413330078125,0.6456059217453003,0.0064560589380562305,3,6,18
4124,1778,4381,0.0,0.009999999776482582,5.5192413330078125,0.6456059217453003,0.0064560589380562305,3,6,18
4125,1778,1779,0.0,0.009999999776482582,1.3918988704681396,0.055985551327466965,0.0005598554853349924,3,2,6
4126,1779,3504,0.0,0.009999999776482582,2.6543467044830322,0.23633524775505066,0.0023633523378521204,3,3,9
4127,4616,5087,0.5,0.5049999952316284,1.6617060899734497,0.09452944248914719,0.04773736745119095,5,2,10
4128,4497,4616,0.5,0.5049999952316284,3.0662031173706055,0.2951718866825104,0.14906179904937744,5,4,20
4129,1780,4497,0.0,0.009999999776482582,3.0662031173706055,0.2951718866825104,0.0029517188668251038,3,4,12
4130,1780,4616,0.0,0.009999999776482582,1.5458238124847412,0.077974833548069,0.0007797483121976256,3,2,6
4131,4046,5087,0.0,0.009999999776482582,1.6617060899734497,0.09452944248914719,0.0009452943922951818,3,2,6
4132,4046,4497,0.0,0.009999999776482582,3.0662031173706055,0.2951718866825104,0.0029517188668251038,3,4,12
4133,4481,5087,0.0,0.009999999776482582,1.6617060899734497,0.09452944248914719,0.0009452943922951818,3,2,6
4134,4481,4497,0.0,0.009999999776482582,3.0662031173706055,0.2951718866825104,0.0029517188668251038,3,4,12
4135,1781,4616,0.0,0.009999999776482582,1.5458238124847412,0.077974833548069,0.0007797483121976256,3,2,6
4136,1781,4497,0.0,0.009999999776482582,3.0662031173706055,0.2951718866825104,0.0029517188668251038,3,4,12
4137,3748,5082,0.9999998807907104,0.9999998807907104,1.0629115104675293,0.008987358771264553,0.008987357839941978,5,2,10
4138,1782,3748,0.0,0.009999999776482582,1.4589191675186157,0.06555987894535065,0.0006555987638421357,3,2,6
4139,1782,5082,0.0,0.009999999776482582,1.4589191675186157,0.06555987894535065,0.0006555987638421357,3,2,6
4140,3748,5097,0.9999998807907104,0.9999998807907104,1.0629115104675293,0.008987358771264553,0.008987357839941978,5,2,10
4141,5082,5097,0.9999998807907104,0.9999998807907104,1.032759189605713,0.004679884295910597,0.0046798838302493095,5,2,10
4142,5097,5108,0.0,0.009999999776482582,1.053603172302246,0.007657595910131931,7.657595415366814e-05,3,2,6
4143,5082,5108,0.0,0.009999999776482582,1.053603172302246,0.007657595910131931,7.657595415366814e-05,3,2,6
4144,1783,4343,0.0,0.009999999776482582,4.582691669464111,0.5118131041526794,0.005118130706250668,3,5,15
4145,1783,1784,0.0,0.009999999776482582,1.3465349674224854,0.049504995346069336,0.0004950499278493226,3,2,6
4146,1784,4343,0.0,0.009999999776482582,4.582691669464111,0.5118131041526794,0.005118130706250668,3,5,15
4147,1785,4343,0.0,0.009999999776482582,4.582691669464111,0.5118131041526794,0.005118130706250668,3,5,15
4148,1785,5098,0.0,0.009999999776482582,1.0743480920791626,0.010621155612170696,0.00010621155524859205,3,2,6
4149,1786,5098,0.0,0.009999999776482582,1.0743480920791626,0.010621155612170696,0.00010621155524859205,3,2,6
4150,3721,4435,0.0,0.009999999776482582,5.314292907714844,0.6163275837898254,0.006163275800645351,3,6,18
4151,4435,4789,0.0,0.009999999776482582,2.4571738243103027,0.2081676870584488,0.0020816768519580364,3,3,9
4152,3721,4789,0.0,0.009999999776482582,5.314292907714844,0.6163275837898254,0.006163275800645351,3,6,18
4153,1787,3721,0.0,0.009999999776482582,5.314292907714844,0.6163275837898254,0.006163275800645351,3,6,18
4154,1787,5099,0.0,0.009999999776482582,1.2242374420166016,0.03203392028808594,0.0003203391970600933,3,2,6
4155,3721,5099,0.0,0.009999999776482582,5.314292907714844,0.6163275837898254,0.006163275800645351,3,6,18
4156,3704,3721,0.0,0.009999999776482582,5.314292907714844,0.6163275837898254,0.006163275800645351,3,6,18
4157,1788,3704,0.0,0.009999999776482582,3.4624149799346924,0.35177356004714966,0.003517735516652465,3,4,12
4158,1788,3721,0.0,0.009999999776482582,5.314292907714844,0.6163275837898254,0.006163275800645351,3,6,18
4159,4483,5100,0.0,0.009999999776482582,1.5206702947616577,0.07438147068023682,0.0007438146858476102,3,2,6
4160,1789,4483,0.0,0.009999999776482582,1.3967338800430298,0.056676268577575684,0.000566762697417289,3,2,6
4161,1789,4121,0.0,0.009999999776482582,1.8563923835754395,0.12234176695346832,0.0012234176974743605,3,2,6
4162,4020,4484,0.0,0.009999999776482582,3.0208048820495605,0.2886864244937897,0.002886864123865962,3,4,12
4163,3332,4484,0.0,0.009999999776482582,1.389419436454773,0.05563134700059891,0.0005563134327530861,3,2,6
4164,3332,4362,0.0,0.009999999776482582,1.7544209957122803,0.10777442902326584,0.0010777442948892713,3,2,6
4165,4485,5102,0.9999998807907104,0.9999998807907104,7.152796268463135,0.8789709210395813,0.8789708018302917,5,8,40
4166,1790,5102,0.0,0.009999999776482582,1.2187550067901611,0.031250715255737305,0.00031250715255737305,3,2,6
4167,1790,4485,0.0,0.009999999776482582,7.152796268463135,0.8789709210395813,0.008789708837866783,3,8,24
4168,4811,5102,0.0,0.009999999776482582,1.9071877002716064,0.1295982450246811,0.0012959823943674564,3,2,6
4169,4485,4811,0.0,0.009999999776482582,7.152796268463135,0.8789709210395813,0.008789708837866783,3,8,24
4170,4485,4620,0.9999998807907104,0.9999998807907104,7.152796268463135,0.8789709210395813,0.8789708018302917,5,8,40
4171,4620,5102,0.5,0.5049999952316284,1.3982534408569336,0.056893348693847656,0.02873114123940468,5,2,10
4172,4212,4620,0.0,0.009999999776482582,1.4934210777282715,0.07048872858285904,0.0007048872648738325,3,2,6
4173,4212,4485,0.0,0.009999999776482582,7.152796268463135,0.8789709210395813,0.008789708837866783,3,8,24
4174,4485,5103,0.0,0.009999999776482582,7.152796268463135,0.8789709210395813,0.008789708837866783,3,8,24
4175,5102,5103,0.0,0.009999999776482582,1.5084736347198486,0.0726390928030014,0.0007263909210450947,3,2,6
4176,4040,4645,0.0,0.009999999776482582,2.868265390396118,0.266895055770874,0.0026689504738897085,3,3,9
4177,4645,5104,0.0,0.009999999776482582,3.2967443466186523,0.3281063437461853,0.00328106340020895,3,4,12
4178,4040,5104,0.0,0.009999999776482582,3.2967443466186523,0.3281063437461853,0.00328106340020895,3,4,12
4179,4268,4488,0.0,0.009999999776482582,2.24638295173645,0.17805470526218414,0.0017805469688028097,3,3,9
4180,1791,4268,0.0,0.009999999776482582,1.009362816810608,0.0013375452253967524,1.3375451999309007e-05,3,2,6
4181,4887,5105,0.5,0.5049999952316284,3.572172164916992,0.3674531579017639,0.1855638474225998,5,4,20
4182,1792,5105,0.0,0.009999999776482582,1.8885937929153442,0.1269419640302658,0.0012694195611402392,3,2,6
4183,1792,4485,0.0,0.009999999776482582,7.152796268463135,0.8789709210395813,0.008789708837866783,3,8,24
4184,1793,4608,0.0,0.009999999776482582,2.0937724113464355,0.15625320374965668,0.0015625320374965668,3,3,9
4185,1793,4645,0.0,0.009999999776482582,2.0937724113464355,0.15625320374965668,0.0015625320374965668,3,3,9
4186,4645,4887,0.0,0.009999999776482582,3.572172164916992,0.3674531579017639,0.003674531588330865,3,4,12
4187,5104,5105,0.0,0.009999999776482582,3.2967443466186523,0.3281063437461853,0.00328106340020895,3,4,12
4188,4608,5104,0.0,0.009999999776482582,3.2967443466186523,0.3281063437461853,0.00328106340020895,3,4,12
4189,4645,5105,0.0,0.009999999776482582,1.868069052696228,0.1240098625421524,0.0012400986161082983,3,2,6
4190,4608,5105,0.5,0.5049999952316284,1.974765419960022,0.1392522007226944,0.07032235711812973,5,2,10
4191,4488,5104,0.0,0.009999999776482582,3.2967443466186523,0.3281063437461853,0.00328106340020895,3,4,12
4192,5105,5106,0.0,0.009999999776482582,3.1536693572998047,0.3076670467853546,0.0030766704585403204,3,4,12
4193,1794,5105,0.0,0.009999999776482582,1.5531651973724365,0.07902359962463379,0.0007902359939180315,3,2,6
4194,1794,4608,0.0,0.009999999776482582,1.974765419960022,0.1392522007226944,0.0013925220118835568,3,2,6
4195,1795,1796,0.0,0.009999999776482582,1.2250993251800537,0.0321570448577404,0.0003215704346075654,3,2,6
4196,1796,1797,0.0,0.009999999776482582,1.2250993251800537,0.0321570448577404,0.0003215704346075654,3,2,6
4197,1797,4489,0.0,0.009999999776482582,1.511202096939087,0.07302886992692947,0.0007302886806428432,3,2,6
4198,1798,3755,0.0,0.009999999776482582,5.155153751373291,0.593593418598175,0.005935933906584978,3,6,18
4199,1798,4214,0.0,0.009999999776482582,2.717725992202759,0.2453894317150116,0.002453894354403019,3,3,9
4200,4214,4281,0.0,0.009999999776482582,3.188786745071411,0.3126838207244873,0.003126838244497776,3,4,12
4201,3755,4214,0.0,0.009999999776482582,5.155153751373291,0.593593418598175,0.005935933906584978,3,6,18
4202,1799,4214,0.0,0.009999999776482582,2.717725992202759,0.2453894317150116,0.002453894354403019,3,3,9
4203,1799,4281,0.0,0.009999999776482582,3.188786745071411,0.3126838207244873,0.003126838244497776,3,4,12
4204,4281,5107,0.0,0.009999999776482582,3.4954710006713867,0.35649585723876953,0.0035649584606289864,3,4,12
4205,4371,5107,0.0,0.009999999776482582,3.4954710006713867,0.35649585723876953,0.0035649584606289864,3,4,12
4206,4281,4371,0.0,0.009999999776482582,3.188786745071411,0.3126838207244873,0.003126838244497776,3,4,12
4207,1800,4281,0.0,0.009999999776482582,4.114640235900879,0.44494861364364624,0.004449486266821623,3,5,15
4208,1800,4209,0.0,0.009999999776482582,4.114640235900879,0.44494861364364624,0.004449486266821623,3,5,15
4209,3755,4209,0.0,0.009999999776482582,5.155153751373291,0.593593418598175,0.005935933906584978,3,6,18
4210,4366,4925,0.9999998807907104,0.9999998807907104,5.5763702392578125,0.6537671685218811,0.6537671089172363,5,6,30
4211,4107,4366,0.0,0.009999999776482582,1.5398585796356201,0.07712265104055405,0.0007712264778092504,3,2,6
4212,4107,4925,0.5,0.5049999952316284,5.5763702392578125,0.6537671685218811,0.3301524221897125,5,6,30
4213,4365,4366,0.0,0.009999999776482582,2.3881235122680664,0.19830335676670074,0.0019830334931612015,3,3,9
4214,4365,4925,0.0,0.009999999776482582,5.5763702392578125,0.6537671685218811,0.0065376716665923595,3,6,18
4215,1801,4366,0.0,0.009999999776482582,2.6343865394592285,0.23348379135131836,0.0023348378017544746,3,3,9
4216,1801,4925,0.0,0.009999999776482582,5.5763702392578125,0.6537671685218811,0.0065376716665923595,3,6,18
4217,1802,4028,0.0,0.009999999776482582,1.5757321119308472,0.08224744349718094,0.0008224744233302772,3,2,6
4218,1802,1803,0.0,0.009999999776482582,1.3864139318466187,0.05520198866724968,0.000552019861061126,3,2,6
4219,1803,4028,0.0,0.009999999776482582,1.5757321119308472,0.08224744349718094,0.0008224744233302772,3,2,6
4220,3333,3542,0.0,0.009999999776482582,1.03590989112854,0.005129984579980373,5.129984492668882e-05,3,2,6
4221,1804,3333,0.0,0.009999999776482582,1.5327212810516357,0.07610303908586502,0.0007610303582623601,3,2,6
4222,1804,3566,0.0,0.009999999776482582,2.314941883087158,0.18784883618354797,0.0018784883432090282,3,3,9
4223,3566,4493,0.0,0.009999999776482582,2.314941883087158,0.18784883618354797,0.0018784883432090282,3,3,9
4224,3334,3926,0.0,0.009999999776482582,3.102898120880127,0.3004140257835388,0.003004140220582485,3,4,12
4225,3334,4036,0.0,0.009999999776482582,2.024644136428833,0.14637772738933563,0.0014637772692367435,3,3,9
4226,4036,4437,0.0,0.009999999776482582,6.992038726806641,0.8560055494308472,0.008560054935514927,3,7,21
4227,3926,4036,0.0,0.009999999776482582,3.102898120880127,0.3004140257835388,0.003004140220582485,3,4,12
4228,3335,4036,0.0,0.009999999776482582,2.024644136428833,0.14637772738933563,0.0014637772692367435,3,3,9
4229,3335,4837,0.0,0.009999999776482582,1.3365005254745483,0.04807150363922119,0.00048071503988467157,3,2,6
4230,4254,4837,0.0,0.009999999776482582,1.5769259929656982,0.08241800218820572,0.0008241800242103636,3,2,6
4231,1805,4254,0.0,0.009999999776482582,1.5769259929656982,0.08241800218820572,0.0008241800242103636,3,2,6
4232,1805,4494,0.0,0.009999999776482582,1.1351635456085205,0.01930907741189003,0.0001930907747009769,3,2,6
4233,1806,1807,0.0,0.009999999776482582,1.2616227865219116,0.03737468272447586,0.0003737468214239925,3,2,6
4234,1807,1808,0.0,0.009999999776482582,1.279602289199829,0.039943184703588486,0.0003994318249169737,3,2,6
4235,1808,1809,0.0,0.009999999776482582,1.4539554119110107,0.06485076993703842,0.0006485076737590134,3,2,6
4236,1809,1810,0.0,0.009999999776482582,2.281522750854492,0.1830746829509735,0.0018307467689737678,3,3,9
4237,1810,3812,0.0,0.009999999776482582,2.281522750854492,0.1830746829509735,0.0018307467689737678,3,3,9
4238,1811,3458,0.0,0.009999999776482582,4.615525722503662,0.5165036916732788,0.005165036767721176,3,5,15
4239,1811,1812,0.0,0.009999999776482582,2.024717092514038,0.14638815820217133,0.0014638815773651004,3,3,9
4240,1812,3458,0.0,0.009999999776482582,4.615525722503662,0.5165036916732788,0.005165036767721176,3,5,15
4241,1813,3569,0.0,0.009999999776482582,2.626260757446289,0.23232296109199524,0.0023232295643538237,3,3,9
4242,1813,1814,0.0,0.009999999776482582,2.626260757446289,0.23232296109199524,0.0023232295643538237,3,3,9
4243,1814,3458,0.0,0.009999999776482582,4.615525722503662,0.5165036916732788,0.005165036767721176,3,5,15
4244,3468,4571,0.0,0.009999999776482582,2.50763201713562,0.21537600457668304,0.002153760055080056,3,3,9
4245,4433,4571,0.0,0.009999999776482582,2.198894739151001,0.1712706834077835,0.0017127067549154162,3,3,9
4246,3584,5118,0.9999998807907104,0.9999998807907104,4.516549587249756,0.5023642182350159,0.5023641586303711,5,5,25
4247,1815,5035,0.0,0.009999999776482582,2.8789939880371094,0.26842769980430603,0.002684277016669512,3,3,9
4248,1815,4498,0.0,0.009999999776482582,1.315285325050354,0.045040760189294815,0.0004504075914155692,3,2,6
4249,4018,4498,0.0,0.009999999776482582,1.8027141094207764,0.1146734431385994,0.0011467344593256712,3,2,6
4250,3794,5110,0.5,0.5049999952316284,7.308557033538818,0.9012224078178406,0.4551173150539398,5,8,40
4251,4499,5110,0.0,0.009999999776482582,1.4926456212997437,0.07037794589996338,0.0007037794566713274,3,2,6
4252,3794,4499,0.5,0.5049999952316284,7.308557033538818,0.9012224078178406,0.4551173150539398,5,8,40
4253,3457,4499,0.0,0.009999999776482582,2.7146103382110596,0.24494433403015137,0.002449443330988288,3,3,9
4254,1816,4499,0.0,0.009999999776482582,1.4213130474090576,0.060187578201293945,0.0006018757703714073,3,2,6
4255,1816,3794,0.0,0.009999999776482582,7.308557033538818,0.9012224078178406,0.009012224152684212,3,8,24
4256,4121,5112,0.0,0.009999999776482582,1.8563923835754395,0.12234176695346832,0.0012234176974743605,3,2,6
4257,4630,5112,0.0,0.009999999776482582,1.3768982887268066,0.053842611610889435,0.0005384261021390557,3,2,6
4258,4121,4630,0.5,0.5049999952316284,1.8563923835754395,0.12234176695346832,0.0617825910449028,5,2,10
4259,4121,4639,0.5,0.5049999952316284,1.8563923835754395,0.12234176695346832,0.0617825910449028,5,2,10
4260,4639,5111,0.0,0.009999999776482582,1.1890809535980225,0.027011564001441002,0.00027011564816348255,3,2,6
4261,4121,5111,0.5,0.5049999952316284,1.8563923835754395,0.12234176695346832,0.0617825910449028,5,2,10
4262,4630,5111,0.0,0.009999999776482582,1.180602788925171,0.025800397619605064,0.000258003972703591,3,2,6
4263,4639,5112,0.0,0.009999999776482582,1.3768982887268066,0.053842611610889435,0.0005384261021390557,3,2,6
4264,1817,5113,0.0,0.009999999776482582,1.514992594718933,0.0735703706741333,0.0007357036811299622,3,2,6
4265,1817,4161,0.0,0.009999999776482582,1.25810968875885,0.03687281161546707,0.00036872809869237244,3,2,6
4266,4161,5113,0.0,0.009999999776482582,1.514992594718933,0.0735703706741333,0.0007357036811299622,3,2,6
4267,1818,5113,0.0,0.009999999776482582,2.0081400871276855,0.14402000606060028,0.0014402000233530998,3,3,9
4268,1818,1819,0.0,0.009999999776482582,2.0081400871276855,0.14402000606060028,0.0014402000233530998,3,3,9
4269,1819,1820,0.0,0.009999999776482582,1.5814379453659058,0.0830625668168068,0.0008306256495416164,3,2,6
4270,1820,3777,0.0,0.009999999776482582,7.127651214599609,0.8753787279129028,0.00875378679484129,3,8,24
4271,1821,5113,0.0,0.009999999776482582,1.514992594718933,0.0735703706741333,0.0007357036811299622,3,2,6
4272,1821,3336,0.0,0.009999999776482582,1.4081588983535767,0.05830841511487961,0.0005830841255374253,3,2,6
4273,3336,5113,0.0,0.009999999776482582,1.514992594718933,0.0735703706741333,0.0007357036811299622,3,2,6
4274,1822,5113,0.0,0.009999999776482582,3.3296284675598145,0.3328040540218353,0.003328040475025773,3,4,12
4275,1822,3337,0.0,0.009999999776482582,3.3296284675598145,0.3328040540218353,0.003328040475025773,3,4,12
4276,1823,3337,0.0,0.009999999776482582,1.3491849899291992,0.04988357052206993,0.0004988356959074736,3,2,6
4277,1823,1824,0.0,0.009999999776482582,1.3491849899291992,0.04988357052206993,0.0004988356959074736,3,2,6
4278,1824,4161,0.0,0.009999999776482582,1.340261459350586,0.04860877990722656,0.00048608778160996735,3,2,6
4279,1825,4161,0.0,0.009999999776482582,2.2392783164978027,0.1770397573709488,0.001770397531799972,3,3,9
4280,1825,5113,0.0,0.009999999776482582,2.2392783164978027,0.1770397573709488,0.001770397531799972,3,3,9
4281,1826,1827,0.0,0.009999999776482582,1.849060297012329,0.12129432708024979,0.001212943228892982,3,2,6
4282,1827,4438,0.0,0.009999999776482582,1.849060297012329,0.12129432708024979,0.001212943228892982,3,2,6
4283,1828,4438,0.0,0.009999999776482582,1.8981537818908691,0.12830768525600433,0.001283076824620366,3,2,6
4284,1828,5115,0.0,0.009999999776482582,1.8981537818908691,0.12830768525600433,0.001283076824620366,3,2,6
4285,4806,5115,0.0,0.009999999776482582,2.503225326538086,0.21474647521972656,0.002147464780136943,3,3,9
4286,4806,5114,0.0,0.009999999776482582,2.503225326538086,0.21474647521972656,0.002147464780136943,3,3,9
4287,4438,5114,0.0,0.009999999776482582,1.8069360256195068,0.11527657508850098,0.001152765704318881,3,2,6
4288,4438,4608,0.5,0.5049999952316284,1.974765419960022,0.1392522007226944,0.07032235711812973,5,2,10
4289,1829,4806,0.0,0.009999999776482582,2.503225326538086,0.21474647521972656,0.002147464780136943,3,3,9
4290,1829,4438,0.0,0.009999999776482582,1.6608166694641113,0.09440238028764725,0.0009440237772651017,3,2,6
4291,4608,5115,0.0,0.009999999776482582,1.974765419960022,0.1392522007226944,0.0013925220118835568,3,2,6
4292,1830,5115,0.0,0.009999999776482582,2.0865695476531982,0.15522421896457672,0.0015522422036156058,3,3,9
4293,1830,4806,0.0,0.009999999776482582,2.503225326538086,0.21474647521972656,0.002147464780136943,3,3,9
4294,3707,3974,0.0,0.009999999776482582,6.832657337188721,0.8332367539405823,0.008332367055118084,3,7,21
4295,3707,4455,0.0,0.009999999776482582,1.9846752882003784,0.1406679004430771,0.001406678929924965,3,2,6
4296,4403,4455,0.0,0.009999999776482582,1.9585022926330566,0.13692890107631683,0.0013692890061065555,3,2,6
4297,4403,4681,0.0,0.009999999776482582,1.5713387727737427,0.08161982148885727,0.0008161981822922826,3,2,6
4298,3696,4681,0.0,0.009999999776482582,1.987834095954895,0.14111915230751038,0.0014111915370449424,3,2,6
4299,3696,4403,0.5,0.5049999952316284,1.987834095954895,0.14111915230751038,0.07126516848802567,5,2,10
4300,4403,4504,0.0,0.009999999776482582,1.980488896369934,0.140069842338562,0.0014006984420120716,3,2,6
4301,4504,4647,0.0,0.009999999776482582,1.9854936599731445,0.14078481495380402,0.0014078480890020728,3,2,6
4302,3696,4647,0.0,0.009999999776482582,1.987834095954895,0.14111915230751038,0.0014111915370449424,3,2,6
4303,4115,4887,0.9999998807907104,0.9999998807907104,3.572172164916992,0.3674531579017639,0.36745312809944153,5,4,20
4304,1831,4115,0.0,0.009999999776482582,1.4364843368530273,0.06235490366816521,0.0006235490436665714,3,2,6
4305,1831,4887,0.0,0.009999999776482582,3.572172164916992,0.3674531579017639,0.003674531588330865,3,4,12
4306,1832,4115,0.0,0.009999999776482582,1.3642741441726685,0.052039165049791336,0.0005203916225582361,3,2,6
4307,1832,1833,0.0,0.009999999776482582,1.2696408033370972,0.03852011635899544,0.0003852011577691883,3,2,6
4308,1833,4887,0.0,0.009999999776482582,3.572172164916992,0.3674531579017639,0.003674531588330865,3,4,12
4309,1834,4115,0.0,0.009999999776482582,1.3642741441726685,0.052039165049791336,0.0005203916225582361,3,2,6
4310,1834,1835,0.0,0.009999999776482582,1.4481955766677856,0.06402794271707535,0.0006402794388122857,3,2,6
4311,1835,4887,0.0,0.009999999776482582,3.572172164916992,0.3674531579017639,0.003674531588330865,3,4,12
4312,1836,4115,0.0,0.009999999776482582,1.4437199831008911,0.06338857114315033,0.0006338856765069067,3,2,6
4313,1836,4887,0.0,0.009999999776482582,3.572172164916992,0.3674531579017639,0.003674531588330865,3,4,12
4314,1837,5116,0.0,0.009999999776482582,1.6232657432556152,0.08903796225786209,0.0008903795969672501,3,2,6
4315,1837,1838,0.0,0.009999999776482582,2.6718201637268066,0.23883144557476044,0.0023883143439888954,3,3,9
4316,1838,4912,0.0,0.009999999776482582,2.6718201637268066,0.23883144557476044,0.0023883143439888954,3,3,9
4317,1839,4912,0.0,0.009999999776482582,1.8069857358932495,0.11528367549180984,0.0011528367176651955,3,2,6
4318,1839,5117,0.0,0.009999999776482582,1.8069857358932495,0.11528367549180984,0.0011528367176651955,3,2,6
4319,1840,5117,0.0,0.009999999776482582,1.4051988124847412,0.0578855462372303,0.0005788554553873837,3,2,6
4320,1840,1841,0.0,0.009999999776482582,1.4907493591308594,0.07010705024003983,0.0007010704721324146,3,2,6
4321,1841,1842,0.0,0.009999999776482582,1.4907493591308594,0.07010705024003983,0.0007010704721324146,3,2,6
4322,1842,5116,0.0,0.009999999776482582,1.5387611389160156,0.07696587592363358,0.0007696587708778679,3,2,6
4323,1843,5116,0.0,0.009999999776482582,1.5387611389160156,0.07696587592363358,0.0007696587708778679,3,2,6
4324,1843,5117,0.0,0.009999999776482582,1.4051988124847412,0.0578855462372303,0.0005788554553873837,3,2,6
4325,3338,5117,0.0,0.009999999776482582,1.4051988124847412,0.0578855462372303,0.0005788554553873837,3,2,6
4326,3338,5116,0.0,0.009999999776482582,1.5387611389160156,0.07696587592363358,0.0007696587708778679,3,2,6
4327,5116,5117,0.0,0.009999999776482582,1.5387611389160156,0.07696587592363358,0.0007696587708778679,3,2,6
4328,1844,5117,0.0,0.009999999776482582,2.0153355598449707,0.14504793286323547,0.0014504792634397745,3,3,9
4329,1844,4912,0.0,0.009999999776482582,2.0153355598449707,0.14504793286323547,0.0014504792634397745,3,3,9
4330,1845,5116,0.0,0.009999999776482582,2.3511762619018555,0.19302518665790558,0.0019302518339827657,3,3,9
4331,1845,1846,0.0,0.009999999776482582,2.3511762619018555,0.19302518665790558,0.0019302518339827657,3,3,9
4332,1846,1847,0.0,0.009999999776482582,3.293890953063965,0.3276987075805664,0.003276987001299858,3,4,12
4333,1848,4443,0.0,0.009999999776482582,1.418543815612793,0.05979197472333908,0.0005979197449050844,3,2,6
4334,4443,5113,0.0,0.009999999776482582,1.514992594718933,0.0735703706741333,0.0007357036811299622,3,2,6
4335,3610,4503,0.5,0.5049999952316284,1.3266900777816772,0.046670012176036835,0.023568356409668922,5,2,10
4336,4443,4503,0.5,0.5049999952316284,1.2431254386901855,0.03473220393061638,0.01753976196050644,5,2,10
4337,4442,4443,0.0,0.009999999776482582,1.2431254386901855,0.03473220393061638,0.0003473220276646316,3,2,6
4338,4442,4803,0.0,0.009999999776482582,1.1323506832122803,0.01890723966062069,0.00018907239427790046,3,2,6
4339,3610,4803,0.9999998807907104,0.9999998807907104,1.3266900777816772,0.046670012176036835,0.046670008450746536,5,2,10
4340,3777,4443,0.5,0.5049999952316284,7.127651214599609,0.8753787279129028,0.4420662522315979,5,8,40
4341,4803,5113,0.0,0.009999999776482582,1.514992594718933,0.0735703706741333,0.0007357036811299622,3,2,6
4342,4503,4803,0.9999998807907104,0.9999998807907104,1.1616727113723755,0.023096101358532906,0.023096099495887756,5,2,10
4343,3339,4803,0.0,0.009999999776482582,1.380778193473816,0.05439688637852669,0.0005439688684418797,3,2,6
4344,3339,4443,0.0,0.009999999776482582,1.380778193473816,0.05439688637852669,0.0005439688684418797,3,2,6
4345,3777,4803,0.5,0.5049999952316284,7.127651214599609,0.8753787279129028,0.4420662522315979,5,8,40
4346,1849,4803,0.0,0.009999999776482582,2.2716073989868164,0.18165819346904755,0.0018165819346904755,3,3,9
4347,1849,4303,0.0,0.009999999776482582,2.2716073989868164,0.18165819346904755,0.0018165819346904755,3,3,9
4348,3610,4303,0.0,0.009999999776482582,1.3266900777816772,0.046670012176036835,0.0004667001194320619,3,2,6
4349,3610,4443,0.5,0.5049999952316284,1.3266900777816772,0.046670012176036835,0.023568356409668922,5,2,10
4350,4443,4803,0.5,0.5049999952316284,1.2431254386901855,0.03473220393061638,0.01753976196050644,5,2,10
4351,4503,4813,0.0,0.009999999776482582,3.6698625087738037,0.3814089298248291,0.003814089111983776,3,4,12
4352,4161,4443,0.0,0.009999999776482582,1.25810968875885,0.03687281161546707,0.00036872809869237244,3,2,6
4353,4161,4442,0.0,0.009999999776482582,1.25810968875885,0.03687281161546707,0.00036872809869237244,3,2,6
4354,3777,4442,0.0,0.009999999776482582,7.127651214599609,0.8753787279129028,0.00875378679484129,3,8,24
4355,4303,4443,0.0,0.009999999776482582,1.2431254386901855,0.03473220393061638,0.0003473220276646316,3,2,6
4356,4303,4803,0.0,0.009999999776482582,1.1316591501235962,0.018808450549840927,0.00018808450840879232,3,2,6
4357,4161,4503,0.0,0.009999999776482582,1.25810968875885,0.03687281161546707,0.00036872809869237244,3,2,6
4358,4161,4303,0.0,0.009999999776482582,1.25810968875885,0.03687281161546707,0.00036872809869237244,3,2,6
4359,3477,4303,0.0,0.009999999776482582,7.005972385406494,0.8579960465431213,0.008579960092902184,3,8,24
4360,3339,3477,0.0,0.009999999776482582,7.005972385406494,0.8579960465431213,0.008579960092902184,3,8,24
4361,3339,4442,0.0,0.009999999776482582,1.380778193473816,0.05439688637852669,0.0005439688684418797,3,2,6
4362,3477,4442,0.0,0.009999999776482582,7.005972385406494,0.8579960465431213,0.008579960092902184,3,8,24
4363,1850,1851,0.0,0.009999999776482582,5.398088455200195,0.6282983422279358,0.006282983347773552,3,6,18
4364,1851,4658,0.0,0.009999999776482582,5.398088455200195,0.6282983422279358,0.006282983347773552,3,6,18
4365,1852,4658,0.0,0.009999999776482582,1.3157891035079956,0.0451127290725708,0.0004511272709351033,3,2,6
4366,1852,1853,0.0,0.009999999776482582,2.2442374229431152,0.1777482032775879,0.0017774819862097502,3,3,9
4367,1853,4381,0.0,0.009999999776482582,5.5192413330078125,0.6456059217453003,0.0064560589380562305,3,6,18
4368,1854,4381,0.0,0.009999999776482582,5.5192413330078125,0.6456059217453003,0.0064560589380562305,3,6,18
4369,1854,3734,0.0,0.009999999776482582,2.8910624980926514,0.2701517939567566,0.002701517893001437,3,3,9
4370,3734,4381,0.0,0.009999999776482582,5.5192413330078125,0.6456059217453003,0.0064560589380562305,3,6,18
4371,1855,4381,0.0,0.009999999776482582,5.5192413330078125,0.6456059217453003,0.0064560589380562305,3,6,18
4372,1855,4449,0.0,0.009999999776482582,1.6250476837158203,0.08929252624511719,0.0008929252508096397,3,2,6
4373,4381,4449,0.5,0.5049999952316284,5.5192413330078125,0.6456059217453003,0.32603099942207336,5,6,30
4374,4381,4477,0.0,0.009999999776482582,5.5192413330078125,0.6456059217453003,0.0064560589380562305,3,6,18
4375,4477,4507,0.0,0.009999999776482582,2.345830202102661,0.1922614574432373,0.0019226145232096314,3,3,9
4376,4254,4507,0.0,0.009999999776482582,2.345830202102661,0.1922614574432373,0.0019226145232096314,3,3,9
4377,4254,4449,0.0,0.009999999776482582,1.6250476837158203,0.08929252624511719,0.0008929252508096397,3,2,6
4378,1856,4508,0.0,0.009999999776482582,3.51578426361084,0.3593977391719818,0.0035939773079007864,3,4,12
4379,1856,1857,0.0,0.009999999776482582,2.750774621963501,0.2501106560230255,0.0025011065881699324,3,3,9
4380,1857,4508,0.0,0.009999999776482582,3.51578426361084,0.3593977391719818,0.0035939773079007864,3,4,12
4381,1858,4508,0.0,0.009999999776482582,3.51578426361084,0.3593977391719818,0.0035939773079007864,3,4,12
4382,1858,1859,0.0,0.009999999776482582,1.1080595254898071,0.015437074936926365,0.00015437074762303382,3,2,6
4383,1859,4075,0.0,0.009999999776482582,3.440966844558716,0.3487095534801483,0.003487095469608903,3,4,12
4384,3584,4426,0.9999998807907104,0.9999998807907104,4.516549587249756,0.5023642182350159,0.5023641586303711,5,5,25
4385,4426,5118,0.0,0.009999999776482582,1.9115796089172363,0.13022565841674805,0.001302256598137319,3,2,6
4386,1860,3816,0.0,0.009999999776482582,6.981029510498047,0.8544327616691589,0.008544327691197395,3,7,21
4387,1860,3531,0.0,0.009999999776482582,1.276080846786499,0.03944012150168419,0.00039440119871869683,3,2,6
4388,3531,5120,0.0,0.009999999776482582,1.276080846786499,0.03944012150168419,0.00039440119871869683,3,2,6
4389,1861,5120,0.0,0.009999999776482582,1.1149492263793945,0.01642131805419922,0.00016421318287029862,3,2,6
4390,1861,3341,0.0,0.009999999776482582,1.4487849473953247,0.06411213427782059,0.0006411213544197381,3,2,6
4391,3341,5119,0.0,0.009999999776482582,1.5224158763885498,0.07463084161281586,0.000746308418456465,3,2,6
4392,3816,5119,0.0,0.009999999776482582,6.981029510498047,0.8544327616691589,0.008544327691197395,3,7,21
4393,3341,3816,0.0,0.009999999776482582,6.981029510498047,0.8544327616691589,0.008544327691197395,3,7,21
4394,3341,5120,0.0,0.009999999776482582,1.4487849473953247,0.06411213427782059,0.0006411213544197381,3,2,6
4395,3340,3531,0.0,0.009999999776482582,1.7567158937454224,0.10810226947069168,0.0010810226667672396,3,2,6
4396,3340,3816,0.0,0.009999999776482582,6.981029510498047,0.8544327616691589,0.008544327691197395,3,7,21
4397,1862,5119,0.0,0.009999999776482582,1.5224158763885498,0.07463084161281586,0.000746308418456465,3,2,6
4398,1863,3695,0.0,0.009999999776482582,1.6349225044250488,0.09070321172475815,0.0009070321102626622,3,2,6
4399,1863,5121,0.0,0.009999999776482582,2.145153045654297,0.16359329223632812,0.0016359328292310238,3,3,9
4400,4295,5121,0.0,0.009999999776482582,6.226338863372803,0.7466198205947876,0.007466197945177555,3,7,21
4401,4370,5121,0.0,0.009999999776482582,6.9086713790893555,0.8440958857536316,0.008440958335995674,3,7,21
4402,3489,5121,0.0,0.009999999776482582,2.7842164039611816,0.25488805770874023,0.002548880409449339,3,3,9
4403,3489,3815,0.0,0.009999999776482582,5.925902366638184,0.7037003636360168,0.0070370035246014595,3,6,18
4404,3777,4510,0.0,0.009999999776482582,7.127651214599609,0.8753787279129028,0.00875378679484129,3,8,24
4405,3934,4510,0.0,0.009999999776482582,1.9613778591156006,0.13733969628810883,0.0013733969535678625,3,2,6
4406,1864,3934,0.0,0.009999999776482582,1.5001474618911743,0.0714496374130249,0.0007144963601604104,3,2,6
4407,3755,4814,0.0,0.009999999776482582,5.155153751373291,0.593593418598175,0.005935933906584978,3,6,18
4408,4012,4814,0.0,0.009999999776482582,2.829587936401367,0.2613697052001953,0.0026136969681829214,3,3,9
4409,1865,3457,0.0,0.009999999776482582,2.7146103382110596,0.24494433403015137,0.002449443330988288,3,3,9
4410,1865,1866,0.0,0.009999999776482582,3.6757307052612305,0.3822472393512726,0.0038224724121391773,3,4,12
4411,1866,1867,0.0,0.009999999776482582,3.6757307052612305,0.3822472393512726,0.0038224724121391773,3,4,12
4412,1867,3954,0.0,0.009999999776482582,3.0294668674468994,0.28992384672164917,0.0028992383740842342,3,4,12
4413,1868,3779,0.0,0.009999999776482582,2.6623306274414062,0.23747579753398895,0.0023747580125927925,3,3,9
4414,1868,4804,0.0,0.009999999776482582,1.0017859935760498,0.00025514193112030625,2.5514193566777976e-06,3,2,6
4415,3779,4804,0.0,0.009999999776482582,2.6623306274414062,0.23747579753398895,0.0023747580125927925,3,3,9
4416,3593,4511,0.0,0.009999999776482582,7.000628471374512,0.8572326302528381,0.00857232604175806,3,8,24
4417,4468,4511,0.0,0.009999999776482582,1.85489022731781,0.12212717533111572,0.0012212716974318027,3,2,6
4418,4001,4468,0.0,0.009999999776482582,3.1007909774780273,0.3001129925251007,0.0030011299531906843,3,4,12
4419,3893,4386,0.0,0.009999999776482582,3.4882583618164062,0.35546547174453735,0.0035546545404940844,3,4,12
4420,4386,4388,0.0,0.009999999776482582,3.0544168949127197,0.29348811507225037,0.002934881020337343,3,4,12
4421,4388,4467,0.0,0.009999999776482582,3.090301513671875,0.298614501953125,0.0029861449729651213,3,4,12
4422,3859,3953,0.5,0.5049999952316284,3.4274280071258545,0.34677544236183167,0.17512159049510956,5,4,20
4423,3590,4467,0.0,0.009999999776482582,3.090301513671875,0.298614501953125,0.0029861449729651213,3,4,12
4424,3953,4386,0.0,0.009999999776482582,3.4274280071258545,0.34677544236183167,0.0034677544608712196,3,4,12
4425,4386,4387,0.0,0.009999999776482582,3.0544168949127197,0.29348811507225037,0.002934881020337343,3,4,12
4426,3893,4387,0.0,0.009999999776482582,3.4882583618164062,0.35546547174453735,0.0035546545404940844,3,4,12
4427,3859,4388,0.0,0.009999999776482582,2.9153432846069336,0.27362045645713806,0.0027362045366317034,3,3,9
4428,3893,4388,0.0,0.009999999776482582,3.4882583618164062,0.35546547174453735,0.0035546545404940844,3,4,12
4429,3642,3893,0.0,0.009999999776482582,3.4882583618164062,0.35546547174453735,0.0035546545404940844,3,4,12
4430,3642,4110,0.0,0.009999999776482582,2.3054416179656982,0.18649165332317352,0.0018649165285751224,3,3,9
4431,3685,4110,0.0,0.009999999776482582,5.417384147644043,0.6310548782348633,0.006310548633337021,3,6,18
4432,3685,4557,0.0,0.009999999776482582,5.417384147644043,0.6310548782348633,0.006310548633337021,3,6,18
4433,4514,4557,0.0,0.009999999776482582,2.359130859375,0.1941615492105484,0.0019416154827922583,3,3,9
4434,1869,4514,0.0,0.009999999776482582,1.8339377641677856,0.11913396418094635,0.0011913395719602704,3,2,6
4435,1869,1870,0.0,0.009999999776482582,1.8339377641677856,0.11913396418094635,0.0011913395719602704,3,2,6
4436,1870,4083,0.0,0.009999999776482582,2.7500343322753906,0.25000491738319397,0.0025000490713864565,3,3,9
4437,3594,4300,0.0,0.009999999776482582,2.6565396785736084,0.2366485297679901,0.002366485306993127,3,3,9
4438,1871,4300,0.0,0.009999999776482582,3.62190580368042,0.3745579719543457,0.0037455796264111996,3,4,12
4439,1871,4295,0.0,0.009999999776482582,6.226338863372803,0.7466198205947876,0.007466197945177555,3,7,21
4440,1872,4295,0.0,0.009999999776482582,6.226338863372803,0.7466198205947876,0.007466197945177555,3,7,21
4441,1872,4299,0.0,0.009999999776482582,1.7554328441619873,0.10791897773742676,0.0010791897075250745,3,2,6
4442,4295,4299,0.0,0.009999999776482582,6.226338863372803,0.7466198205947876,0.007466197945177555,3,7,21
4443,4295,4300,0.0,0.009999999776482582,6.226338863372803,0.7466198205947876,0.007466197945177555,3,7,21
4444,3555,4300,0.0,0.009999999776482582,2.6565396785736084,0.2366485297679901,0.002366485306993127,3,3,9
4445,3492,3555,0.0,0.009999999776482582,2.998826265335083,0.28554660081863403,0.002855465980246663,3,3,9
4446,1873,4295,0.0,0.009999999776482582,6.226338863372803,0.7466198205947876,0.007466197945177555,3,7,21
4447,1873,4300,0.0,0.009999999776482582,2.6565396785736084,0.2366485297679901,0.002366485306993127,3,3,9
4448,4250,4300,0.0,0.009999999776482582,2.6565396785736084,0.2366485297679901,0.002366485306993127,3,3,9
4449,1874,4250,0.0,0.009999999776482582,2.4637060165405273,0.2091008573770523,0.00209100847132504,3,3,9
4450,1874,4295,0.0,0.009999999776482582,6.226338863372803,0.7466198205947876,0.007466197945177555,3,7,21
4451,1875,5122,0.0,0.009999999776482582,2.265472173690796,0.18078173696994781,0.001807817374356091,3,3,9
4452,1875,5123,0.0,0.009999999776482582,2.265472173690796,0.18078173696994781,0.001807817374356091,3,3,9
4453,3493,5123,0.5,0.5049999952316284,5.357282638549805,0.6224689483642578,0.3143468201160431,5,6,30
4454,1876,3493,0.0,0.009999999776482582,5.357282638549805,0.6224689483642578,0.006224689539521933,3,6,18
4455,1876,5123,0.0,0.009999999776482582,2.066476583480835,0.15235379338264465,0.0015235379105433822,3,3,9
4456,3593,4223,0.0,0.009999999776482582,7.000628471374512,0.8572326302528381,0.00857232604175806,3,8,24
4457,4066,4223,0.0,0.009999999776482582,2.029174566268921,0.1470249444246292,0.0014702493790537119,3,3,9
4458,3593,4066,0.0,0.009999999776482582,7.000628471374512,0.8572326302528381,0.00857232604175806,3,8,24
4459,1877,3779,0.0,0.009999999776482582,2.6623306274414062,0.23747579753398895,0.0023747580125927925,3,3,9
4460,1877,4223,0.0,0.009999999776482582,2.029174566268921,0.1470249444246292,0.0014702493790537119,3,3,9
4461,3779,4792,0.0,0.009999999776482582,2.6623306274414062,0.23747579753398895,0.0023747580125927925,3,3,9
4462,1878,4792,0.0,0.009999999776482582,1.3073358535766602,0.043905120342969894,0.0004390511894598603,3,2,6
4463,1878,4381,0.0,0.009999999776482582,5.5192413330078125,0.6456059217453003,0.0064560589380562305,3,6,18
4464,1879,3708,0.0,0.009999999776482582,1.8495973348617554,0.12137104570865631,0.0012137104058638215,3,2,6
4465,1879,1880,0.0,0.009999999776482582,1.0226110219955444,0.003230145899578929,3.2301457395078614e-05,3,2,6
4466,1880,1881,0.0,0.009999999776482582,1.0470391511917114,0.006719878874719143,6.71987872919999e-05,3,2,6
4467,1881,3708,0.0,0.009999999776482582,1.8495973348617554,0.12137104570865631,0.0012137104058638215,3,2,6
4468,1882,5124,0.0,0.009999999776482582,1.4503158330917358,0.06433083117008209,0.0006433082744479179,3,2,6
4469,1882,1883,0.0,0.009999999776482582,1.219570517539978,0.031367216259241104,0.00031367214978672564,3,2,6
4470,1883,5124,0.0,0.009999999776482582,1.4503158330917358,0.06433083117008209,0.0006433082744479179,3,2,6
4471,1884,5124,0.0,0.009999999776482582,1.4503158330917358,0.06433083117008209,0.0006433082744479179,3,2,6
4472,1884,4815,0.0,0.009999999776482582,1.3640437126159668,0.05200624465942383,0.0005200624582357705,3,2,6
4473,3928,4815,0.0,0.009999999776482582,1.068423867225647,0.009774838574230671,9.774838690645993e-05,3,2,6
4474,3928,5124,0.0,0.009999999776482582,1.4503158330917358,0.06433083117008209,0.0006433082744479179,3,2,6
4475,1885,4130,0.0,0.009999999776482582,2.1362502574920654,0.16232146322727203,0.001623214571736753,3,3,9
4476,3342,4130,0.0,0.009999999776482582,1.5780267715454102,0.0825752541422844,0.000825752504169941,3,2,6
4477,3342,3632,0.5,0.5049999952316284,2.3406529426574707,0.19152185320854187,0.09671853482723236,5,3,15
4478,1886,4130,0.0,0.009999999776482582,1.2826576232910156,0.040379662066698074,0.00040379661368206143,3,2,6
4479,1886,3342,0.0,0.009999999776482582,1.5780267715454102,0.0825752541422844,0.000825752504169941,3,2,6
4480,1887,3632,0.0,0.009999999776482582,2.5304079055786133,0.21862970292568207,0.002186296973377466,3,3,9
4481,1887,4130,0.0,0.009999999776482582,2.5304079055786133,0.21862970292568207,0.002186296973377466,3,3,9
4482,3491,4393,0.0,0.009999999776482582,3.443525791168213,0.3490751087665558,0.0034907509107142687,3,4,12
4483,1888,4393,0.0,0.009999999776482582,3.443525791168213,0.3490751087665558,0.0034907509107142687,3,4,12
4484,1888,3955,0.0,0.009999999776482582,5.737250804901123,0.676750123500824,0.006767501123249531,3,6,18
4485,1889,3544,0.0,0.009999999776482582,4.730225086212158,0.5328893065452576,0.005328892730176449,3,5,15
4486,1889,1890,0.0,0.009999999776482582,4.730225086212158,0.5328893065452576,0.005328892730176449,3,5,15
4487,1890,3557,0.0,0.009999999776482582,1.884303092956543,0.12632901966571808,0.0012632901780307293,3,2,6
4488,3624,5125,0.0,0.009999999776482582,2.1477389335632324,0.1639627069234848,0.001639627036638558,3,3,9
4489,1891,5125,0.0,0.009999999776482582,2.1477389335632324,0.1639627069234848,0.001639627036638558,3,3,9
4490,3544,5125,0.0,0.009999999776482582,2.456693649291992,0.2080990970134735,0.002080990932881832,3,3,9
4491,1892,3966,0.0,0.009999999776482582,2.1509289741516113,0.16441842913627625,0.001644184230826795,3,3,9
4492,1892,1893,0.0,0.009999999776482582,2.463582992553711,0.20908328890800476,0.002090832917019725,3,3,9
4493,1893,4020,0.0,0.009999999776482582,3.0208048820495605,0.2886864244937897,0.002886864123865962,3,4,12
4494,4232,4520,0.0,0.009999999776482582,4.0323381423950195,0.4331911504268646,0.004331911448389292,3,5,15
4495,3553,4520,0.0,0.009999999776482582,2.586848735809326,0.22669267654418945,0.0022669266909360886,3,3,9
4496,4020,4190,0.0,0.009999999776482582,3.728917360305786,0.3898453414440155,0.0038984534330666065,3,4,12
4497,4437,4827,0.5,0.5049999952316284,6.992038726806641,0.8560055494308472,0.43228280544281006,5,7,35
4498,3706,4339,0.0,0.009999999776482582,1.5174643993377686,0.07392348349094391,0.0007392347906716168,3,2,6
4499,1894,4347,0.0,0.009999999776482582,1.5349974632263184,0.07642821222543716,0.000764282129239291,3,2,6
4500,1894,4695,0.0,0.009999999776482582,1.5925464630126953,0.08464949578046799,0.0008464949205517769,3,2,6
4501,1895,3561,0.0,0.009999999776482582,2.67909574508667,0.2398708164691925,0.002398708136752248,3,3,9
4502,1895,4419,0.0,0.009999999776482582,1.9966802597045898,0.1423828899860382,0.0014238288858905435,3,2,6
4503,1896,3561,0.0,0.009999999776482582,2.67909574508667,0.2398708164691925,0.002398708136752248,3,3,9
4504,1896,1897,0.0,0.009999999776482582,1.3457696437835693,0.04939566180109978,0.0004939566133543849,3,2,6
4505,1897,4381,0.0,0.009999999776482582,5.5192413330078125,0.6456059217453003,0.0064560589380562305,3,6,18
4506,4347,4419,0.0,0.009999999776482582,1.1036808490753174,0.01481155026704073,0.00014811550499871373,3,2,6
4507,1898,4075,0.0,0.009999999776482582,3.440966844558716,0.3487095534801483,0.003487095469608903,3,4,12
4508,1898,1899,0.0,0.009999999776482582,1.3544566631317139,0.050636667758226395,0.0005063666612841189,3,2,6
4509,1899,4075,0.0,0.009999999776482582,3.440966844558716,0.3487095534801483,0.003487095469608903,3,4,12
4510,1900,1901,0.0,0.009999999776482582,1.3924150466918945,0.05605929344892502,0.0005605929181911051,3,2,6
4511,1901,1902,0.0,0.009999999776482582,2.036536693572998,0.14807666838169098,0.0014807666884735227,3,3,9
4512,1902,1903,0.0,0.009999999776482582,2.036536693572998,0.14807666838169098,0.0014807666884735227,3,3,9
4513,1903,3586,0.0,0.009999999776482582,3.8044233322143555,0.4006319046020508,0.004006318747997284,3,4,12
4514,4524,4525,0.0,0.009999999776482582,1.7869898080825806,0.11242711544036865,0.0011242710752412677,3,2,6
4515,1904,4525,0.0,0.009999999776482582,1.7869898080825806,0.11242711544036865,0.0011242710752412677,3,2,6
4516,1904,1905,0.0,0.009999999776482582,1.0157655477523804,0.00225222110748291,2.2522210201714188e-05,3,2,6
4517,1905,4666,0.0,0.009999999776482582,1.0835297107696533,0.011932815425097942,0.00011932814959436655,3,2,6
4518,1906,3502,0.0,0.009999999776482582,1.676918387413025,0.09670262783765793,0.0009670262807048857,3,2,6
4519,1906,1907,0.0,0.009999999776482582,1.676918387413025,0.09670262783765793,0.0009670262807048857,3,2,6
4520,1907,1908,0.0,0.009999999776482582,1.1913378238677979,0.027333974838256836,0.00027333974139764905,3,2,6
4521,3673,3711,0.0,0.009999999776482582,2.7311463356018066,0.24730661511421204,0.002473066095262766,3,3,9
4522,1909,4437,0.0,0.009999999776482582,6.992038726806641,0.8560055494308472,0.008560054935514927,3,7,21
4523,1909,1910,0.0,0.009999999776482582,1.3950612545013428,0.05643732100725174,0.0005643732147291303,3,2,6
4524,1910,3507,0.0,0.009999999776482582,4.873459815979004,0.5533514022827148,0.005533514078706503,3,5,15
4525,1911,3477,0.0,0.009999999776482582,7.005972385406494,0.8579960465431213,0.008579960092902184,3,8,24
4526,1911,1912,0.0,0.009999999776482582,1.9439733028411865,0.134853333234787,0.0013485333183780313,3,2,6
4527,1912,3477,0.0,0.009999999776482582,7.005972385406494,0.8579960465431213,0.008579960092902184,3,8,24
4528,3343,3610,0.0,0.009999999776482582,1.3266900777816772,0.046670012176036835,0.0004667001194320619,3,2,6
4529,1913,3343,0.0,0.009999999776482582,1.0624189376831055,0.008916990831494331,8.916990918805823e-05,3,2,6
4530,1913,3344,0.0,0.009999999776482582,1.1448880434036255,0.020698292180895805,0.00020698292064480484,3,2,6
4531,3344,3729,0.0,0.009999999776482582,1.5071179866790771,0.07244542986154556,0.0007244542939588428,3,2,6
4532,1914,3729,0.0,0.009999999776482582,1.5071179866790771,0.07244542986154556,0.0007244542939588428,3,2,6
4533,1914,5127,0.0,0.009999999776482582,1.9228063821792603,0.13182948529720306,0.0013182947877794504,3,2,6
4534,3477,5127,0.0,0.009999999776482582,7.005972385406494,0.8579960465431213,0.008579960092902184,3,8,24
4535,1915,3812,0.0,0.009999999776482582,1.1276613473892212,0.018237335607409477,0.00018237334734294564,3,2,6
4536,1915,1916,0.0,0.009999999776482582,1.1851005554199219,0.026442935690283775,0.0002644293417688459,3,2,6
4537,1916,5126,0.0,0.009999999776482582,1.2430071830749512,0.03471531346440315,0.0003471531381364912,3,2,6
4538,3477,5126,0.0,0.009999999776482582,7.005972385406494,0.8579960465431213,0.008579960092902184,3,8,24
4539,1917,4350,0.0,0.009999999776482582,1.1910542249679565,0.027293460443615913,0.00027293458697386086,3,2,6
4540,1917,1918,0.0,0.009999999776482582,1.7840999364852905,0.1120142787694931,0.001120142755098641,3,2,6
4541,1918,3804,0.0,0.009999999776482582,1.7840999364852905,0.1120142787694931,0.001120142755098641,3,2,6
4542,1919,3804,0.0,0.009999999776482582,1.9637889862060547,0.13768413662910461,0.001376841333694756,3,2,6
4543,1919,5126,0.0,0.009999999776482582,1.9637889862060547,0.13768413662910461,0.001376841333694756,3,2,6
4544,3804,5126,0.0,0.009999999776482582,1.2430071830749512,0.03471531346440315,0.0003471531381364912,3,2,6
4545,1920,3610,0.0,0.009999999776482582,1.3266900777816772,0.046670012176036835,0.0004667001194320619,3,2,6
4546,1920,1921,0.0,0.009999999776482582,1.2042622566223145,0.029180321842432022,0.0002918032114394009,3,2,6
4547,1921,5127,0.0,0.009999999776482582,1.9228063821792603,0.13182948529720306,0.0013182947877794504,3,2,6
4548,1922,5127,0.0,0.009999999776482582,1.9228063821792603,0.13182948529720306,0.0013182947877794504,3,2,6
4549,1922,3344,0.0,0.009999999776482582,1.396320104598999,0.05661715939640999,0.0005661715986207128,3,2,6
4550,1923,3344,0.0,0.009999999776482582,1.2620019912719727,0.037428855895996094,0.00037428856012411416,3,2,6
4551,1923,3777,0.0,0.009999999776482582,7.127651214599609,0.8753787279129028,0.00875378679484129,3,8,24
4552,3777,5126,0.0,0.009999999776482582,7.127651214599609,0.8753787279129028,0.00875378679484129,3,8,24
4553,1924,5126,0.0,0.009999999776482582,1.7202165126800537,0.1028880700469017,0.0010288807097822428,3,2,6
4554,1924,3804,0.0,0.009999999776482582,1.7202165126800537,0.1028880700469017,0.0010288807097822428,3,2,6
4555,1925,4610,0.0,0.009999999776482582,4.059483528137207,0.4370690882205963,0.004370690789073706,3,5,15
4556,1925,1926,0.0,0.009999999776482582,2.8393235206604004,0.2627604901790619,0.0026276048738509417,3,3,9
4557,1926,4610,0.0,0.009999999776482582,4.059483528137207,0.4370690882205963,0.004370690789073706,3,5,15
4558,1927,3535,0.0,0.009999999776482582,4.752325534820557,0.5360465049743652,0.005360465031117201,3,5,15
4559,1927,1928,0.0,0.009999999776482582,2.159086227416992,0.1655837446451187,0.0016558374045416713,3,3,9
4560,1928,1929,0.0,0.009999999776482582,2.159086227416992,0.1655837446451187,0.0016558374045416713,3,3,9
4561,1929,4527,0.0,0.009999999776482582,1.578100323677063,0.08258575946092606,0.0008258575689978898,3,2,6
4562,1930,4519,0.0,0.009999999776482582,2.12650203704834,0.1609288603067398,0.0016092886216938496,3,3,9
4563,1930,1931,0.0,0.009999999776482582,2.0831823348999023,0.1547403335571289,0.0015474032843485475,3,3,9
4564,1931,1932,0.0,0.009999999776482582,1.2058826684951782,0.029411809518933296,0.00029411810101009905,3,2,6
4565,1932,4421,0.0,0.009999999776482582,1.9179977178573608,0.1311425268650055,0.0013114252360537648,3,2,6
4566,1933,4794,0.0,0.009999999776482582,1.4338433742523193,0.06197762489318848,0.0006197762559168041,3,2,6
4567,1933,1934,0.0,0.009999999776482582,2.2457475662231445,0.17796394228935242,0.001779639394953847,3,3,9
4568,1934,3762,0.0,0.009999999776482582,2.2457475662231445,0.17796394228935242,0.001779639394953847,3,3,9
4569,3653,3762,0.0,0.009999999776482582,4.234185695648193,0.46202653646469116,0.0046202652156353,3,5,15
4570,1935,4295,0.0,0.009999999776482582,6.226338863372803,0.7466198205947876,0.007466197945177555,3,7,21
4571,1935,1936,0.0,0.009999999776482582,3.101820468902588,0.300260066986084,0.003002600511536002,3,4,12
4572,1936,4794,0.0,0.009999999776482582,3.101820468902588,0.300260066986084,0.003002600511536002,3,4,12
4573,4530,5128,0.0,0.009999999776482582,2.8932487964630127,0.27046412229537964,0.00270464108325541,3,3,9
4574,1937,4530,0.0,0.009999999776482582,1.1218631267547607,0.01740901730954647,0.00017409016436431557,3,2,6
4575,1937,1938,0.0,0.009999999776482582,1.315812110900879,0.045116014778614044,0.00045116012915968895,3,2,6
4576,1938,5128,0.0,0.009999999776482582,2.8932487964630127,0.27046412229537964,0.00270464108325541,3,3,9
4577,4516,4721,0.0,0.009999999776482582,1.9991179704666138,0.14273114502429962,0.0014273114502429962,3,2,6
4578,3804,4516,0.5,0.5049999952316284,1.9961671829223633,0.14230959117412567,0.07186634093523026,5,2,10
4579,3804,4722,0.0,0.009999999776482582,1.9549205303192139,0.1364172250032425,0.0013641722034662962,3,2,6
4580,4504,4722,0.0,0.009999999776482582,1.980488896369934,0.140069842338562,0.0014006984420120716,3,2,6
4581,4375,4504,0.0,0.009999999776482582,1.980488896369934,0.140069842338562,0.0014006984420120716,3,2,6
4582,3609,4375,0.0,0.009999999776482582,1.9796273708343506,0.13994677364826202,0.0013994676992297173,3,2,6
4583,1939,4508,0.0,0.009999999776482582,3.51578426361084,0.3593977391719818,0.0035939773079007864,3,4,12
4584,1939,1940,0.0,0.009999999776482582,1.430429458618164,0.06148992106318474,0.0006148992106318474,3,2,6
4585,1940,1941,0.0,0.009999999776482582,1.430429458618164,0.06148992106318474,0.0006148992106318474,3,2,6
4586,1941,1942,0.0,0.009999999776482582,1.5267832279205322,0.07525474578142166,0.0007525474647991359,3,2,6
4587,1942,4508,0.0,0.009999999776482582,3.51578426361084,0.3593977391719818,0.0035939773079007864,3,4,12
4588,1943,4508,0.0,0.009999999776482582,3.51578426361084,0.3593977391719818,0.0035939773079007864,3,4,12
4589,1943,1944,0.0,0.009999999776482582,1.4348275661468506,0.062118224799633026,0.0006211822619661689,3,2,6
4590,1944,4075,0.0,0.009999999776482582,3.440966844558716,0.3487095534801483,0.003487095469608903,3,4,12
4591,3901,4010,0.0,0.009999999776482582,7.007259845733643,0.8581799864768982,0.008581799454987049,3,8,24
4592,3814,4202,0.0,0.009999999776482582,4.510677337646484,0.501525342464447,0.005015253089368343,3,5,15
4593,4202,4248,0.5,0.5049999952316284,1.9900283813476562,0.14143262803554535,0.0714234784245491,5,2,10
4594,3524,3799,0.0,0.009999999776482582,5.2673773765563965,0.6096253395080566,0.0060962531715631485,3,6,18
4595,3524,3731,0.0,0.009999999776482582,3.4429397583007812,0.34899139404296875,0.003489913884550333,3,4,12
4596,3714,3974,0.0,0.009999999776482582,6.832657337188721,0.8332367539405823,0.008332367055118084,3,7,21
4597,1945,3714,0.0,0.009999999776482582,1.9947689771652222,0.14210985600948334,0.0014210984809324145,3,2,6
4598,1945,3814,0.0,0.009999999776482582,4.510677337646484,0.501525342464447,0.005015253089368343,3,5,15
4599,3766,4135,0.0,0.009999999776482582,3.346309185028076,0.33518701791763306,0.0033518699929118156,3,4,12
4600,3766,4144,0.5,0.5049999952316284,2.0839061737060547,0.15484373271465302,0.07819608598947525,5,3,15
4601,4135,4144,0.9999998807907104,0.9999998807907104,3.346309185028076,0.33518701791763306,0.33518698811531067,5,4,20
4602,1946,4135,0.0,0.009999999776482582,3.346309185028076,0.33518701791763306,0.0033518699929118156,3,4,12
4603,1946,4144,0.0,0.009999999776482582,2.0839061737060547,0.15484373271465302,0.0015484372852370143,3,3,9
4604,3488,3766,0.0,0.009999999776482582,2.652703285217285,0.2361004650592804,0.0023610047064721584,3,3,9
4605,1947,3466,0.0,0.009999999776482582,2.805361747741699,0.25790882110595703,0.0025790880899876356,3,3,9
4606,1947,4135,0.0,0.009999999776482582,3.346309185028076,0.33518701791763306,0.0033518699929118156,3,4,12
4607,4135,5129,0.0,0.009999999776482582,3.346309185028076,0.33518701791763306,0.0033518699929118156,3,4,12
4608,4512,5129,0.0,0.009999999776482582,2.340503692626953,0.19150052964687347,0.0019150052685290575,3,3,9
4609,3869,4512,0.0,0.009999999776482582,2.6592910289764404,0.23704157769680023,0.002370415721088648,3,3,9
4610,1948,3974,0.0,0.009999999776482582,6.832657337188721,0.8332367539405823,0.008332367055118084,3,7,21
4611,1948,4038,0.0,0.009999999776482582,4.076435089111328,0.43949073553085327,0.004394907038658857,3,5,15
4612,4038,4205,0.0,0.009999999776482582,4.139744281768799,0.44853490591049194,0.004485349170863628,3,5,15
4613,3477,4246,0.0,0.009999999776482582,7.005972385406494,0.8579960465431213,0.008579960092902184,3,8,24
4614,4246,4293,0.0,0.009999999776482582,2.0301833152770996,0.14716903865337372,0.0014716903679072857,3,3,9
4615,3477,4293,0.5,0.5049999952316284,7.005972385406494,0.8579960465431213,0.43328800797462463,5,8,40
4616,1949,3477,0.0,0.009999999776482582,7.005972385406494,0.8579960465431213,0.008579960092902184,3,8,24
4617,1949,4335,0.0,0.009999999776482582,1.9670217037200928,0.13814595341682434,0.0013814595295116305,3,2,6
4618,3477,4335,0.0,0.009999999776482582,7.005972385406494,0.8579960465431213,0.008579960092902184,3,8,24
4619,1950,3477,0.0,0.009999999776482582,7.005972385406494,0.8579960465431213,0.008579960092902184,3,8,24
4620,1950,1951,0.0,0.009999999776482582,2.284524917602539,0.18350355327129364,0.001835035509429872,3,3,9
4621,1951,4142,0.0,0.009999999776482582,2.284524917602539,0.18350355327129364,0.001835035509429872,3,3,9
4622,3477,4142,0.0,0.009999999776482582,7.005972385406494,0.8579960465431213,0.008579960092902184,3,8,24
4623,1952,4532,0.0,0.009999999776482582,1.9119527339935303,0.13027895987033844,0.0013027895474806428,3,2,6
4624,1952,4142,0.0,0.009999999776482582,1.898844599723816,0.1284063756465912,0.001284063677303493,3,2,6
4625,4142,4532,0.0,0.009999999776482582,1.9119527339935303,0.13027895987033844,0.0013027895474806428,3,2,6
4626,1953,4696,0.0,0.009999999776482582,1.5845365524291992,0.08350522071123123,0.0008350521675311029,3,2,6
4627,1953,1954,0.0,0.009999999776482582,1.4648292064666748,0.06640417128801346,0.0006640417268499732,3,2,6
4628,1954,1955,0.0,0.009999999776482582,1.2501758337020874,0.03573940321803093,0.0003573940193746239,3,2,6
4629,1955,3345,0.0,0.009999999776482582,1.1969035863876343,0.028129084035754204,0.00028129082056693733,3,2,6
4630,3345,4532,0.0,0.009999999776482582,1.9119527339935303,0.13027895987033844,0.0013027895474806428,3,2,6
4631,1956,4295,0.0,0.009999999776482582,6.226338863372803,0.7466198205947876,0.007466197945177555,3,7,21
4632,1956,4640,0.0,0.009999999776482582,1.517807960510254,0.07397256791591644,0.0007397256558761001,3,2,6
4633,3777,4640,0.5,0.5049999952316284,7.127651214599609,0.8753787279129028,0.4420662522315979,5,8,40
4634,1957,4533,0.0,0.009999999776482582,4.639786720275879,0.5199695229530334,0.0051996950060129166,3,5,15
4635,1957,4640,0.0,0.009999999776482582,1.3079794645309448,0.04399706795811653,0.0004399706667754799,3,2,6
4636,1958,4138,0.0,0.009999999776482582,1.7571444511413574,0.1081634908914566,0.0010816348949447274,3,2,6
4637,1958,1959,0.0,0.009999999776482582,1.3642373085021973,0.05203390121459961,0.0005203390028327703,3,2,6
4638,1959,1960,0.0,0.009999999776482582,1.3642373085021973,0.05203390121459961,0.0005203390028327703,3,2,6
4639,1960,3493,0.0,0.009999999776482582,5.357282638549805,0.6224689483642578,0.006224689539521933,3,6,18
4640,1961,3493,0.0,0.009999999776482582,5.357282638549805,0.6224689483642578,0.006224689539521933,3,6,18
4641,1961,4169,0.0,0.009999999776482582,1.6553536653518677,0.09362195432186127,0.0009362195269204676,3,2,6
4642,3477,4169,0.0,0.009999999776482582,7.005972385406494,0.8579960465431213,0.008579960092902184,3,8,24
4643,1962,4138,0.0,0.009999999776482582,1.7571444511413574,0.1081634908914566,0.0010816348949447274,3,2,6
4644,1962,1963,0.0,0.009999999776482582,1.2541742324829102,0.03631060570478439,0.0003631060535553843,3,2,6
4645,1963,3648,0.0,0.009999999776482582,1.6945621967315674,0.09922317415475845,0.0009922317694872618,3,2,6
4646,4169,5130,0.5,0.5049999952316284,1.6553536653518677,0.09362195432186127,0.04727908596396446,5,2,10
4647,3729,4169,0.0,0.009999999776482582,1.6553536653518677,0.09362195432186127,0.0009362195269204676,3,2,6
4648,1964,3729,0.0,0.009999999776482582,1.5071179866790771,0.07244542986154556,0.0007244542939588428,3,2,6
4649,1964,5130,0.0,0.009999999776482582,1.3542535305023193,0.050607647746801376,0.0005060764378868043,3,2,6
4650,4169,4537,0.0,0.009999999776482582,1.6553536653518677,0.09362195432186127,0.0009362195269204676,3,2,6
4651,4164,4169,0.0,0.009999999776482582,1.6553536653518677,0.09362195432186127,0.0009362195269204676,3,2,6
4652,3974,4164,0.0,0.009999999776482582,6.832657337188721,0.8332367539405823,0.008332367055118084,3,7,21
4653,1965,3685,0.0,0.009999999776482582,5.417384147644043,0.6310548782348633,0.006310548633337021,3,6,18
4654,1965,4514,0.0,0.009999999776482582,2.2007012367248535,0.17152874171733856,0.001715287333354354,3,3,9
4655,3685,4514,0.0,0.009999999776482582,5.417384147644043,0.6310548782348633,0.006310548633337021,3,6,18
4656,3711,3887,0.0,0.009999999776482582,4.032148361206055,0.4331640601158142,0.004331640433520079,3,5,15
4657,3711,4587,0.0,0.009999999776482582,3.07023286819458,0.2957475483417511,0.002957475371658802,3,4,12
4658,1966,4355,0.0,0.009999999776482582,1.6882082223892212,0.09831546247005463,0.000983154634013772,3,2,6
4659,1966,1967,0.0,0.009999999776482582,1.6882082223892212,0.09831546247005463,0.000983154634013772,3,2,6
4660,1967,4430,0.0,0.009999999776482582,3.3599765300750732,0.3371395170688629,0.003371395170688629,3,4,12
4661,4381,5131,0.9999998807907104,0.9999998807907104,5.5192413330078125,0.6456059217453003,0.6456058621406555,5,6,30
4662,4817,5131,0.0,0.009999999776482582,1.7734476327896118,0.1104925200343132,0.0011049251770600677,3,2,6
4663,4478,4817,0.0,0.009999999776482582,1.431466817855835,0.06163811683654785,0.0006163811776787043,3,2,6
4664,1968,4478,0.0,0.009999999776482582,3.8995978832244873,0.41422826051712036,0.004142282530665398,3,4,12
4665,4478,5131,0.0,0.009999999776482582,1.7734476327896118,0.1104925200343132,0.0011049251770600677,3,2,6
4666,1969,5131,0.0,0.009999999776482582,1.9731254577636719,0.13901792466640472,0.0013901792699471116,3,2,6
4667,1969,4381,0.0,0.009999999776482582,5.5192413330078125,0.6456059217453003,0.0064560589380562305,3,6,18
4668,4381,4549,0.0,0.009999999776482582,5.5192413330078125,0.6456059217453003,0.0064560589380562305,3,6,18
4669,1970,4549,0.0,0.009999999776482582,2.5397205352783203,0.2199600785970688,0.0021996006835252047,3,3,9
4670,1970,4477,0.0,0.009999999776482582,1.9869816303253174,0.14099738001823425,0.0014099737163633108,3,2,6
4671,1971,4477,0.0,0.009999999776482582,2.424103260040283,0.20344331860542297,0.0020344331860542297,3,3,9
4672,1971,4284,0.0,0.009999999776482582,2.424103260040283,0.20344331860542297,0.0020344331860542297,3,3,9
4673,1972,4381,0.0,0.009999999776482582,5.5192413330078125,0.6456059217453003,0.0064560589380562305,3,6,18
4674,1972,1973,0.0,0.009999999776482582,2.004249095916748,0.14346416294574738,0.0014346415409818292,3,3,9
4675,1973,4381,0.0,0.009999999776482582,5.5192413330078125,0.6456059217453003,0.0064560589380562305,3,6,18
4676,1974,4381,0.0,0.009999999776482582,5.5192413330078125,0.6456059217453003,0.0064560589380562305,3,6,18
4677,1974,1975,0.0,0.009999999776482582,2.235415458679199,0.17648792266845703,0.0017648792127147317,3,3,9
4678,1975,4585,0.0,0.009999999776482582,1.267963171005249,0.03828045353293419,0.0003828045155387372,3,2,6
4679,4584,4585,0.0,0.009999999776482582,1.3476552963256836,0.04966504126787186,0.0004966504056937993,3,2,6
4680,3697,4584,0.9999998807907104,0.9999998807907104,1.455237627029419,0.06503394991159439,0.0650339424610138,5,2,10
4681,1976,3697,0.0,0.009999999776482582,1.5816819667816162,0.0830974206328392,0.0008309741970151663,3,2,6
4682,1976,4381,0.0,0.009999999776482582,5.5192413330078125,0.6456059217453003,0.0064560589380562305,3,6,18
4683,4058,4381,0.5,0.5049999952316284,5.5192413330078125,0.6456059217453003,0.32603099942207336,5,6,30
4684,1977,4058,0.0,0.009999999776482582,1.4088430404663086,0.058406148105859756,0.0005840614903718233,3,2,6
4685,1977,4584,0.0,0.009999999776482582,1.3476552963256836,0.04966504126787186,0.0004966504056937993,3,2,6
4686,4584,4817,0.0,0.009999999776482582,1.431466817855835,0.06163811683654785,0.0006163811776787043,3,2,6
4687,3697,4817,0.0,0.009999999776482582,1.455237627029419,0.06503394991159439,0.0006503394688479602,3,2,6
4688,3697,4538,0.9999998807907104,0.9999998807907104,1.455237627029419,0.06503394991159439,0.0650339424610138,5,2,10
4689,4538,4584,0.5,0.5049999952316284,1.3476552963256836,0.04966504126787186,0.0250808447599411,5,2,10
4690,1978,4584,0.0,0.009999999776482582,1.6203707456588745,0.08862439543008804,0.0008862439426593482,3,2,6
4691,1978,4585,0.0,0.009999999776482582,1.6203707456588745,0.08862439543008804,0.0008862439426593482,3,2,6
4692,4507,4585,0.0,0.009999999776482582,2.345830202102661,0.1922614574432373,0.0019226145232096314,3,3,9
4693,4507,5131,0.0,0.009999999776482582,2.345830202102661,0.1922614574432373,0.0019226145232096314,3,3,9
4694,4347,4381,0.0,0.009999999776482582,5.5192413330078125,0.6456059217453003,0.0064560589380562305,3,6,18
4695,1979,4347,0.0,0.009999999776482582,1.2216318845748901,0.03166169673204422,0.0003166169626638293,3,2,6
4696,1979,4548,0.0,0.009999999776482582,1.9691779613494873,0.13845399022102356,0.0013845398789271712,3,2,6
4697,1980,4548,0.0,0.009999999776482582,2.6366920471191406,0.23381315171718597,0.0023381314240396023,3,3,9
4698,1980,5131,0.0,0.009999999776482582,2.6366920471191406,0.23381315171718597,0.0023381314240396023,3,3,9
4699,4507,4586,0.0,0.009999999776482582,2.345830202102661,0.1922614574432373,0.0019226145232096314,3,3,9
4700,4058,4284,0.0,0.009999999776482582,1.4088430404663086,0.058406148105859756,0.0005840614903718233,3,2,6
4701,4058,4584,0.9999998807907104,0.9999998807907104,1.4088430404663086,0.058406148105859756,0.05840614065527916,5,2,10
4702,4550,4584,0.5,0.5049999952316284,1.5016107559204102,0.0716586783528328,0.036187633872032166,5,2,10
4703,4550,4551,0.5,0.5049999952316284,1.7214326858520508,0.10306181013584137,0.052046213299036026,5,2,10
4704,1981,4551,0.0,0.009999999776482582,2.602710008621216,0.22895857691764832,0.002289585769176483,3,3,9
4705,1981,4381,0.0,0.009999999776482582,5.5192413330078125,0.6456059217453003,0.0064560589380562305,3,6,18
4706,4539,4540,0.0,0.009999999776482582,1.1728544235229492,0.02469348907470703,0.000246934883762151,3,2,6
4707,4058,4540,0.0,0.009999999776482582,1.4088430404663086,0.058406148105859756,0.0005840614903718233,3,2,6
4708,1982,4058,0.0,0.009999999776482582,1.5534158945083618,0.0790594145655632,0.000790594145655632,3,2,6
4709,1982,1983,0.0,0.009999999776482582,1.5534158945083618,0.0790594145655632,0.000790594145655632,3,2,6
4710,1983,4550,0.0,0.009999999776482582,1.5016107559204102,0.0716586783528328,0.0007165867718867958,3,2,6
4711,1984,4550,0.0,0.009999999776482582,1.6641950607299805,0.09488500654697418,0.0009488500654697418,3,2,6
4712,4548,4584,0.0,0.009999999776482582,1.9691779613494873,0.13845399022102356,0.0013845398789271712,3,2,6
4713,4507,4548,0.0,0.009999999776482582,2.345830202102661,0.1922614574432373,0.0019226145232096314,3,3,9
4714,1985,4507,0.0,0.009999999776482582,2.345830202102661,0.1922614574432373,0.0019226145232096314,3,3,9
4715,1985,4381,0.0,0.009999999776482582,5.5192413330078125,0.6456059217453003,0.0064560589380562305,3,6,18
4716,1986,4284,0.0,0.009999999776482582,1.377802848815918,0.05397183448076248,0.0005397183122113347,3,2,6
4717,1986,4549,0.0,0.009999999776482582,2.5397205352783203,0.2199600785970688,0.0021996006835252047,3,3,9
4718,4549,4551,0.0,0.009999999776482582,2.5397205352783203,0.2199600785970688,0.0021996006835252047,3,3,9
4719,1987,4551,0.0,0.009999999776482582,1.7214326858520508,0.10306181013584137,0.001030618092045188,3,2,6
4720,1988,3505,0.0,0.009999999776482582,1.6166298389434814,0.08808998018503189,0.000880899780895561,3,2,6
4721,1988,3777,0.0,0.009999999776482582,7.127651214599609,0.8753787279129028,0.00875378679484129,3,8,24
4722,1989,4040,0.0,0.009999999776482582,2.868265390396118,0.266895055770874,0.0026689504738897085,3,3,9
4723,1989,1990,0.0,0.009999999776482582,1.8223729133605957,0.11748184263706207,0.0011748183751478791,3,2,6
4724,1990,3615,0.0,0.009999999776482582,1.8223729133605957,0.11748184263706207,0.0011748183751478791,3,2,6
4725,3615,4040,0.5,0.5049999952316284,2.868265390396118,0.266895055770874,0.13478200137615204,5,3,15
4726,1991,4344,0.0,0.009999999776482582,1.221515417098999,0.03164505958557129,0.0003164505760651082,3,2,6
4727,1991,1992,0.0,0.009999999776482582,1.129141926765442,0.01844884641468525,0.00018448845366947353,3,2,6
4728,1992,1993,0.0,0.009999999776482582,1.0548635721206665,0.007837653160095215,7.83765281084925e-05,3,2,6
4729,1993,4344,0.0,0.009999999776482582,1.221515417098999,0.03164505958557129,0.0003164505760651082,3,2,6
4730,4182,5132,0.0,0.009999999776482582,3.5643310546875,0.3663330078125,0.0036633301060646772,3,4,12
4731,1994,5132,0.0,0.009999999776482582,3.317563533782959,0.33108049631118774,0.0033108049537986517,3,4,12
4732,1994,4182,0.0,0.009999999776482582,3.5643310546875,0.3663330078125,0.0036633301060646772,3,4,12
4733,1995,4182,0.0,0.009999999776482582,3.5643310546875,0.3663330078125,0.0036633301060646772,3,4,12
4734,1995,1996,0.0,0.009999999776482582,1.4148520231246948,0.05926457419991493,0.0005926457233726978,3,2,6
4735,1996,4182,0.0,0.009999999776482582,3.5643310546875,0.3663330078125,0.0036633301060646772,3,4,12
4736,1997,3798,0.0,0.009999999776482582,1.090460181236267,0.012922883033752441,0.00012922882160637528,3,2,6
4737,1997,1998,0.0,0.009999999776482582,2.187272548675537,0.16961036622524261,0.0016961036017164588,3,3,9
4738,1998,3798,0.0,0.009999999776482582,2.187272548675537,0.16961036622524261,0.0016961036017164588,3,3,9
4739,3921,4124,0.0,0.009999999776482582,2.773852825164795,0.2534075379371643,0.0025340754073113203,3,3,9
4740,3680,4429,0.0,0.009999999776482582,3.5345754623413086,0.36208221316337585,0.0036208219826221466,3,4,12
4741,1999,4429,0.0,0.009999999776482582,2.898515224456787,0.2712164521217346,0.0027121645398437977,3,3,9
4742,1999,2000,0.0,0.009999999776482582,1.795762538909912,0.11368036270141602,0.0011368036502972245,3,2,6
4743,2000,3706,0.0,0.009999999776482582,1.5174643993377686,0.07392348349094391,0.0007392347906716168,3,2,6
4744,4610,5133,0.0,0.009999999776482582,4.059483528137207,0.4370690882205963,0.004370690789073706,3,5,15
4745,4215,5133,0.0,0.009999999776482582,1.8993043899536133,0.12847205996513367,0.0012847206089645624,3,2,6
4746,3715,4429,0.0,0.009999999776482582,2.898515224456787,0.2712164521217346,0.0027121645398437977,3,3,9
4747,4429,5133,0.5,0.5049999952316284,2.898515224456787,0.2712164521217346,0.13696430623531342,5,3,15
4748,4779,5133,0.0,0.009999999776482582,1.8993043899536133,0.12847205996513367,0.0012847206089645624,3,2,6
4749,3715,4779,0.0,0.009999999776482582,1.9607162475585938,0.13724517822265625,0.0013724517775699496,3,2,6
4750,3636,4429,0.0,0.009999999776482582,6.962948799133301,0.8518498539924622,0.00851849839091301,3,7,21
4751,2001,4121,0.0,0.009999999776482582,1.8563923835754395,0.12234176695346832,0.0012234176974743605,3,2,6
4752,2001,3346,0.0,0.009999999776482582,1.304094910621643,0.04344213008880615,0.0004344212939031422,3,2,6
4753,3346,4121,0.0,0.009999999776482582,1.8563923835754395,0.12234176695346832,0.0012234176974743605,3,2,6
4754,4121,4555,0.5,0.5049999952316284,1.8563923835754395,0.12234176695346832,0.0617825910449028,5,2,10
4755,4554,4555,0.5,0.5049999952316284,1.3958203792572021,0.056545767933130264,0.02855561301112175,5,2,10
4756,4121,4554,0.5,0.5049999952316284,1.8563923835754395,0.12234176695346832,0.0617825910449028,5,2,10
4757,4872,5134,0.0,0.009999999776482582,4.547475814819336,0.5067822337150574,0.005067822057753801,3,5,15
4758,4546,5134,0.0,0.009999999776482582,3.152390480041504,0.30748435854911804,0.0030748434364795685,3,4,12
4759,4546,4872,0.0,0.009999999776482582,4.547475814819336,0.5067822337150574,0.005067822057753801,3,5,15
4760,2002,3593,0.0,0.009999999776482582,7.000628471374512,0.8572326302528381,0.00857232604175806,3,8,24
4761,2002,3568,0.0,0.009999999776482582,1.9492508172988892,0.1356072574853897,0.0013560724910348654,3,2,6
4762,3568,3593,0.0,0.009999999776482582,7.000628471374512,0.8572326302528381,0.00857232604175806,3,8,24
4763,2003,3958,0.0,0.009999999776482582,3.494479179382324,0.3563541769981384,0.0035635416861623526,3,4,12
4764,2003,5136,0.0,0.009999999776482582,3.051173448562622,0.29302477836608887,0.002930247690528631,3,4,12
4765,5136,5137,0.5,0.5049999952316284,3.7544307708740234,0.39349010586738586,0.19871249794960022,5,4,20
4766,4818,5137,0.0,0.009999999776482582,3.7544307708740234,0.39349010586738586,0.003934900742024183,3,4,12
4767,2004,5136,0.0,0.009999999776482582,3.051173448562622,0.29302477836608887,0.002930247690528631,3,4,12
4768,2004,4818,0.0,0.009999999776482582,2.8455910682678223,0.2636558711528778,0.002636558609083295,3,3,9
4769,4547,4818,0.0,0.009999999776482582,3.8179242610931396,0.40256062150001526,0.004025605972856283,3,4,12
4770,4547,5137,0.0,0.009999999776482582,3.8179242610931396,0.40256062150001526,0.004025605972856283,3,4,12
4771,3958,5137,0.0,0.009999999776482582,3.7544307708740234,0.39349010586738586,0.003934900742024183,3,4,12
4772,2005,5136,0.0,0.009999999776482582,4.203165054321289,0.45759502053260803,0.004575950093567371,3,5,15
4773,2005,5137,0.0,0.009999999776482582,4.203165054321289,0.45759502053260803,0.004575950093567371,3,5,15
4774,3347,5137,0.0,0.009999999776482582,3.7544307708740234,0.39349010586738586,0.003934900742024183,3,4,12
4775,2006,3721,0.0,0.009999999776482582,5.314292907714844,0.6163275837898254,0.006163275800645351,3,6,18
4776,2006,2007,0.0,0.009999999776482582,1.2751213312149048,0.039303045719861984,0.00039303043740801513,3,2,6
4777,2007,3721,0.0,0.009999999776482582,5.314292907714844,0.6163275837898254,0.006163275800645351,3,6,18
4778,2008,4518,0.0,0.009999999776482582,2.234945297241211,0.17642076313495636,0.001764207612723112,3,3,9
4779,2008,2009,0.0,0.009999999776482582,1.4440250396728516,0.06343214958906174,0.0006343214772641659,3,2,6
4780,2009,4413,0.0,0.009999999776482582,2.1152524948120117,0.15932178497314453,0.0015932178357616067,3,3,9
4781,2010,3776,0.0,0.009999999776482582,2.451098918914795,0.2072998434305191,0.002072998322546482,3,3,9
4782,2010,2011,0.0,0.009999999776482582,2.0229456424713135,0.1461350917816162,0.0014613509410992265,3,3,9
4783,2011,3528,0.0,0.009999999776482582,3.755185604095459,0.39359793066978455,0.003935979213565588,3,4,12
4784,3528,3641,0.0,0.009999999776482582,3.755185604095459,0.39359793066978455,0.003935979213565588,3,4,12
4785,2012,3641,0.0,0.009999999776482582,1.9923958778381348,0.1417708396911621,0.0014177083503454924,3,2,6
4786,2012,2013,0.0,0.009999999776482582,1.293639063835144,0.04194843769073486,0.00041948436410166323,3,2,6
4787,2013,3544,0.0,0.009999999776482582,2.456693649291992,0.2080990970134735,0.002080990932881832,3,3,9
4788,2014,3544,0.0,0.009999999776482582,2.456693649291992,0.2080990970134735,0.002080990932881832,3,3,9
4789,2014,2015,0.0,0.009999999776482582,1.5733397006988525,0.08190567046403885,0.000819056702312082,3,2,6
4790,2015,2016,0.0,0.009999999776482582,1.3138806819915771,0.044840097427368164,0.00044840096961706877,3,2,6
4791,2016,2017,0.0,0.009999999776482582,2.8543763160705566,0.26491090655326843,0.002649109112098813,3,3,9
4792,2017,3776,0.0,0.009999999776482582,2.8543763160705566,0.26491090655326843,0.002649109112098813,3,3,9
4793,2018,5092,0.0,0.009999999776482582,2.122567653656006,0.16036680340766907,0.0016036679735407233,3,3,9
4794,2018,5135,0.0,0.009999999776482582,2.122567653656006,0.16036680340766907,0.0016036679735407233,3,3,9
4795,5092,5135,0.5,0.5049999952316284,1.364466667175293,0.05206666514277458,0.026293665170669556,5,2,10
4796,5092,5138,0.0,0.009999999776482582,1.9468685388565063,0.13526692986488342,0.0013526693219318986,3,2,6
4797,5135,5138,0.0,0.009999999776482582,1.9468685388565063,0.13526692986488342,0.0013526693219318986,3,2,6
4798,2019,5082,0.0,0.009999999776482582,1.1997220516204834,0.028531720861792564,0.00028531718999147415,3,2,6
4799,2019,3748,0.0,0.009999999776482582,1.1997220516204834,0.028531720861792564,0.00028531718999147415,3,2,6
4800,3492,4024,0.0,0.009999999776482582,2.998826265335083,0.28554660081863403,0.002855465980246663,3,3,9
4801,4024,5139,0.0,0.009999999776482582,2.118865489959717,0.15983793139457703,0.0015983792254701257,3,3,9
4802,3935,5139,0.0,0.009999999776482582,3.109027862548828,0.30128970742225647,0.0030128969810903072,3,4,12
4803,2020,4381,0.0,0.009999999776482582,5.5192413330078125,0.6456059217453003,0.0064560589380562305,3,6,18
4804,2020,5131,0.0,0.009999999776482582,1.7734476327896118,0.1104925200343132,0.0011049251770600677,3,2,6
4805,4382,5131,0.5,0.5049999952316284,2.2961318492889404,0.18516169488430023,0.09350665658712387,5,3,15
4806,4382,4689,0.0,0.009999999776482582,2.2961318492889404,0.18516169488430023,0.0018516168929636478,3,3,9
4807,2021,4689,0.0,0.009999999776482582,1.6346813440322876,0.09066876024007797,0.0009066875791177154,3,2,6
4808,2021,5131,0.0,0.009999999776482582,1.7734476327896118,0.1104925200343132,0.0011049251770600677,3,2,6
4809,4058,5131,0.0,0.009999999776482582,1.7734476327896118,0.1104925200343132,0.0011049251770600677,3,2,6
4810,2022,4284,0.0,0.009999999776482582,1.3515546321868896,0.050222091376781464,0.0005022208788432181,3,2,6
4811,2022,4689,0.0,0.009999999776482582,1.4169402122497559,0.059562887996435165,0.000595628865994513,3,2,6
4812,3697,4381,0.9999998807907104,0.9999998807907104,5.5192413330078125,0.6456059217453003,0.6456058621406555,5,6,30
4813,4381,4538,0.0,0.009999999776482582,5.5192413330078125,0.6456059217453003,0.0064560589380562305,3,6,18
4814,4478,4584,0.0,0.009999999776482582,1.3476552963256836,0.04966504126787186,0.0004966504056937993,3,2,6
4815,4478,4548,0.0,0.009999999776482582,1.9691779613494873,0.13845399022102356,0.0013845398789271712,3,2,6
4816,4548,5131,0.0,0.009999999776482582,1.9691779613494873,0.13845399022102356,0.0013845398789271712,3,2,6
4817,4382,4549,0.0,0.009999999776482582,2.5397205352783203,0.2199600785970688,0.0021996006835252047,3,3,9
4818,3697,4549,0.0,0.009999999776482582,2.5397205352783203,0.2199600785970688,0.0021996006835252047,3,3,9
4819,2023,4584,0.0,0.009999999776482582,2.0815327167510986,0.1545046716928482,0.0015450466889888048,3,3,9
4820,2023,4381,0.0,0.009999999776482582,5.5192413330078125,0.6456059217453003,0.0064560589380562305,3,6,18
4821,4586,4689,0.0,0.009999999776482582,2.269195318222046,0.181313619017601,0.00181313615757972,3,3,9
4822,4689,5131,0.5,0.5049999952316284,1.7734476327896118,0.1104925200343132,0.0557987205684185,5,2,10
4823,4584,4689,0.0,0.009999999776482582,1.4169402122497559,0.059562887996435165,0.000595628865994513,3,2,6
4824,2024,4689,0.0,0.009999999776482582,1.4169402122497559,0.059562887996435165,0.000595628865994513,3,2,6
4825,2024,2025,0.0,0.009999999776482582,1.1690244674682617,0.02414635196328163,0.00024146350915543735,3,2,6
4826,2025,4381,0.0,0.009999999776482582,5.5192413330078125,0.6456059217453003,0.0064560589380562305,3,6,18
4827,2026,4586,0.0,0.009999999776482582,2.269195318222046,0.181313619017601,0.00181313615757972,3,3,9
4828,2026,2027,0.0,0.009999999776482582,1.7953293323516846,0.11361847817897797,0.0011361847864463925,3,2,6
4829,2027,4539,0.0,0.009999999776482582,1.618516445159912,0.08835949003696442,0.0008835948538035154,3,2,6
4830,3697,4539,0.0,0.009999999776482582,1.455237627029419,0.06503394991159439,0.0006503394688479602,3,2,6
4831,4381,4584,0.9999998807907104,0.9999998807907104,5.5192413330078125,0.6456059217453003,0.6456058621406555,5,6,30
4832,2028,5131,0.0,0.009999999776482582,1.7734476327896118,0.1104925200343132,0.0011049251770600677,3,2,6
4833,2028,4382,0.0,0.009999999776482582,2.2961318492889404,0.18516169488430023,0.0018516168929636478,3,3,9
4834,2029,4382,0.0,0.009999999776482582,2.2961318492889404,0.18516169488430023,0.0018516168929636478,3,3,9
4835,2029,4284,0.0,0.009999999776482582,1.8144822120666504,0.11635459959506989,0.0011635459959506989,3,2,6
4836,4284,4584,0.9999998807907104,0.9999998807907104,1.3476552963256836,0.04966504126787186,0.04966503381729126,5,2,10
4837,2030,4584,0.0,0.009999999776482582,4.388673305511475,0.4840961992740631,0.004840961657464504,3,5,15
4838,2030,4058,0.0,0.009999999776482582,4.388673305511475,0.4840961992740631,0.004840961657464504,3,5,15
4839,4584,5131,0.0,0.009999999776482582,1.7734476327896118,0.1104925200343132,0.0011049251770600677,3,2,6
4840,4538,4550,0.0,0.009999999776482582,1.5016107559204102,0.0716586783528328,0.0007165867718867958,3,2,6
4841,4058,4550,0.0,0.009999999776482582,1.5016107559204102,0.0716586783528328,0.0007165867718867958,3,2,6
4842,4058,4551,0.0,0.009999999776482582,1.7214326858520508,0.10306181013584137,0.001030618092045188,3,2,6
4843,2031,3944,0.0,0.009999999776482582,5.173970699310303,0.5962815284729004,0.005962815135717392,3,6,18
4844,2031,5140,0.0,0.009999999776482582,1.8917495012283325,0.12739278376102448,0.0012739278608933091,3,2,6
4845,3804,5140,0.0,0.009999999776482582,1.8917495012283325,0.12739278376102448,0.0012739278608933091,3,2,6
4846,3566,3942,0.0,0.009999999776482582,3.2748851776123047,0.3249835968017578,0.0032498359214514494,3,4,12
4847,3566,4715,0.0,0.009999999776482582,2.314941883087158,0.18784883618354797,0.0018784883432090282,3,3,9
4848,4370,4715,0.5,0.5049999952316284,6.9086713790893555,0.8440958857536316,0.42626842856407166,5,7,35
4849,3942,4715,0.0,0.009999999776482582,3.2748851776123047,0.3249835968017578,0.0032498359214514494,3,4,12
4850,3951,4715,0.5,0.5049999952316284,3.1456170082092285,0.30651670694351196,0.1547909379005432,5,4,20
4851,3951,4370,0.0,0.009999999776482582,6.9086713790893555,0.8440958857536316,0.008440958335995674,3,7,21
4852,2032,3457,0.0,0.009999999776482582,4.024450302124023,0.43206432461738586,0.004320643376559019,3,5,15
4853,2032,2033,0.0,0.009999999776482582,4.024450302124023,0.43206432461738586,0.004320643376559019,3,5,15
4854,2033,4135,0.0,0.009999999776482582,3.4175355434417725,0.34536221623420715,0.003453622106462717,3,4,12
4855,4466,4552,0.0,0.009999999776482582,2.4221317768096924,0.20316168665885925,0.0020316168665885925,3,3,9
4856,2034,4552,0.0,0.009999999776482582,2.0088696479797363,0.14412423968315125,0.0014412424061447382,3,3,9
4857,2034,4437,0.0,0.009999999776482582,6.992038726806641,0.8560055494308472,0.008560054935514927,3,7,21
4858,3816,4819,0.0,0.009999999776482582,6.981029510498047,0.8544327616691589,0.008544327691197395,3,7,21
4859,4819,5143,0.5,0.5049999952316284,1.8835632801055908,0.12622332572937012,0.06374277919530869,5,2,10
4860,4437,5143,0.5,0.5049999952316284,6.992038726806641,0.8560055494308472,0.43228280544281006,5,7,35
4861,4437,4819,0.9999998807907104,0.9999998807907104,6.992038726806641,0.8560055494308472,0.8560054302215576,5,7,35
4862,4819,5141,0.9999998807907104,0.9999998807907104,1.8835632801055908,0.12622332572937012,0.12622331082820892,5,2,10
4863,4437,5141,0.9999998807907104,0.9999998807907104,6.992038726806641,0.8560055494308472,0.8560054302215576,5,7,35
4864,5141,5143,0.0,0.009999999776482582,1.3277688026428223,0.04682411625981331,0.0004682411381509155,3,2,6
4865,5142,5143,0.0,0.009999999776482582,1.7583255767822266,0.10833222419023514,0.001083322218619287,3,2,6
4866,3816,5142,0.0,0.009999999776482582,6.981029510498047,0.8544327616691589,0.008544327691197395,3,7,21
4867,2035,3561,0.0,0.009999999776482582,2.67909574508667,0.2398708164691925,0.002398708136752248,3,3,9
4868,2035,4607,0.0,0.009999999776482582,2.221215009689331,0.1744592934846878,0.0017445929115638137,3,3,9
4869,2036,4607,0.0,0.009999999776482582,1.7998753786087036,0.11426790803670883,0.001142679015174508,3,2,6
4870,2036,3663,0.0,0.009999999776482582,1.8313546180725098,0.11876494437456131,0.0011876494390890002,3,2,6
4871,3736,4036,0.0,0.009999999776482582,2.3589158058166504,0.1941308230161667,0.0019413081463426352,3,3,9
4872,2037,4036,0.0,0.009999999776482582,2.024644136428833,0.14637772738933563,0.0014637772692367435,3,3,9
4873,2037,3513,0.0,0.009999999776482582,1.7220557928085327,0.10315082967281342,0.0010315083200111985,3,2,6
4874,3513,4036,0.0,0.009999999776482582,2.024644136428833,0.14637772738933563,0.0014637772692367435,3,3,9
4875,2038,4036,0.0,0.009999999776482582,2.024644136428833,0.14637772738933563,0.0014637772692367435,3,3,9
4876,2038,3560,0.0,0.009999999776482582,1.6508415937423706,0.0929773673415184,0.0009297736687585711,3,2,6
4877,2039,4553,0.0,0.009999999776482582,1.3071908950805664,0.04388441517949104,0.0004388441448099911,3,2,6
4878,2039,4559,0.0,0.009999999776482582,1.10982084274292,0.015688691288232803,0.0001568869047332555,3,2,6
4879,4553,4559,0.0,0.009999999776482582,1.3071908950805664,0.04388441517949104,0.0004388441448099911,3,2,6
4880,2040,4553,0.0,0.009999999776482582,1.424926519393921,0.060703787952661514,0.0006070378585718572,3,2,6
4881,2040,4559,0.0,0.009999999776482582,1.424926519393921,0.060703787952661514,0.0006070378585718572,3,2,6
4882,2041,4559,0.0,0.009999999776482582,1.10982084274292,0.015688691288232803,0.0001568869047332555,3,2,6
4883,2041,4553,0.0,0.009999999776482582,1.3071908950805664,0.04388441517949104,0.0004388441448099911,3,2,6
4884,2042,2043,0.0,0.009999999776482582,1.1185801029205322,0.01694001443684101,0.00016940014029387385,3,2,6
4885,2043,2044,0.0,0.009999999776482582,1.1185801029205322,0.01694001443684101,0.00016940014029387385,3,2,6
4886,2044,2045,0.0,0.009999999776482582,1.2989261150360107,0.04270372912287712,0.00042703727376647294,3,2,6
4887,2045,3348,0.0,0.009999999776482582,1.2989261150360107,0.04270372912287712,0.00042703727376647294,3,2,6
4888,2046,3348,0.0,0.009999999776482582,1.2142044305801392,0.03060063347220421,0.0003060063172597438,3,2,6
4889,2046,2047,0.0,0.009999999776482582,1.105592966079712,0.015084709040820599,0.00015084708866197616,3,2,6
4890,2047,2048,0.0,0.009999999776482582,1.0792288780212402,0.011318410746753216,0.00011318410543026403,3,2,6
4891,2048,2049,0.0,0.009999999776482582,1.1797281503677368,0.025675449520349503,0.0002567544870544225,3,2,6
4892,2049,3349,0.0,0.009999999776482582,1.9997467994689941,0.14282096922397614,0.0014282097108662128,3,2,6
4893,3349,3480,0.0,0.009999999776482582,2.6033570766448975,0.22905100882053375,0.002290510106831789,3,3,9
4894,2050,3480,0.0,0.009999999776482582,2.6033570766448975,0.22905100882053375,0.002290510106831789,3,3,9
4895,2050,3350,0.0,0.009999999776482582,1.9321222305297852,0.1331603229045868,0.001331603154540062,3,2,6
4896,3350,3351,0.0,0.009999999776482582,1.9321222305297852,0.1331603229045868,0.001331603154540062,3,2,6
4897,2051,3351,0.0,0.009999999776482582,3.3954389095306396,0.34220555424690247,0.0034220553934574127,3,4,12
4898,2051,2052,0.0,0.009999999776482582,3.3954389095306396,0.34220555424690247,0.0034220553934574127,3,4,12
4899,2052,2053,0.0,0.009999999776482582,2.952275276184082,0.2788964807987213,0.002788964658975601,3,3,9
4900,2053,3480,0.0,0.009999999776482582,2.952275276184082,0.2788964807987213,0.002788964658975601,3,3,9
4901,4121,5145,0.5,0.5049999952316284,2.1134238243103027,0.1590605527162552,0.08032558113336563,5,3,15
4902,5144,5145,0.5,0.5049999952316284,2.8109207153320312,0.25870296359062195,0.1306449919939041,5,3,15
4903,4121,5144,0.5,0.5049999952316284,2.8109207153320312,0.25870296359062195,0.1306449919939041,5,3,15
4904,4121,4826,0.0,0.009999999776482582,3.1313397884368896,0.30447712540626526,0.0030447712633758783,3,4,12
4905,4826,5144,0.0,0.009999999776482582,3.1313397884368896,0.30447712540626526,0.0030447712633758783,3,4,12
4906,2054,5146,0.0,0.009999999776482582,1.4646083116531372,0.06637261807918549,0.0006637261831201613,3,2,6
4907,2054,2055,0.0,0.009999999776482582,1.490478277206421,0.07006832212209702,0.0007006832165643573,3,2,6
4908,2055,3352,0.0,0.009999999776482582,1.490478277206421,0.07006832212209702,0.0007006832165643573,3,2,6
4909,2056,5147,0.0,0.009999999776482582,6.2860918045043945,0.7551559805870056,0.007551559712737799,3,7,21
4910,2056,2057,0.0,0.009999999776482582,1.3894540071487427,0.05563628673553467,0.0005563628510572016,3,2,6
4911,2057,3846,0.0,0.009999999776482582,2.943727493286133,0.2776753604412079,0.0027767536230385303,3,3,9
4912,5148,5149,0.0,0.009999999776482582,4.591329574584961,0.5130470991134644,0.005130470730364323,3,5,15
4913,2058,5149,0.0,0.009999999776482582,1.9182316064834595,0.1311759501695633,0.00131175946444273,3,2,6
4914,2058,5148,0.0,0.009999999776482582,4.591329574584961,0.5130470991134644,0.005130470730364323,3,5,15
4915,2059,5150,0.0,0.009999999776482582,6.904111862182617,0.8434445261955261,0.008434444665908813,3,7,21
4916,2059,3353,0.0,0.009999999776482582,2.001046657562256,0.14300666749477386,0.0014300666516646743,3,3,9
4917,3353,5150,0.0,0.009999999776482582,6.904111862182617,0.8434445261955261,0.008434444665908813,3,7,21
4918,2060,4870,0.0,0.009999999776482582,2.319082736968994,0.18844039738178253,0.001884403987787664,3,3,9
4919,2060,2061,0.0,0.009999999776482582,2.0071370601654053,0.14387671649456024,0.001438767183572054,3,3,9
4920,2061,4049,0.0,0.009999999776482582,2.3375813961029053,0.19108305871486664,0.0019108304986730218,3,3,9
4921,3694,4927,0.0,0.009999999776482582,2.817301034927368,0.2596144378185272,0.0025961443316191435,3,3,9
4922,3716,4927,0.0,0.009999999776482582,2.817301034927368,0.2596144378185272,0.0025961443316191435,3,3,9
4923,2062,5067,0.0,0.009999999776482582,4.139999866485596,0.44857141375541687,0.004485714249312878,3,5,15
4924,2062,5152,0.0,0.009999999776482582,2.8200550079345703,0.2600078582763672,0.002600078471004963,3,3,9
4925,3934,5152,0.0,0.009999999776482582,1.2032673358917236,0.029038190841674805,0.00029038189677521586,3,2,6
4926,3934,5067,0.0,0.009999999776482582,4.139999866485596,0.44857141375541687,0.004485714249312878,3,5,15
4927,2063,5151,0.0,0.009999999776482582,3.0262033939361572,0.28945761919021606,0.002894576173275709,3,4,12
4928,2063,5153,0.0,0.009999999776482582,3.0262033939361572,0.28945761919021606,0.002894576173275709,3,4,12
4929,3934,5153,0.0,0.009999999776482582,2.3334107398986816,0.19048725068569183,0.001904872478917241,3,3,9
4930,5067,5152,0.5,0.5049999952316284,4.139999866485596,0.44857141375541687,0.22652855515480042,5,5,25
4931,2064,3658,0.0,0.009999999776482582,6.792314529418945,0.827473521232605,0.008274734951555729,3,7,21
4932,2064,5152,0.0,0.009999999776482582,1.5833996534347534,0.08334280550479889,0.0008334280573762953,3,2,6
4933,2065,5067,0.0,0.009999999776482582,4.139999866485596,0.44857141375541687,0.004485714249312878,3,5,15
4934,2065,4556,0.0,0.009999999776482582,1.216948390007019,0.030992627143859863,0.00030992625397630036,3,2,6
4935,4556,5152,0.0,0.009999999776482582,1.2023441791534424,0.028906311839818954,0.0002890631149057299,3,2,6
4936,2066,5152,0.0,0.009999999776482582,2.525564193725586,0.21793773770332336,0.002179377246648073,3,3,9
4937,2066,3934,0.0,0.009999999776482582,2.525564193725586,0.21793773770332336,0.002179377246648073,3,3,9
4938,3658,3934,0.0,0.009999999776482582,6.792314529418945,0.827473521232605,0.008274734951555729,3,7,21
4939,2067,3477,0.0,0.009999999776482582,7.005972385406494,0.8579960465431213,0.008579960092902184,3,8,24
4940,2067,3934,0.0,0.009999999776482582,1.9686617851257324,0.1383802592754364,0.0013838025042787194,3,2,6
4941,3544,3934,0.0,0.009999999776482582,2.456693649291992,0.2080990970134735,0.002080990932881832,3,3,9
4942,2068,4887,0.0,0.009999999776482582,3.572172164916992,0.3674531579017639,0.003674531588330865,3,4,12
4943,2068,4115,0.0,0.009999999776482582,2.057520866394043,0.15107440948486328,0.0015107440995052457,3,3,9
4944,2069,4887,0.0,0.009999999776482582,3.572172164916992,0.3674531579017639,0.003674531588330865,3,4,12
4945,2069,4115,0.0,0.009999999776482582,2.4781365394592285,0.21116235852241516,0.002111623529344797,3,3,9
4946,3354,4887,0.0,0.009999999776482582,3.572172164916992,0.3674531579017639,0.003674531588330865,3,4,12
4947,3354,4115,0.0,0.009999999776482582,1.3642741441726685,0.052039165049791336,0.0005203916225582361,3,2,6
4948,2070,3354,0.0,0.009999999776482582,1.3251011371612549,0.046443019062280655,0.00046443016617558897,3,2,6
4949,2070,4887,0.0,0.009999999776482582,3.572172164916992,0.3674531579017639,0.003674531588330865,3,4,12
4950,2071,4887,0.0,0.009999999776482582,3.572172164916992,0.3674531579017639,0.003674531588330865,3,4,12
4951,2071,4115,0.0,0.009999999776482582,1.3642741441726685,0.052039165049791336,0.0005203916225582361,3,2,6
4952,2072,4887,0.0,0.009999999776482582,3.572172164916992,0.3674531579017639,0.003674531588330865,3,4,12
4953,2072,2073,0.0,0.009999999776482582,1.3223609924316406,0.046051569283008575,0.0004605156718753278,3,2,6
4954,2073,4887,0.0,0.009999999776482582,3.572172164916992,0.3674531579017639,0.003674531588330865,3,4,12
4955,3588,3666,0.0,0.009999999776482582,5.345047950744629,0.620721161365509,0.006207211408764124,3,6,18
4956,2074,3588,0.0,0.009999999776482582,3.33681058883667,0.3338300883769989,0.0033383008558303118,3,4,12
4957,2074,2075,0.0,0.009999999776482582,3.33681058883667,0.3338300883769989,0.0033383008558303118,3,4,12
4958,2075,3666,0.0,0.009999999776482582,5.345047950744629,0.620721161365509,0.006207211408764124,3,6,18
4959,3685,5155,0.5,0.5049999952316284,5.417384147644043,0.6310548782348633,0.3186827003955841,5,6,30
4960,2076,5155,0.0,0.009999999776482582,1.8379855155944824,0.1197122186422348,0.001197122153826058,3,2,6
4961,2076,4558,0.0,0.009999999776482582,1.8379855155944824,0.1197122186422348,0.001197122153826058,3,2,6
4962,2077,5155,0.0,0.009999999776482582,1.1206897497177124,0.01724139228463173,0.00017241391469724476,3,2,6
4963,2077,5154,0.0,0.009999999776482582,1.6996209621429443,0.09994585067033768,0.0009994584834203124,3,2,6
4964,4558,5154,0.0,0.009999999776482582,1.6996209621429443,0.09994585067033768,0.0009994584834203124,3,2,6
4965,2078,4283,0.0,0.009999999776482582,1.6228669881820679,0.08898099511861801,0.00088980991858989,4,2,8
4966,2078,2079,0.0,0.009999999776482582,1.6228669881820679,0.08898099511861801,0.00088980991858989,4,2,8
4967,2079,2080,0.0,0.009999999776482582,1.253256916999817,0.0361795611679554,0.00036179559538140893,4,2,8
4968,2080,2081,0.0,0.009999999776482582,1.253256916999817,0.0361795611679554,0.00036179559538140893,4,2,8
4969,2081,2082,0.0,0.009999999776482582,1.0180021524429321,0.0025717359967529774,2.571735967649147e-05,4,2,8
4970,2082,3577,0.0,0.009999999776482582,3.9768004417419434,0.42525720596313477,0.004252572078257799,4,4,16
4971,2083,4326,0.0,0.009999999776482582,1.1604899168014526,0.02292713150382042,0.000229271303396672,4,2,8
4972,2083,4729,0.0,0.009999999776482582,1.1581411361694336,0.022591590881347656,0.00022591590823139995,4,2,8
4973,4374,4729,0.0,0.009999999776482582,1.9727154970169067,0.1389593631029129,0.0013895935844630003,4,2,8
4974,3355,5156,0.0,0.009999999776482582,1.4332804679870605,0.06189721077680588,0.0006189721170812845,4,2,8
4975,4561,4628,0.0,0.009999999776482582,3.835134506225586,0.40501922369003296,0.004050191957503557,4,4,16
4976,4561,5157,0.0,0.009999999776482582,7.2100510597229,0.8871501684188843,0.008871501311659813,4,8,32
4977,4628,5157,0.0,0.009999999776482582,7.2100510597229,0.8871501684188843,0.008871501311659813,4,8,32
4978,3525,3588,0.0,0.009999999776482582,3.243422508239746,0.32048892974853516,0.003204889129847288,4,4,16
4979,2085,3588,0.0,0.009999999776482582,2.3060264587402344,0.18657520413398743,0.0018657520413398743,4,3,12
4980,2085,4559,0.0,0.009999999776482582,1.52634859085083,0.0751926526427269,0.000751926505472511,4,2,8
4981,4559,4594,0.0,0.009999999776482582,1.3174750804901123,0.04535358399152756,0.0004535358166322112,4,2,8
4982,2086,4608,0.0,0.009999999776482582,2.2332372665405273,0.1761767566204071,0.0017617675475776196,4,3,12
4983,2086,2087,0.0,0.009999999776482582,2.2332372665405273,0.1761767566204071,0.0017617675475776196,4,3,12
4984,2087,4608,0.0,0.009999999776482582,1.974765419960022,0.1392522007226944,0.0013925220118835568,4,2,8
4985,2088,4608,0.0,0.009999999776482582,1.974765419960022,0.1392522007226944,0.0013925220118835568,4,2,8
4986,2088,2089,0.0,0.009999999776482582,1.8294925689697266,0.11849893629550934,0.0011849893489852548,4,2,8
4987,2089,5158,0.0,0.009999999776482582,1.8294925689697266,0.11849893629550934,0.0011849893489852548,4,2,8
4988,4608,5158,0.5,0.5049999952316284,1.974765419960022,0.1392522007226944,0.07032235711812973,5,2,10
4989,2090,4563,0.0,0.009999999776482582,3.318997859954834,0.33128541707992554,0.0033128540962934494,4,4,16
4990,2090,2091,0.0,0.009999999776482582,2.092364549636841,0.15605208277702332,0.0015605208463966846,4,3,12
4991,2091,4563,0.0,0.009999999776482582,3.318997859954834,0.33128541707992554,0.0033128540962934494,4,4,16
4992,2092,3550,0.0,0.009999999776482582,2.485637664794922,0.21223394572734833,0.002122339326888323,4,3,12
4993,2092,2093,0.0,0.009999999776482582,2.485637664794922,0.21223394572734833,0.002122339326888323,4,3,12
4994,2093,2094,0.0,0.009999999776482582,1.445814847946167,0.06368783861398697,0.0006368783651851118,4,2,8
4995,2094,3871,0.0,0.009999999776482582,1.2254045009613037,0.0322006419301033,0.0003220064099878073,4,2,8
4996,2095,3816,0.0,0.009999999776482582,6.981029510498047,0.8544327616691589,0.008544327691197395,4,7,28
4997,2095,5160,0.0,0.009999999776482582,1.3875000476837158,0.05535715073347092,0.0005535715026780963,4,2,8
4998,3816,5160,0.9999998807907104,0.9999998807907104,6.981029510498047,0.8544327616691589,0.8544326424598694,5,7,35
4999,4564,5159,0.0,0.009999999776482582,1.5926607847213745,0.08466582745313644,0.0008466582512483001,4,2,8
5000,5159,5160,0.0,0.009999999776482582,1.5926607847213745,0.08466582745313644,0.0008466582512483001,4,2,8
5001,2096,3816,0.0,0.009999999776482582,6.981029510498047,0.8544327616691589,0.008544327691197395,4,7,28
5002,2096,2097,0.0,0.009999999776482582,1.3433988094329834,0.049056973308324814,0.0004905697423964739,4,2,8
5003,2097,3816,0.0,0.009999999776482582,6.981029510498047,0.8544327616691589,0.008544327691197395,4,7,28
5004,3518,3816,0.0,0.009999999776482582,6.981029510498047,0.8544327616691589,0.008544327691197395,4,7,28
5005,3518,5160,0.0,0.009999999776482582,1.9950776100158691,0.14215394854545593,0.001421539462171495,4,2,8
5006,4163,4211,0.0,0.009999999776482582,1.8638851642608643,0.12341216951608658,0.0012341216206550598,4,2,8
5007,3748,3816,0.0,0.009999999776482582,6.981029510498047,0.8544327616691589,0.008544327691197395,4,7,28
5008,3748,4211,0.0,0.009999999776482582,1.1946702003479004,0.027810027822852135,0.00027810028404928744,4,2,8
5009,3816,5159,0.0,0.009999999776482582,6.981029510498047,0.8544327616691589,0.008544327691197395,4,7,28
5010,2098,5159,0.0,0.009999999776482582,1.5926607847213745,0.08466582745313644,0.0008466582512483001,4,2,8
5011,2098,2099,0.0,0.009999999776482582,1.7999991178512573,0.11428558826446533,0.0011428558500483632,4,2,8
5012,2099,3816,0.0,0.009999999776482582,6.981029510498047,0.8544327616691589,0.008544327691197395,4,7,28
5013,2100,3816,0.0,0.009999999776482582,6.981029510498047,0.8544327616691589,0.008544327691197395,4,7,28
5014,2100,2101,0.0,0.009999999776482582,1.7478492259979248,0.10683560371398926,0.001068355981260538,4,2,8
5015,2101,3816,0.0,0.009999999776482582,6.981029510498047,0.8544327616691589,0.008544327691197395,4,7,28
5016,4655,4913,0.0,0.009999999776482582,4.677376747131348,0.5253395438194275,0.005253395531326532,4,5,20
5017,4071,4655,0.0,0.009999999776482582,4.677376747131348,0.5253395438194275,0.005253395531326532,4,5,20
5018,4071,4913,0.0,0.009999999776482582,2.3787670135498047,0.1969667226076126,0.00196966715157032,4,3,12
5019,2102,4913,0.0,0.009999999776482582,4.118712425231934,0.44553035497665405,0.004455303307622671,4,5,20
5020,2102,4025,0.0,0.009999999776482582,4.118712425231934,0.44553035497665405,0.004455303307622671,4,5,20
5021,4025,4071,0.0,0.009999999776482582,2.3787670135498047,0.1969667226076126,0.00196966715157032,4,3,12
5022,2103,4913,0.0,0.009999999776482582,4.140178680419922,0.4485969543457031,0.004485969431698322,4,5,20
5023,2103,4071,0.0,0.009999999776482582,4.140178680419922,0.4485969543457031,0.004485969431698322,4,5,20
5024,2104,4565,0.0,0.009999999776482582,1.778411865234375,0.1112016960978508,0.0011120169656351209,4,2,8
5025,2105,4565,0.0,0.009999999776482582,1.2987713813781738,0.042681626975536346,0.0004268162592779845,4,2,8
5026,2105,4259,0.0,0.009999999776482582,1.988295316696167,0.14118504524230957,0.0014118504477664828,4,2,8
5027,4259,5076,0.0,0.009999999776482582,2.438206672668457,0.20545808970928192,0.0020545809529721737,4,3,12
5028,2106,4566,0.0,0.009999999776482582,1.3793401718139648,0.05419145151972771,0.0005419144872575998,4,2,8
5029,2106,2107,0.0,0.009999999776482582,1.4119758605957031,0.058853693306446075,0.0005885369027964771,4,2,8
5030,2107,2108,0.0,0.009999999776482582,1.69363272190094,0.09909038990736008,0.000990903819911182,4,2,8
5031,2108,2109,0.0,0.009999999776482582,3.00587797164917,0.2865540087223053,0.0028655400965362787,4,4,16
5032,2109,4508,0.0,0.009999999776482582,3.51578426361084,0.3593977391719818,0.0035939773079007864,4,4,16
5033,2110,3875,0.0,0.009999999776482582,1.3328646421432495,0.047552090138196945,0.0004755208792630583,4,2,8
5034,2110,3356,0.0,0.009999999776482582,1.3574482202529907,0.051064033061265945,0.0005106403259560466,4,2,8
5035,3356,3514,0.0,0.009999999776482582,2.0024313926696777,0.1432044804096222,0.0014320447808131576,4,3,12
5036,2111,3837,0.0,0.009999999776482582,5.405207633972168,0.6293153762817383,0.006293153390288353,4,6,24
5037,2111,2112,0.0,0.009999999776482582,1.590955138206482,0.08442216366529465,0.0008442216203548014,4,2,8
5038,2112,3356,0.0,0.009999999776482582,1.590955138206482,0.08442216366529465,0.0008442216203548014,4,2,8
5039,3356,3837,0.0,0.009999999776482582,5.405207633972168,0.6293153762817383,0.006293153390288353,4,6,24
5040,3837,4825,0.5,0.5049999952316284,5.405207633972168,0.6293153762817383,0.3178042471408844,5,6,30
5041,2113,4825,0.0,0.009999999776482582,2.8724119663238525,0.26748743653297424,0.002674874383956194,4,3,12
5042,2113,2114,0.0,0.009999999776482582,2.8724119663238525,0.26748743653297424,0.002674874383956194,4,3,12
5043,2114,3837,0.0,0.009999999776482582,5.405207633972168,0.6293153762817383,0.006293153390288353,4,6,24
5044,3357,4825,0.0,0.009999999776482582,1.5109604597091675,0.07299435138702393,0.0007299435092136264,4,2,8
5045,2115,3357,0.0,0.009999999776482582,1.1340148448944092,0.019144978374242783,0.00019144978432450444,4,2,8
5046,2115,2116,0.0,0.009999999776482582,1.512748122215271,0.07324973493814468,0.0007324973121285439,4,2,8
5047,2116,3561,0.0,0.009999999776482582,2.67909574508667,0.2398708164691925,0.002398708136752248,4,3,12
5048,3712,3837,0.0,0.009999999776482582,5.405207633972168,0.6293153762817383,0.006293153390288353,4,6,24
5049,2117,3712,0.0,0.009999999776482582,3.541668176651001,0.3630954623222351,0.0036309545394033194,4,4,16
5050,2117,2118,0.0,0.009999999776482582,1.762105941772461,0.10887227952480316,0.0010887227253988385,4,2,8
5051,3754,4820,0.5,0.5049999952316284,2.523624897003174,0.21766069531440735,0.10991864651441574,5,3,15
5052,4820,5161,0.5,0.5049999952316284,1.6938586235046387,0.09912265837192535,0.05005694180727005,5,2,10
5053,2119,5161,0.0,0.009999999776482582,4.631871700286865,0.5188388228416443,0.005188388284295797,4,5,20
5054,2119,3837,0.0,0.009999999776482582,5.405207633972168,0.6293153762817383,0.006293153390288353,4,6,24
5055,3837,4820,0.5,0.5049999952316284,5.405207633972168,0.6293153762817383,0.3178042471408844,5,6,30
5056,2120,4820,0.0,0.009999999776482582,2.7092998027801514,0.2441856861114502,0.0024418567772954702,4,3,12
5057,2120,2121,0.0,0.009999999776482582,2.7092998027801514,0.2441856861114502,0.0024418567772954702,4,3,12
5058,2121,3837,0.0,0.009999999776482582,5.405207633972168,0.6293153762817383,0.006293153390288353,4,6,24
5059,3526,3837,0.0,0.009999999776482582,5.405207633972168,0.6293153762817383,0.006293153390288353,4,6,24
5060,3526,4567,0.0,0.009999999776482582,2.019768238067627,0.14568117260932922,0.0014568116748705506,4,3,12
5061,3754,4567,0.0,0.009999999776482582,2.523624897003174,0.21766069531440735,0.002176606794819236,4,3,12
5062,3526,4820,0.0,0.009999999776482582,1.6938586235046387,0.09912265837192535,0.0009912265231832862,4,2,8
5063,3526,5161,0.0,0.009999999776482582,1.588425874710083,0.08406084030866623,0.0008406083798035979,4,2,8
5064,3837,5161,0.0,0.009999999776482582,5.405207633972168,0.6293153762817383,0.006293153390288353,4,6,24
5065,4381,4569,0.0,0.009999999776482582,5.5192413330078125,0.6456059217453003,0.0064560589380562305,4,6,24
5066,4569,5161,0.0,0.009999999776482582,1.5237689018249512,0.07482413202524185,0.0007482413202524185,4,2,8
5067,4381,4820,0.0,0.009999999776482582,5.5192413330078125,0.6456059217453003,0.0064560589380562305,4,6,24
5068,2122,3837,0.0,0.009999999776482582,5.405207633972168,0.6293153762817383,0.006293153390288353,4,6,24
5069,2122,4567,0.0,0.009999999776482582,5.018668174743652,0.5740954279899597,0.005740954075008631,4,6,24
5070,3837,4567,0.0,0.009999999776482582,5.405207633972168,0.6293153762817383,0.006293153390288353,4,6,24
5071,3754,5161,0.0,0.009999999776482582,2.523624897003174,0.21766069531440735,0.002176606794819236,4,3,12
5072,2123,5161,0.0,0.009999999776482582,3.058988094329834,0.29414114356040955,0.002941411454230547,4,4,16
5073,2123,4567,0.0,0.009999999776482582,3.058988094329834,0.29414114356040955,0.002941411454230547,4,4,16
5074,4381,4567,0.0,0.009999999776482582,5.5192413330078125,0.6456059217453003,0.0064560589380562305,4,6,24
5075,4871,5162,0.5,0.5049999952316284,4.937243938446045,0.5624634027481079,0.2840440273284912,5,5,25
5076,2124,5162,0.0,0.009999999776482582,2.2298007011413574,0.1756858080625534,0.001756858080625534,4,3,12
5077,2124,4871,0.0,0.009999999776482582,4.937243938446045,0.5624634027481079,0.005624633748084307,4,5,20
5078,4809,4871,0.0,0.009999999776482582,4.937243938446045,0.5624634027481079,0.005624633748084307,4,5,20
5079,2125,4809,0.0,0.009999999776482582,2.269861936569214,0.1814088523387909,0.0018140884349122643,4,3,12
5080,2125,4871,0.0,0.009999999776482582,4.937243938446045,0.5624634027481079,0.005624633748084307,4,5,20
5081,2126,4871,0.0,0.009999999776482582,4.937243938446045,0.5624634027481079,0.005624633748084307,4,5,20
5082,2126,4809,0.0,0.009999999776482582,1.3377329111099243,0.0482475571334362,0.00048247555969282985,4,2,8
5083,2127,4871,0.0,0.009999999776482582,4.937243938446045,0.5624634027481079,0.005624633748084307,4,5,20
5084,2127,5162,0.0,0.009999999776482582,1.9515854120254517,0.1359407752752304,0.0013594076735898852,4,2,8
5085,3692,5162,0.0,0.009999999776482582,1.8208677768707275,0.11726682633161545,0.0011726681841537356,4,2,8
5086,3551,4871,0.5,0.5049999952316284,4.937243938446045,0.5624634027481079,0.2840440273284912,5,5,25
5087,2128,3551,0.0,0.009999999776482582,1.73647940158844,0.10521133989095688,0.0010521133663132787,4,2,8
5088,2128,4871,0.0,0.009999999776482582,4.937243938446045,0.5624634027481079,0.005624633748084307,4,5,20
5089,3551,4762,0.0,0.009999999776482582,1.6681053638458252,0.09544362127780914,0.0009544361964799464,4,2,8
5090,4762,4871,0.0,0.009999999776482582,4.937243938446045,0.5624634027481079,0.005624633748084307,4,5,20
5091,2129,4871,0.0,0.009999999776482582,4.937243938446045,0.5624634027481079,0.005624633748084307,4,5,20
5092,2129,3358,0.0,0.009999999776482582,1.603123426437378,0.08616048842668533,0.0008616048726253211,4,2,8
5093,3358,4871,0.0,0.009999999776482582,4.937243938446045,0.5624634027481079,0.005624633748084307,4,5,20
5094,2130,3358,0.0,0.009999999776482582,1.9092077016830444,0.12988682091236115,0.0012988682137802243,4,2,8
5095,2130,4871,0.0,0.009999999776482582,4.937243938446045,0.5624634027481079,0.005624633748084307,4,5,20
5096,2131,2132,0.0,0.009999999776482582,1.0641276836395264,0.009161097928881645,9.161097841570154e-05,4,2,8
5097,2132,4570,0.0,0.009999999776482582,1.2715264558792114,0.03878949210047722,0.0003878949210047722,4,2,8
5098,3359,4570,0.0,0.009999999776482582,1.2715264558792114,0.03878949210047722,0.0003878949210047722,4,2,8
5099,2133,3359,0.0,0.009999999776482582,1.1057945489883423,0.015113507397472858,0.00015113507106434554,4,2,8
5100,2134,4570,0.0,0.009999999776482582,1.3046131134033203,0.04351615905761719,0.0004351615789346397,4,2,8
5101,2134,2135,0.0,0.009999999776482582,1.3046131134033203,0.04351615905761719,0.0004351615789346397,4,2,8
5102,2135,4522,0.0,0.009999999776482582,1.4475611448287964,0.06393730640411377,0.0006393730291165411,4,2,8
5103,2136,4522,0.0,0.009999999776482582,2.47861909866333,0.2112313061952591,0.0021123129408806562,4,3,12
5104,4522,4570,0.0,0.009999999776482582,1.4475611448287964,0.06393730640411377,0.0006393730291165411,4,2,8
5105,2137,4570,0.0,0.009999999776482582,1.4346338510513306,0.06209054961800575,0.0006209054845385253,4,2,8
5106,2137,2138,0.0,0.009999999776482582,1.4346338510513306,0.06209054961800575,0.0006209054845385253,4,2,8
5107,2139,3726,0.0,0.009999999776482582,2.122671604156494,0.16038165986537933,0.0016038165194913745,4,3,12
5108,2139,2140,0.0,0.009999999776482582,2.483766555786133,0.2119666486978531,0.0021196664310991764,4,3,12
5109,2140,3726,0.0,0.009999999776482582,2.483766555786133,0.2119666486978531,0.0021196664310991764,4,3,12
5110,2141,4887,0.0,0.009999999776482582,3.572172164916992,0.3674531579017639,0.003674531588330865,4,4,16
5111,2141,2142,0.0,0.009999999776482582,2.2877001762390137,0.18395717442035675,0.0018395717488601804,4,3,12
5112,2142,4887,0.0,0.009999999776482582,3.572172164916992,0.3674531579017639,0.003674531588330865,4,4,16
5113,2143,4432,0.0,0.009999999776482582,3.159677028656006,0.30852529406547546,0.0030852528288960457,4,4,16
5114,2143,2144,0.0,0.009999999776482582,5.483083248138428,0.6404404640197754,0.006404404528439045,4,6,24
5115,2144,4432,0.0,0.009999999776482582,5.483083248138428,0.6404404640197754,0.006404404528439045,4,6,24
5116,2145,4887,0.0,0.009999999776482582,3.572172164916992,0.3674531579017639,0.003674531588330865,4,4,16
5117,2145,2146,0.0,0.009999999776482582,3.281336545944214,0.3259052336215973,0.003259052289649844,4,4,16
5118,2146,4887,0.0,0.009999999776482582,3.572172164916992,0.3674531579017639,0.003674531588330865,4,4,16
5119,2147,4527,0.0,0.009999999776482582,1.9662649631500244,0.13803784549236298,0.0013803783804178238,4,2,8
5120,2147,2148,0.0,0.009999999776482582,4.8290910720825195,0.547012984752655,0.005470129661262035,4,5,20
5121,2148,3589,0.0,0.009999999776482582,4.8290910720825195,0.547012984752655,0.005470129661262035,4,5,20
5122,2149,3602,0.0,0.009999999776482582,2.1490516662597656,0.16415023803710938,0.001641502371057868,4,3,12
5123,2149,2150,0.0,0.009999999776482582,2.627751111984253,0.23253586888313293,0.0023253585677593946,4,3,12
5124,2150,2151,0.0,0.009999999776482582,3.1877942085266113,0.31254202127456665,0.0031254200730472803,4,4,16
5125,2151,4526,0.0,0.009999999776482582,3.1877942085266113,0.31254202127456665,0.0031254200730472803,4,4,16
5126,3360,4061,0.0,0.009999999776482582,3.489417552947998,0.3556310832500458,0.0035563106648623943,4,4,16
5127,2152,3360,0.0,0.009999999776482582,3.489417552947998,0.3556310832500458,0.0035563106648623943,4,4,16
5128,2152,2153,0.0,0.009999999776482582,2.379955768585205,0.1971365362405777,0.0019713654182851315,4,3,12
5129,2153,3360,0.0,0.009999999776482582,3.489417552947998,0.3556310832500458,0.0035563106648623943,4,4,16
5130,3360,5163,0.0,0.009999999776482582,3.489417552947998,0.3556310832500458,0.0035563106648623943,4,4,16
5131,4049,5163,0.0,0.009999999776482582,2.3375813961029053,0.19108305871486664,0.0019108304986730218,4,3,12
5132,2154,4061,0.0,0.009999999776482582,1.4691379070281982,0.06701970100402832,0.0006701970123685896,4,2,8
5133,2154,5163,0.0,0.009999999776482582,1.4691379070281982,0.06701970100402832,0.0006701970123685896,4,2,8
5134,2155,5163,0.0,0.009999999776482582,2.5507235527038574,0.221531942486763,0.002215319313108921,4,3,12
5135,2155,4061,0.0,0.009999999776482582,2.5507235527038574,0.221531942486763,0.002215319313108921,4,3,12
5136,3527,4211,0.0,0.009999999776482582,1.9864577054977417,0.14092253148555756,0.0014092252822592854,4,2,8
5137,3688,3717,0.9999998807907104,0.9999998807907104,5.347396373748779,0.6210566163063049,0.6210565567016602,5,6,30
5138,2156,3717,0.0,0.009999999776482582,2.2861642837524414,0.18373775482177734,0.0018373775528743863,4,3,12
5139,2156,3688,0.0,0.009999999776482582,5.347396373748779,0.6210566163063049,0.006210566032677889,4,6,24
5140,2157,3717,0.0,0.009999999776482582,1.3846040964126587,0.05494344234466553,0.0005494343931786716,4,2,8
5141,2157,4252,0.0,0.009999999776482582,3.5068516731262207,0.3581216633319855,0.0035812165588140488,4,4,16
5142,2158,3717,0.0,0.009999999776482582,3.3975167274475098,0.3425023853778839,0.003425023751333356,4,4,16
5143,2158,3688,0.0,0.009999999776482582,5.347396373748779,0.6210566163063049,0.006210566032677889,4,6,24
5144,2159,3717,0.0,0.009999999776482582,2.1618268489837646,0.16597525775432587,0.001659752568230033,4,3,12
5145,2159,3688,0.0,0.009999999776482582,5.347396373748779,0.6210566163063049,0.006210566032677889,4,6,24
5146,2160,3926,0.0,0.009999999776482582,3.102898120880127,0.3004140257835388,0.003004140220582485,4,4,16
5147,2160,3890,0.0,0.009999999776482582,1.9624040126800537,0.1374862939119339,0.0013748628553003073,4,2,8
5148,3468,3890,0.0,0.009999999776482582,2.50763201713562,0.21537600457668304,0.002153760055080056,4,3,12
5149,2161,3468,0.0,0.009999999776482582,2.50763201713562,0.21537600457668304,0.002153760055080056,4,3,12
5150,2161,2162,0.0,0.009999999776482582,1.902632236480713,0.12894746661186218,0.001289474661462009,4,2,8
5151,2162,2163,0.0,0.009999999776482582,3.07501220703125,0.2964303195476532,0.0029643031302839518,4,4,16
5152,2164,3926,0.0,0.009999999776482582,3.102898120880127,0.3004140257835388,0.003004140220582485,4,4,16
5153,2164,2165,0.0,0.009999999776482582,2.84126877784729,0.26303839683532715,0.0026303839404135942,4,3,12
5154,2165,2166,0.0,0.009999999776482582,2.84126877784729,0.26303839683532715,0.0026303839404135942,4,3,12
5155,2166,3926,0.0,0.009999999776482582,3.102898120880127,0.3004140257835388,0.003004140220582485,4,4,16
5156,2167,3719,0.0,0.009999999776482582,3.2962677478790283,0.3280382454395294,0.0032803823705762625,4,4,16
5157,2167,2168,0.0,0.009999999776482582,1.5610449314117432,0.08014927804470062,0.0008014927734620869,4,2,8
5158,2168,3719,0.0,0.009999999776482582,3.2962677478790283,0.3280382454395294,0.0032803823705762625,4,4,16
5159,2169,4394,0.0,0.009999999776482582,5.899522304534912,0.6999317407608032,0.006999317090958357,4,6,24
5160,2169,2170,0.0,0.009999999776482582,2.3170619010925293,0.18815170228481293,0.0018815170042216778,4,3,12
5161,2170,2171,0.0,0.009999999776482582,2.3170619010925293,0.18815170228481293,0.0018815170042216778,4,3,12
5162,2171,3498,0.0,0.009999999776482582,2.3731017112731934,0.19615738093852997,0.001961573725566268,4,3,12
5163,2172,3460,0.0,0.009999999776482582,4.174483299255371,0.45349761843681335,0.004534976091235876,4,5,20
5164,2172,2173,0.0,0.009999999776482582,2.5637118816375732,0.22338740527629852,0.0022338740527629852,4,3,12
5165,2173,4394,0.0,0.009999999776482582,5.899522304534912,0.6999317407608032,0.006999317090958357,4,6,24
5166,2174,3567,0.0,0.009999999776482582,1.0025731325149536,0.0003675903717521578,3.675903599287267e-06,4,2,8
5167,2174,4268,0.0,0.009999999776482582,1.009362816810608,0.0013375452253967524,1.3375451999309007e-05,4,2,8
5168,3817,4268,0.0,0.009999999776482582,1.0908657312393188,0.012980818748474121,0.00012980819155927747,4,2,8
5169,2175,5164,0.0,0.009999999776482582,1.0217223167419434,0.003103188006207347,3.1031879188958555e-05,4,2,8
5170,2175,2176,0.0,0.009999999776482582,1.0798839330673218,0.011411990039050579,0.00011411989544285461,4,2,8
5171,2176,5164,0.0,0.009999999776482582,1.0798839330673218,0.011411990039050579,0.00011411989544285461,4,2,8
5172,2177,3799,0.0,0.009999999776482582,5.2673773765563965,0.6096253395080566,0.0060962531715631485,4,6,24
5173,2177,2178,0.0,0.009999999776482582,2.274754524230957,0.18210779130458832,0.0018210778944194317,4,3,12
5174,2178,3799,0.0,0.009999999776482582,5.2673773765563965,0.6096253395080566,0.0060962531715631485,4,6,24
5175,4723,5165,0.0,0.009999999776482582,4.538348197937012,0.5054783225059509,0.005054783076047897,4,5,20
5176,2179,4723,0.0,0.009999999776482582,1.8787909746170044,0.1255415678024292,0.0012554156128317118,4,2,8
5177,2179,5166,0.0,0.009999999776482582,1.8787909746170044,0.1255415678024292,0.0012554156128317118,4,2,8
5178,3361,4491,0.0,0.009999999776482582,2.0633544921875,0.1519077867269516,0.0015190778067335486,4,3,12
5179,2180,3361,0.0,0.009999999776482582,1.5122761726379395,0.07318230718374252,0.0007318230345845222,4,2,8
5180,2180,4723,0.0,0.009999999776482582,1.5122761726379395,0.07318230718374252,0.0007318230345845222,4,2,8
5181,3535,4723,0.0,0.009999999776482582,4.752325534820557,0.5360465049743652,0.005360465031117201,4,5,20
5182,3721,4368,0.5,0.5049999952316284,5.314292907714844,0.6163275837898254,0.3112454414367676,5,6,30
5183,4368,5167,0.5,0.5049999952316284,1.3761813640594482,0.05374019593000412,0.02713879942893982,5,2,10
5184,5028,5167,0.5,0.5049999952316284,6.305883407592773,0.7579833269119263,0.3827815651893616,5,7,35
5185,4368,5028,0.0,0.009999999776482582,6.305883407592773,0.7579833269119263,0.007579833269119263,4,7,28
5186,4050,4368,0.0,0.009999999776482582,1.4789996147155762,0.06842851638793945,0.000684285128954798,4,2,8
5187,3721,4050,0.0,0.009999999776482582,5.314292907714844,0.6163275837898254,0.006163275800645351,4,6,24
5188,2181,3958,0.0,0.009999999776482582,3.494479179382324,0.3563541769981384,0.0035635416861623526,4,4,16
5189,2181,4578,0.0,0.009999999776482582,2.8284435272216797,0.2612062096595764,0.002612062031403184,4,3,12
5190,3958,4578,0.5,0.5049999952316284,3.494479179382324,0.3563541769981384,0.17995886504650116,5,4,20
5191,2182,5168,0.0,0.009999999776482582,3.431370973587036,0.3473387062549591,0.003473387099802494,4,4,16
5192,2182,4578,0.0,0.009999999776482582,2.8284435272216797,0.2612062096595764,0.002612062031403184,4,3,12
5193,3977,4578,0.0,0.009999999776482582,3.648855447769165,0.37840792536735535,0.0037840791046619415,4,4,16
5194,4578,5168,0.9999998807907104,0.9999998807907104,3.431370973587036,0.3473387062549591,0.3473386764526367,5,4,20
5195,3986,4578,0.9999998807907104,0.9999998807907104,2.8284435272216797,0.2612062096595764,0.26120617985725403,5,3,15
5196,3958,3986,0.5,0.5049999952316284,3.494479179382324,0.3563541769981384,0.17995886504650116,5,4,20
5197,2183,4578,0.0,0.009999999776482582,3.2499337196350098,0.3214190900325775,0.0032141907140612602,4,4,16
5198,2183,3958,0.0,0.009999999776482582,3.494479179382324,0.3563541769981384,0.0035635416861623526,4,4,16
5199,3958,4576,0.0,0.009999999776482582,4.093257904052734,0.441893994808197,0.00441893981769681,4,5,20
5200,4412,4576,0.0,0.009999999776482582,4.093257904052734,0.441893994808197,0.00441893981769681,4,5,20
5201,4412,4578,0.0,0.009999999776482582,2.8284435272216797,0.2612062096595764,0.002612062031403184,4,3,12
5202,3986,5168,0.5,0.5049999952316284,3.431370973587036,0.3473387062549591,0.17540603876113892,5,4,20
5203,2184,4578,0.0,0.009999999776482582,2.8284435272216797,0.2612062096595764,0.002612062031403184,4,3,12
5204,2184,4764,0.0,0.009999999776482582,1.8031635284423828,0.11473764479160309,0.001147376373410225,4,2,8
5205,3958,4764,0.0,0.009999999776482582,3.494479179382324,0.3563541769981384,0.0035635416861623526,4,4,16
5206,2185,4576,0.0,0.009999999776482582,4.936321258544922,0.5623316168785095,0.005623315926641226,4,5,20
5207,2186,4576,0.0,0.009999999776482582,4.093257904052734,0.441893994808197,0.00441893981769681,4,5,20
5208,2186,3958,0.0,0.009999999776482582,3.494479179382324,0.3563541769981384,0.0035635416861623526,4,4,16
5209,2187,5168,0.0,0.009999999776482582,3.431370973587036,0.3473387062549591,0.003473387099802494,4,4,16
5210,2187,2188,0.0,0.009999999776482582,1.7262816429138184,0.10375452041625977,0.001037545152939856,4,2,8
5211,2188,2189,0.0,0.009999999776482582,1.7262816429138184,0.10375452041625977,0.001037545152939856,4,2,8
5212,2189,3958,0.0,0.009999999776482582,3.494479179382324,0.3563541769981384,0.0035635416861623526,4,4,16
5213,2190,3958,0.0,0.009999999776482582,3.494479179382324,0.3563541769981384,0.0035635416861623526,4,4,16
5214,2190,4764,0.0,0.009999999776482582,3.1231794357299805,0.3033113479614258,0.003033113433048129,4,4,16
5215,4577,4764,0.0,0.009999999776482582,2.4390103816986084,0.2055729180574417,0.002055729040876031,4,3,12
5216,4437,5170,0.9999998807907104,0.9999998807907104,6.992038726806641,0.8560055494308472,0.8560054302215576,5,7,35
5217,5169,5170,0.5,0.5049999952316284,1.1688783168792725,0.0241254735738039,0.012183364480733871,5,2,10
5218,4437,5169,0.9999998807907104,0.9999998807907104,6.992038726806641,0.8560055494308472,0.8560054302215576,5,7,35
5219,4437,5171,0.9999998807907104,0.9999998807907104,6.992038726806641,0.8560055494308472,0.8560054302215576,5,7,35
5220,5170,5171,0.5,0.5049999952316284,1.1688783168792725,0.0241254735738039,0.012183364480733871,5,2,10
5221,4437,4530,0.9999998807907104,0.9999998807907104,6.992038726806641,0.8560055494308472,0.8560054302215576,5,7,35
5222,4530,5169,0.5,0.5049999952316284,1.1652941703796387,0.023613452911376953,0.01192479394376278,5,2,10
5223,3816,5171,0.0,0.009999999776482582,6.981029510498047,0.8544327616691589,0.008544327691197395,4,7,28
5224,2191,5171,0.0,0.009999999776482582,1.1586118936538696,0.02265884168446064,0.0002265884104417637,4,2,8
5225,2191,5170,0.0,0.009999999776482582,1.1688783168792725,0.0241254735738039,0.00024125473282765597,4,2,8
5226,2192,5170,0.0,0.009999999776482582,2.4161036014556885,0.2023005187511444,0.002023005159571767,4,3,12
5227,2192,4437,0.0,0.009999999776482582,6.992038726806641,0.8560055494308472,0.008560054935514927,4,7,28
5228,3816,5170,0.0,0.009999999776482582,6.981029510498047,0.8544327616691589,0.008544327691197395,4,7,28
5229,2193,5170,0.0,0.009999999776482582,1.5555319786071777,0.07936171442270279,0.000793617102317512,4,2,8
5230,2193,4437,0.0,0.009999999776482582,6.992038726806641,0.8560055494308472,0.008560054935514927,4,7,28
5231,3362,5171,0.0,0.009999999776482582,1.1308296918869019,0.01868995651602745,0.00018689956050366163,4,2,8
5232,3362,4437,0.0,0.009999999776482582,6.992038726806641,0.8560055494308472,0.008560054935514927,4,7,28
5233,3722,5169,0.0,0.009999999776482582,2.2152981758117676,0.1736140251159668,0.0017361402278766036,4,3,12
5234,3816,5169,0.0,0.009999999776482582,6.981029510498047,0.8544327616691589,0.008544327691197395,4,7,28
5235,4530,5170,0.0,0.009999999776482582,1.1688783168792725,0.0241254735738039,0.00024125473282765597,4,2,8
5236,2194,4887,0.0,0.009999999776482582,3.572172164916992,0.3674531579017639,0.003674531588330865,4,4,16
5237,2194,2195,0.0,0.009999999776482582,2.232600212097168,0.17608574032783508,0.0017608574125915766,4,3,12
5238,2195,2196,0.0,0.009999999776482582,2.232600212097168,0.17608574032783508,0.0017608574125915766,4,3,12
5239,2196,4887,0.0,0.009999999776482582,3.572172164916992,0.3674531579017639,0.003674531588330865,4,4,16
5240,2197,4887,0.0,0.009999999776482582,3.572172164916992,0.3674531579017639,0.003674531588330865,4,4,16
5241,2197,3723,0.0,0.009999999776482582,2.0059900283813477,0.1437128633260727,0.0014371286379173398,4,3,12
5242,2198,3723,0.0,0.009999999776482582,1.7305885553359985,0.10436979681253433,0.0010436979355290532,4,2,8
5243,2198,4887,0.0,0.009999999776482582,3.572172164916992,0.3674531579017639,0.003674531588330865,4,4,16
5244,2199,4887,0.0,0.009999999776482582,3.572172164916992,0.3674531579017639,0.003674531588330865,4,4,16
5245,2199,2200,0.0,0.009999999776482582,2.177018404006958,0.16814549267292023,0.0016814549453556538,4,3,12
5246,2200,2201,0.0,0.009999999776482582,2.177018404006958,0.16814549267292023,0.0016814549453556538,4,3,12
5247,2201,5172,0.0,0.009999999776482582,1.5834589004516602,0.083351269364357,0.0008335126913152635,4,2,8
5248,2202,4056,0.0,0.009999999776482582,2.877451181411743,0.268207311630249,0.0026820730417966843,4,3,12
5249,2202,2203,0.0,0.009999999776482582,2.877451181411743,0.268207311630249,0.0026820730417966843,4,3,12
5250,2203,2204,0.0,0.009999999776482582,1.315070390701294,0.04501005634665489,0.00045010054600425065,4,2,8
5251,2204,5172,0.0,0.009999999776482582,1.5834589004516602,0.083351269364357,0.0008335126913152635,4,2,8
5252,2205,5173,0.0,0.009999999776482582,1.038712978363037,0.005530425347387791,5.530425187316723e-05,4,2,8
5253,2205,3363,0.0,0.009999999776482582,1.0801652669906616,0.01145218126475811,0.00011452181206550449,4,2,8
5254,3363,5173,0.0,0.009999999776482582,1.0801652669906616,0.01145218126475811,0.00011452181206550449,4,2,8
5255,2206,3363,0.0,0.009999999776482582,1.0801652669906616,0.01145218126475811,0.00011452181206550449,4,2,8
5256,2206,5173,0.0,0.009999999776482582,1.055078387260437,0.00786834117025137,7.868341344874352e-05,4,2,8
5257,2207,4579,0.0,0.009999999776482582,1.683362603187561,0.09762322902679443,0.0009762322879396379,4,2,8
5258,2207,5175,0.0,0.009999999776482582,2.2347841262817383,0.17639772593975067,0.0017639772268012166,4,3,12
5259,5174,5175,0.0,0.009999999776482582,2.2347841262817383,0.17639772593975067,0.0017639772268012166,4,3,12
5260,3364,4579,0.0,0.009999999776482582,1.8667584657669067,0.1238226369023323,0.0012382263084873557,4,2,8
5261,2208,3364,0.0,0.009999999776482582,1.8667584657669067,0.1238226369023323,0.0012382263084873557,4,2,8
5262,2208,5073,0.0,0.009999999776482582,1.5512049198150635,0.07874356210231781,0.0007874356233514845,4,2,8
5263,2209,4579,0.0,0.009999999776482582,1.683362603187561,0.09762322902679443,0.0009762322879396379,4,2,8
5264,2209,3365,0.0,0.009999999776482582,1.1080979108810425,0.0154425585642457,0.0001544255792396143,4,2,8
5265,3365,5174,0.0,0.009999999776482582,1.4142637252807617,0.05918053165078163,0.0005918053211644292,4,2,8
5266,4579,5175,0.0,0.009999999776482582,2.2347841262817383,0.17639772593975067,0.0017639772268012166,4,3,12
5267,2210,5175,0.0,0.009999999776482582,2.2347841262817383,0.17639772593975067,0.0017639772268012166,4,3,12
5268,4608,4645,0.9999998807907104,0.9999998807907104,1.974765419960022,0.1392522007226944,0.1392521858215332,5,2,10
5269,4094,4645,0.5,0.5049999952316284,1.868069052696228,0.1240098625421524,0.0626249834895134,5,2,10
5270,4485,4645,0.0,0.009999999776482582,7.152796268463135,0.8789709210395813,0.008789708837866783,4,8,32
5271,4580,4645,0.0,0.009999999776482582,1.868069052696228,0.1240098625421524,0.0012400986161082983,4,2,8
5272,4485,4580,0.0,0.009999999776482582,7.152796268463135,0.8789709210395813,0.008789708837866783,4,8,32
5273,2211,4645,0.0,0.009999999776482582,1.868069052696228,0.1240098625421524,0.0012400986161082983,4,2,8
5274,2211,4485,0.0,0.009999999776482582,7.152796268463135,0.8789709210395813,0.008789708837866783,4,8,32
5275,3566,4485,0.0,0.009999999776482582,7.152796268463135,0.8789709210395813,0.008789708837866783,4,8,32
5276,3566,4094,0.0,0.009999999776482582,2.314941883087158,0.18784883618354797,0.0018784883432090282,4,3,12
5277,4094,4485,0.0,0.009999999776482582,7.152796268463135,0.8789709210395813,0.008789708837866783,4,8,32
5278,4330,4581,0.5,0.5049999952316284,5.509000778198242,0.6441429853439331,0.3252921998500824,5,6,30
5279,4208,4581,0.5,0.5049999952316284,3.0252795219421387,0.28932565450668335,0.1461094468832016,5,4,20
5280,3561,4208,0.0,0.009999999776482582,3.0252795219421387,0.28932565450668335,0.002893256489187479,4,4,16
5281,3561,4582,0.0,0.009999999776482582,2.67909574508667,0.2398708164691925,0.002398708136752248,4,3,12
5282,4582,4583,0.0,0.009999999776482582,2.4146218299865723,0.2020888328552246,0.002020888263359666,4,3,12
5283,4330,4583,0.0,0.009999999776482582,5.509000778198242,0.6441429853439331,0.006441429723054171,4,6,24
5284,2212,4330,0.0,0.009999999776482582,5.509000778198242,0.6441429853439331,0.006441429723054171,4,6,24
5285,2212,4821,0.0,0.009999999776482582,2.1513047218322754,0.16447210311889648,0.001644721021875739,4,3,12
5286,4330,4821,0.5,0.5049999952316284,5.509000778198242,0.6441429853439331,0.3252921998500824,5,6,30
5287,4581,4821,0.0,0.009999999776482582,1.3766460418701172,0.05380657687783241,0.0005380657385103405,4,2,8
5288,2213,4381,0.0,0.009999999776482582,5.5192413330078125,0.6456059217453003,0.0064560589380562305,4,6,24
5289,2213,4689,0.0,0.009999999776482582,1.4169402122497559,0.059562887996435165,0.000595628865994513,4,2,8
5290,3697,4689,0.5,0.5049999952316284,1.455237627029419,0.06503394991159439,0.03284214437007904,5,2,10
5291,3697,4551,0.9999998807907104,0.9999998807907104,1.7214326858520508,0.10306181013584137,0.10306179523468018,5,2,10
5292,4551,5131,0.0,0.009999999776482582,1.7734476327896118,0.1104925200343132,0.0011049251770600677,4,2,8
5293,2214,4548,0.0,0.009999999776482582,3.732555866241455,0.3903651237487793,0.0039036511443555355,4,4,16
5294,2214,4381,0.0,0.009999999776482582,5.5192413330078125,0.6456059217453003,0.0064560589380562305,4,6,24
5295,2215,4381,0.0,0.009999999776482582,5.5192413330078125,0.6456059217453003,0.0064560589380562305,4,6,24
5296,2215,2216,0.0,0.009999999776482582,2.4418282508850098,0.2059754580259323,0.0020597544498741627,4,3,12
5297,2216,4551,0.0,0.009999999776482582,1.7214326858520508,0.10306181013584137,0.001030618092045188,4,2,8
5298,2217,3697,0.0,0.009999999776482582,1.455237627029419,0.06503394991159439,0.0006503394688479602,4,2,8
5299,2217,2218,0.0,0.009999999776482582,1.2708216905593872,0.03868881240487099,0.00038688810309395194,4,2,8
5300,2218,4507,0.0,0.009999999776482582,2.345830202102661,0.1922614574432373,0.0019226145232096314,4,3,12
5301,4507,4817,0.0,0.009999999776482582,2.345830202102661,0.1922614574432373,0.0019226145232096314,4,3,12
5302,4284,4817,0.0,0.009999999776482582,1.431466817855835,0.06163811683654785,0.0006163811776787043,4,2,8
5303,2219,4381,0.0,0.009999999776482582,5.5192413330078125,0.6456059217453003,0.0064560589380562305,4,6,24
5304,2219,2220,0.0,0.009999999776482582,2.5444953441619873,0.22064219415187836,0.002206421922892332,4,3,12
5305,2220,4381,0.0,0.009999999776482582,5.5192413330078125,0.6456059217453003,0.0064560589380562305,4,6,24
5306,2221,4381,0.0,0.009999999776482582,5.5192413330078125,0.6456059217453003,0.0064560589380562305,4,6,24
5307,2221,4689,0.0,0.009999999776482582,2.0414257049560547,0.1487751007080078,0.0014877510257065296,4,3,12
5308,2222,4478,0.0,0.009999999776482582,2.307173728942871,0.18673910200595856,0.0018673909362405539,4,3,12
5309,2222,3697,0.0,0.009999999776482582,2.307173728942871,0.18673910200595856,0.0018673909362405539,4,3,12
5310,2223,4584,0.0,0.009999999776482582,1.4422650337219238,0.06318072229623795,0.0006318071973510087,4,2,8
5311,2223,2224,0.0,0.009999999776482582,2.2851595878601074,0.1835942268371582,0.001835942268371582,4,3,12
5312,2224,4381,0.0,0.009999999776482582,5.5192413330078125,0.6456059217453003,0.0064560589380562305,4,6,24
5313,2225,4381,0.0,0.009999999776482582,5.5192413330078125,0.6456059217453003,0.0064560589380562305,4,6,24
5314,2225,4584,0.0,0.009999999776482582,1.3476552963256836,0.04966504126787186,0.0004966504056937993,4,2,8
5315,3697,4058,0.0,0.009999999776482582,1.455237627029419,0.06503394991159439,0.0006503394688479602,4,2,8
5316,2226,4058,0.0,0.009999999776482582,1.7881923913955688,0.11259891092777252,0.0011259891325607896,4,2,8
5317,2226,4548,0.0,0.009999999776482582,1.9691779613494873,0.13845399022102356,0.0013845398789271712,4,2,8
5318,2227,5131,0.0,0.009999999776482582,1.7734476327896118,0.1104925200343132,0.0011049251770600677,4,2,8
5319,2227,4689,0.0,0.009999999776482582,1.4169402122497559,0.059562887996435165,0.000595628865994513,4,2,8
5320,3697,4585,0.0,0.009999999776482582,1.455237627029419,0.06503394991159439,0.0006503394688479602,4,2,8
5321,3697,4550,0.5,0.5049999952316284,1.5016107559204102,0.0716586783528328,0.036187633872032166,5,2,10
5322,2228,4550,0.0,0.009999999776482582,1.687583088874817,0.0982261523604393,0.0009822614956647158,4,2,8
5323,2228,4381,0.0,0.009999999776482582,5.5192413330078125,0.6456059217453003,0.0064560589380562305,4,6,24
5324,2229,3697,0.0,0.009999999776482582,1.613612174987793,0.08765888214111328,0.0008765888051129878,4,2,8
5325,2229,4381,0.0,0.009999999776482582,5.5192413330078125,0.6456059217453003,0.0064560589380562305,4,6,24
5326,2230,4381,0.0,0.009999999776482582,5.5192413330078125,0.6456059217453003,0.0064560589380562305,4,6,24
5327,2230,2231,0.0,0.009999999776482582,1.9596606492996216,0.1370943784713745,0.0013709437334910035,4,2,8
5328,2231,4381,0.0,0.009999999776482582,5.5192413330078125,0.6456059217453003,0.0064560589380562305,4,6,24
5329,2232,4551,0.0,0.009999999776482582,1.7214326858520508,0.10306181013584137,0.001030618092045188,4,2,8
5330,2232,4381,0.0,0.009999999776482582,5.5192413330078125,0.6456059217453003,0.0064560589380562305,4,6,24
5331,2233,4381,0.0,0.009999999776482582,5.5192413330078125,0.6456059217453003,0.0064560589380562305,4,6,24
5332,2233,4817,0.0,0.009999999776482582,1.4946198463439941,0.07065998017787933,0.0007065997924655676,4,2,8
5333,2234,4817,0.0,0.009999999776482582,1.431466817855835,0.06163811683654785,0.0006163811776787043,4,2,8
5334,2234,2235,0.0,0.009999999776482582,1.8496854305267334,0.12138362973928452,0.0012138362508267164,4,2,8
5335,2235,2236,0.0,0.009999999776482582,1.8496854305267334,0.12138362973928452,0.0012138362508267164,4,2,8
5336,2236,2237,0.0,0.009999999776482582,1.191772222518921,0.027396032586693764,0.000273960322374478,4,2,8
5337,2237,4381,0.0,0.009999999776482582,5.5192413330078125,0.6456059217453003,0.0064560589380562305,4,6,24
5338,3697,4586,0.0,0.009999999776482582,2.269195318222046,0.181313619017601,0.00181313615757972,4,3,12
5339,2238,4538,0.0,0.009999999776482582,1.4098258018493652,0.05854654312133789,0.0005854654009453952,4,2,8
5340,2238,5131,0.0,0.009999999776482582,1.7734476327896118,0.1104925200343132,0.0011049251770600677,4,2,8
5341,2239,3721,0.0,0.009999999776482582,5.314292907714844,0.6163275837898254,0.006163275800645351,4,6,24
5342,2239,2240,0.0,0.009999999776482582,1.878334641456604,0.12547637522220612,0.001254763687029481,4,2,8
5343,2240,3721,0.0,0.009999999776482582,5.314292907714844,0.6163275837898254,0.006163275800645351,4,6,24
5344,2241,4436,0.0,0.009999999776482582,6.203383445739746,0.7433404922485352,0.007433404680341482,4,7,28
5345,2241,2242,0.0,0.009999999776482582,1.5260722637176514,0.0751531794667244,0.0007515317993238568,4,2,8
5346,2242,4436,0.0,0.009999999776482582,6.203383445739746,0.7433404922485352,0.007433404680341482,4,7,28
5347,2243,3536,0.0,0.009999999776482582,3.4065165519714355,0.3437880873680115,0.0034378808923065662,4,4,16
5348,2243,3903,0.0,0.009999999776482582,3.4065165519714355,0.3437880873680115,0.0034378808923065662,4,4,16
5349,3903,4436,0.5,0.5049999952316284,6.203383445739746,0.7433404922485352,0.37538695335388184,5,7,35
5350,3707,4161,0.0,0.009999999776482582,1.9846752882003784,0.1406679004430771,0.001406678929924965,4,2,8
5351,2244,4161,0.0,0.009999999776482582,1.25810968875885,0.03687281161546707,0.00036872809869237244,4,2,8
5352,2244,2245,0.0,0.009999999776482582,2.5848560333251953,0.2264080047607422,0.0022640801034867764,4,3,12
5353,2245,3610,0.0,0.009999999776482582,2.5848560333251953,0.2264080047607422,0.0022640801034867764,4,3,12
5354,4419,4485,0.0,0.009999999776482582,7.152796268463135,0.8789709210395813,0.008789708837866783,4,8,32
5355,4419,4424,0.0,0.009999999776482582,1.492965817451477,0.0704236850142479,0.0007042368524707854,4,2,8
5356,3678,4424,0.0,0.009999999776482582,2.4241766929626465,0.20345380902290344,0.002034537959843874,4,3,12
5357,2246,4361,0.0,0.009999999776482582,2.611294746398926,0.23018495738506317,0.0023018494248390198,4,3,12
5358,2246,2247,0.0,0.009999999776482582,1.7085535526275635,0.10122193396091461,0.0010122193489223719,4,2,8
5359,2247,3725,0.0,0.009999999776482582,2.500636100769043,0.21437658369541168,0.002143765799701214,4,3,12
5360,2248,4361,0.0,0.009999999776482582,2.611294746398926,0.23018495738506317,0.0023018494248390198,4,3,12
5361,2248,4427,0.0,0.009999999776482582,1.9287091493606567,0.1326727420091629,0.0013267274480313063,4,2,8
5362,4361,4427,0.5,0.5049999952316284,2.611294746398926,0.23018495738506317,0.1162433996796608,5,3,15
5363,2249,4361,0.0,0.009999999776482582,2.611294746398926,0.23018495738506317,0.0023018494248390198,4,3,12
5364,2249,4427,0.0,0.009999999776482582,1.9287091493606567,0.1326727420091629,0.0013267274480313063,4,2,8
5365,2250,4146,0.0,0.009999999776482582,1.668219804763794,0.09545997530221939,0.0009545997600071132,4,2,8
5366,2250,3366,0.0,0.009999999776482582,1.7216213941574097,0.10308877378702164,0.0010308877099305391,4,2,8
5367,3366,4146,0.0,0.009999999776482582,1.7216213941574097,0.10308877378702164,0.0010308877099305391,4,2,8
5368,2251,5177,0.0,0.009999999776482582,3.1818342208862305,0.3116905987262726,0.0031169059220701456,4,4,16
5369,2251,2252,0.0,0.009999999776482582,1.1833410263061523,0.026191575452685356,0.00026191576034761965,4,2,8
5370,2252,2253,0.0,0.009999999776482582,1.1954952478408813,0.02792789228260517,0.00027927893097512424,4,2,8
5371,2253,5177,0.0,0.009999999776482582,3.1818342208862305,0.3116905987262726,0.0031169059220701456,4,4,16
5372,2254,5176,0.0,0.009999999776482582,2.2126641273498535,0.17323772609233856,0.0017323772190138698,4,3,12
5373,2254,2255,0.0,0.009999999776482582,2.1417465209960938,0.16310665011405945,0.0016310664359480143,4,3,12
5374,2255,5176,0.0,0.009999999776482582,2.2126641273498535,0.17323772609233856,0.0017323772190138698,4,3,12
5375,2256,5176,0.0,0.009999999776482582,2.2126641273498535,0.17323772609233856,0.0017323772190138698,4,3,12
5376,2256,2257,0.0,0.009999999776482582,1.4709155559539795,0.06727365404367447,0.0006727365544065833,4,2,8
5377,2257,3367,0.0,0.009999999776482582,1.1221789121627808,0.017454130575060844,0.0001745413028402254,4,2,8
5378,3367,5176,0.0,0.009999999776482582,2.2126641273498535,0.17323772609233856,0.0017323772190138698,4,3,12
5379,2258,3367,0.0,0.009999999776482582,1.0884523391723633,0.012636048719286919,0.00012636047904379666,4,2,8
5380,2258,2259,0.0,0.009999999776482582,1.1985208988189697,0.02836012840270996,0.00028360128635540605,4,2,8
5381,2259,2260,0.0,0.009999999776482582,1.804416537284851,0.11491664499044418,0.0011491663753986359,4,2,8
5382,2260,2261,0.0,0.009999999776482582,1.804416537284851,0.11491664499044418,0.0011491663753986359,4,2,8
5383,2261,2262,0.0,0.009999999776482582,1.2955567836761475,0.04222239926457405,0.00042222399497404695,4,2,8
5384,4562,5158,0.0,0.009999999776482582,2.0308685302734375,0.1472669392824173,0.0014726693043485284,4,3,12
5385,3368,5158,0.0,0.009999999776482582,2.2926294803619385,0.1846613585948944,0.0018466135952621698,4,3,12
5386,3368,4608,0.0,0.009999999776482582,2.2926294803619385,0.1846613585948944,0.0018466135952621698,4,3,12
5387,3856,4462,0.0,0.009999999776482582,3.553133726119995,0.36473339796066284,0.0036473339423537254,4,4,16
5388,4462,5084,0.0,0.009999999776482582,2.946746826171875,0.278106689453125,0.0027810668107122183,4,3,12
5389,2263,4462,0.0,0.009999999776482582,1.8833696842193604,0.12619566917419434,0.0012619566405192018,4,2,8
5390,2263,5084,0.0,0.009999999776482582,2.946746826171875,0.278106689453125,0.0027810668107122183,4,3,12
5391,2264,4562,0.0,0.009999999776482582,2.0308685302734375,0.1472669392824173,0.0014726693043485284,4,3,12
5392,2264,3694,0.0,0.009999999776482582,1.5231592655181885,0.07473703473806381,0.0007473703590221703,4,2,8
5393,4589,5084,0.0,0.009999999776482582,5.558590412139893,0.6512271761894226,0.006512271706014872,4,6,24
5394,2265,5084,0.0,0.009999999776482582,2.946746826171875,0.278106689453125,0.0027810668107122183,4,3,12
5395,2265,4608,0.0,0.009999999776482582,2.483295202255249,0.2118993103504181,0.0021189930848777294,4,3,12
5396,4398,5084,0.0,0.009999999776482582,2.946746826171875,0.278106689453125,0.0027810668107122183,4,3,12
5397,2266,3856,0.0,0.009999999776482582,3.553133726119995,0.36473339796066284,0.0036473339423537254,4,4,16
5398,2266,2267,0.0,0.009999999776482582,1.7508273124694824,0.1072610467672348,0.0010726104956120253,4,2,8
5399,2267,4608,0.0,0.009999999776482582,1.974765419960022,0.1392522007226944,0.0013925220118835568,4,2,8
5400,2268,5084,0.0,0.009999999776482582,2.946746826171875,0.278106689453125,0.0027810668107122183,4,3,12
5401,2268,4608,0.0,0.009999999776482582,1.974765419960022,0.1392522007226944,0.0013925220118835568,4,2,8
5402,3694,3892,0.0,0.009999999776482582,2.002925395965576,0.14327505230903625,0.0014327504904940724,4,3,12
5403,3892,5084,0.0,0.009999999776482582,2.946746826171875,0.278106689453125,0.0027810668107122183,4,3,12
5404,3694,5084,0.0,0.009999999776482582,2.946746826171875,0.278106689453125,0.0027810668107122183,4,3,12
5405,2269,4608,0.0,0.009999999776482582,1.974765419960022,0.1392522007226944,0.0013925220118835568,4,2,8
5406,2269,5084,0.0,0.009999999776482582,2.946746826171875,0.278106689453125,0.0027810668107122183,4,3,12
5407,2270,5084,0.0,0.009999999776482582,2.946746826171875,0.278106689453125,0.0027810668107122183,4,3,12
5408,2271,5084,0.0,0.009999999776482582,2.946746826171875,0.278106689453125,0.0027810668107122183,4,3,12
5409,2271,4608,0.0,0.009999999776482582,1.974765419960022,0.1392522007226944,0.0013925220118835568,4,2,8
5410,2272,5084,0.0,0.009999999776482582,2.946746826171875,0.278106689453125,0.0027810668107122183,4,3,12
5411,2272,4608,0.0,0.009999999776482582,1.974765419960022,0.1392522007226944,0.0013925220118835568,4,2,8
5412,3368,4461,0.0,0.009999999776482582,2.2926294803619385,0.1846613585948944,0.0018466135952621698,4,3,12
5413,4461,5158,0.0,0.009999999776482582,1.596251368522644,0.08517877012491226,0.0008517876849509776,4,2,8
5414,2273,4608,0.0,0.009999999776482582,2.288937568664551,0.18413393199443817,0.0018413392826914787,4,3,12
5415,2273,4461,0.0,0.009999999776482582,2.288937568664551,0.18413393199443817,0.0018413392826914787,4,3,12
5416,2274,4461,0.0,0.009999999776482582,4.607928276062012,0.5154183506965637,0.005154183600097895,4,5,20
5417,2274,4608,0.0,0.009999999776482582,4.607928276062012,0.5154183506965637,0.005154183600097895,4,5,20
5418,2275,4608,0.0,0.009999999776482582,1.974765419960022,0.1392522007226944,0.0013925220118835568,4,2,8
5419,2275,4461,0.0,0.009999999776482582,1.8892440795898438,0.12703487277030945,0.00127034867182374,4,2,8
5420,2276,4232,0.0,0.009999999776482582,4.0323381423950195,0.4331911504268646,0.004331911448389292,4,5,20
5421,2276,2277,0.0,0.009999999776482582,2.6946043968200684,0.24208633601665497,0.0024208633694797754,4,3,12
5422,2277,4232,0.0,0.009999999776482582,4.0323381423950195,0.4331911504268646,0.004331911448389292,4,5,20
5423,2278,4590,0.0,0.009999999776482582,1.9576407670974731,0.13680581748485565,0.0013680581469088793,4,2,8
5424,2278,4232,0.0,0.009999999776482582,4.0323381423950195,0.4331911504268646,0.004331911448389292,4,5,20
5425,3369,5037,0.0,0.009999999776482582,4.123453140258789,0.44620758295059204,0.004462075885385275,4,5,20
5426,3369,3939,0.0,0.009999999776482582,2.3292219638824463,0.1898888498544693,0.001898888498544693,4,3,12
5427,3939,5037,0.0,0.009999999776482582,4.123453140258789,0.44620758295059204,0.004462075885385275,4,5,20
5428,2279,5037,0.0,0.009999999776482582,4.123453140258789,0.44620758295059204,0.004462075885385275,4,5,20
5429,2279,2280,0.0,0.009999999776482582,3.118269920349121,0.30260998010635376,0.0030260996427387,4,4,16
5430,2280,5037,0.0,0.009999999776482582,4.123453140258789,0.44620758295059204,0.004462075885385275,4,5,20
5431,2281,5037,0.0,0.009999999776482582,4.123453140258789,0.44620758295059204,0.004462075885385275,4,5,20
5432,2281,2282,0.0,0.009999999776482582,1.2403210401535034,0.03433157876133919,0.0003433157689869404,4,2,8
5433,2282,5037,0.0,0.009999999776482582,4.123453140258789,0.44620758295059204,0.004462075885385275,4,5,20
5434,2283,5037,0.0,0.009999999776482582,4.123453140258789,0.44620758295059204,0.004462075885385275,4,5,20
5435,2283,3939,0.0,0.009999999776482582,1.759750485420227,0.1085357815027237,0.001085357740521431,4,2,8
5436,2284,3939,0.0,0.009999999776482582,1.759750485420227,0.1085357815027237,0.001085357740521431,4,2,8
5437,2284,5037,0.0,0.009999999776482582,4.123453140258789,0.44620758295059204,0.004462075885385275,4,5,20
5438,2285,4436,0.0,0.009999999776482582,6.203383445739746,0.7433404922485352,0.007433404680341482,4,7,28
5439,2285,2286,0.0,0.009999999776482582,1.3894283771514893,0.05563262477517128,0.000556326238438487,4,2,8
5440,2286,4436,0.0,0.009999999776482582,6.203383445739746,0.7433404922485352,0.007433404680341482,4,7,28
5441,2287,4394,0.0,0.009999999776482582,5.899522304534912,0.6999317407608032,0.006999317090958357,4,6,24
5442,2287,2288,0.0,0.009999999776482582,1.5048737525939941,0.07212482392787933,0.000721248215995729,4,2,8
5443,2288,4394,0.0,0.009999999776482582,5.899522304534912,0.6999317407608032,0.006999317090958357,4,6,24
5444,4330,4400,0.5,0.5049999952316284,5.509000778198242,0.6441429853439331,0.3252921998500824,5,6,30
5445,3370,4400,0.5,0.5049999952316284,1.3237028121948242,0.04624325782060623,0.023352844640612602,5,2,10
5446,3370,4330,0.5,0.5049999952316284,5.509000778198242,0.6441429853439331,0.3252921998500824,5,6,30
5447,4598,5178,0.5,0.5049999952316284,1.1855491399765015,0.026507019996643066,0.013386044651269913,5,2,10
5448,2289,5178,0.0,0.009999999776482582,1.1199671030044556,0.017138157039880753,0.00017138157272711396,4,2,8
5449,2289,4598,0.0,0.009999999776482582,1.1855491399765015,0.026507019996643066,0.0002650702081155032,4,2,8
5450,2290,5178,0.0,0.009999999776482582,1.5670545101165771,0.08100778609514236,0.0008100778213702142,4,2,8
5451,2290,4598,0.0,0.009999999776482582,1.5670545101165771,0.08100778609514236,0.0008100778213702142,4,2,8
5452,2291,3890,0.0,0.009999999776482582,1.9088363647460938,0.12983377277851105,0.001298337709158659,4,2,8
5453,2291,2292,0.0,0.009999999776482582,1.7166070938110352,0.10237244516611099,0.0010237244423478842,4,2,8
5454,2292,3926,0.0,0.009999999776482582,3.102898120880127,0.3004140257835388,0.003004140220582485,4,4,16
5455,2293,4949,0.0,0.009999999776482582,1.5189234018325806,0.07413191348314285,0.0007413190905936062,4,2,8
5456,2293,3372,0.0,0.009999999776482582,1.0924643278121948,0.013209189288318157,0.00013209189637564123,4,2,8
5457,3372,4949,0.0,0.009999999776482582,1.5189234018325806,0.07413191348314285,0.0007413190905936062,4,2,8
5458,4599,4949,0.0,0.009999999776482582,1.7907516956329346,0.11296452581882477,0.0011296452721580863,4,2,8
5459,2294,4599,0.0,0.009999999776482582,2.002349376678467,0.14319276809692383,0.0014319276669993997,4,3,12
5460,2294,4949,0.0,0.009999999776482582,2.002349376678467,0.14319276809692383,0.0014319276669993997,4,3,12
5461,2295,4949,0.0,0.009999999776482582,1.5189234018325806,0.07413191348314285,0.0007413190905936062,4,2,8
5462,2295,3371,0.0,0.009999999776482582,1.120489478111267,0.01721278205513954,0.00017212780949193984,4,2,8
5463,3371,4949,0.0,0.009999999776482582,1.5189234018325806,0.07413191348314285,0.0007413190905936062,4,2,8
5464,4949,5179,0.0,0.009999999776482582,1.5189234018325806,0.07413191348314285,0.0007413190905936062,4,2,8
5465,2296,5179,0.0,0.009999999776482582,1.0647554397583008,0.009250776842236519,9.25077692954801e-05,4,2,8
5466,2296,4949,0.0,0.009999999776482582,1.5189234018325806,0.07413191348314285,0.0007413190905936062,4,2,8
5467,2297,3610,0.0,0.009999999776482582,1.367764949798584,0.05253785103559494,0.0005253785056993365,4,2,8
5468,2297,2298,0.0,0.009999999776482582,1.367764949798584,0.05253785103559494,0.0005253785056993365,4,2,8
5469,2298,3674,0.0,0.009999999776482582,1.8104548454284668,0.11577926576137543,0.00115779263433069,4,2,8
5470,4336,4563,0.0,0.009999999776482582,3.318997859954834,0.33128541707992554,0.0033128540962934494,4,4,16
5471,4125,4336,0.0,0.009999999776482582,3.1972522735595703,0.3138931691646576,0.0031389317009598017,4,4,16
5472,3804,4125,0.0,0.009999999776482582,1.779113531112671,0.11130193620920181,0.0011130193015560508,4,2,8
5473,3804,3934,0.0,0.009999999776482582,1.2032673358917236,0.029038190841674805,0.00029038189677521586,4,2,8
5474,3934,4336,0.0,0.009999999776482582,3.1972522735595703,0.3138931691646576,0.0031389317009598017,4,4,16
5475,2299,4336,0.0,0.009999999776482582,3.1972522735595703,0.3138931691646576,0.0031389317009598017,4,4,16
5476,2299,4350,0.0,0.009999999776482582,1.682180643081665,0.09745437651872635,0.0009745437419041991,4,2,8
5477,4330,4338,0.0,0.009999999776482582,5.509000778198242,0.6441429853439331,0.006441429723054171,4,6,24
5478,2300,4338,0.0,0.009999999776482582,2.361517906188965,0.1945025622844696,0.0019450256368145347,4,3,12
5479,2300,2301,0.0,0.009999999776482582,1.7653614282608032,0.10933734476566315,0.0010933734010905027,4,2,8
5480,2301,3816,0.0,0.009999999776482582,6.981029510498047,0.8544327616691589,0.008544327691197395,4,7,28
5481,4631,4632,0.0,0.009999999776482582,4.376689910888672,0.48238426446914673,0.00482384255155921,4,5,20
5482,3870,4632,0.0,0.009999999776482582,1.4409584999084473,0.06299407035112381,0.0006299407104961574,4,2,8
5483,3816,3870,0.9999998807907104,0.9999998807907104,6.981029510498047,0.8544327616691589,0.8544326424598694,5,7,35
5484,3584,4600,0.0,0.009999999776482582,4.516549587249756,0.5023642182350159,0.005023641977459192,4,5,20
5485,3629,4600,0.0,0.009999999776482582,2.3585920333862305,0.19408456981182098,0.0019408456282690167,4,3,12
5486,3584,3629,0.5,0.5049999952316284,4.516549587249756,0.5023642182350159,0.25369393825531006,5,5,25
5487,3584,4470,0.9999998807907104,0.9999998807907104,4.516549587249756,0.5023642182350159,0.5023641586303711,5,5,25
5488,4470,4604,0.0,0.009999999776482582,2.413707733154297,0.20195825397968292,0.002019582549110055,4,3,12
5489,3584,4604,0.5,0.5049999952316284,4.516549587249756,0.5023642182350159,0.25369393825531006,5,5,25
5490,2302,3584,0.0,0.009999999776482582,5.824960708618164,0.689280092716217,0.00689280079677701,4,6,24
5491,2302,2303,0.0,0.009999999776482582,5.824960708618164,0.689280092716217,0.00689280079677701,4,6,24
5492,2303,3584,0.0,0.009999999776482582,4.516549587249756,0.5023642182350159,0.005023641977459192,4,5,20
5493,2304,3584,0.0,0.009999999776482582,4.516549587249756,0.5023642182350159,0.005023641977459192,4,5,20
5494,2304,4470,0.0,0.009999999776482582,2.413707733154297,0.20195825397968292,0.002019582549110055,4,3,12
5495,3373,3818,0.0,0.009999999776482582,3.7632946968078613,0.39475637674331665,0.003947563469409943,4,4,16
5496,3373,4604,0.0,0.009999999776482582,1.6888004541397095,0.0984000638127327,0.0009840006241574883,4,2,8
5497,3584,4601,0.5,0.5049999952316284,4.516549587249756,0.5023642182350159,0.25369393825531006,5,5,25
5498,2305,4601,0.0,0.009999999776482582,1.5065206289291382,0.0723600909113884,0.0007236009114421904,4,2,8
5499,2305,5180,0.0,0.009999999776482582,1.5432744026184082,0.07761062681674957,0.00077610625885427,4,2,8
5500,3584,5180,0.0,0.009999999776482582,4.516549587249756,0.5023642182350159,0.005023641977459192,4,5,20
5501,3629,4830,0.0,0.009999999776482582,3.55605149269104,0.36515021324157715,0.003651502076536417,4,4,16
5502,3584,4830,0.0,0.009999999776482582,4.516549587249756,0.5023642182350159,0.005023641977459192,4,5,20
5503,3373,4470,0.0,0.009999999776482582,2.413707733154297,0.20195825397968292,0.002019582549110055,4,3,12
5504,4426,4470,0.5,0.5049999952316284,2.413707733154297,0.20195825397968292,0.10198891907930374,5,3,15
5505,3584,4602,0.5,0.5049999952316284,4.516549587249756,0.5023642182350159,0.25369393825531006,5,5,25
5506,4602,5180,0.0,0.009999999776482582,1.7796012163162231,0.11137159913778305,0.0011137159308418632,4,2,8
5507,4426,5180,0.0,0.009999999776482582,1.9115796089172363,0.13022565841674805,0.001302256598137319,4,2,8
5508,4426,4830,0.0,0.009999999776482582,3.55605149269104,0.36515021324157715,0.003651502076536417,4,4,16
5509,3818,4830,0.0,0.009999999776482582,3.7632946968078613,0.39475637674331665,0.003947563469409943,4,4,16
5510,3629,3818,0.0,0.009999999776482582,3.7632946968078613,0.39475637674331665,0.003947563469409943,4,4,16
5511,3629,4470,0.0,0.009999999776482582,2.413707733154297,0.20195825397968292,0.002019582549110055,4,3,12
5512,3818,4470,0.0,0.009999999776482582,3.7632946968078613,0.39475637674331665,0.003947563469409943,4,4,16
5513,3818,4823,0.0,0.009999999776482582,3.7632946968078613,0.39475637674331665,0.003947563469409943,4,4,16
5514,2306,4823,0.0,0.009999999776482582,2.33109974861145,0.19015710055828094,0.0019015709403902292,4,3,12
5515,2306,4830,0.0,0.009999999776482582,3.55605149269104,0.36515021324157715,0.003651502076536417,4,4,16
5516,4470,4830,0.0,0.009999999776482582,3.55605149269104,0.36515021324157715,0.003651502076536417,4,4,16
5517,3453,4470,0.0,0.009999999776482582,5.32999324798584,0.6185704469680786,0.006185704376548529,4,6,24
5518,3453,4830,0.0,0.009999999776482582,5.32999324798584,0.6185704469680786,0.006185704376548529,4,6,24
5519,3509,4602,0.0,0.009999999776482582,3.9106810092926025,0.41581156849861145,0.004158115480095148,4,4,16
5520,4470,4602,0.5,0.5049999952316284,2.413707733154297,0.20195825397968292,0.10198891907930374,5,3,15
5521,2307,3453,0.0,0.009999999776482582,5.32999324798584,0.6185704469680786,0.006185704376548529,4,6,24
5522,2307,4426,0.0,0.009999999776482582,2.5579235553741455,0.22256051003932953,0.002225605072453618,4,3,12
5523,2308,4690,0.0,0.009999999776482582,2.8892836570739746,0.2698976695537567,0.002698976546525955,4,3,12
5524,2308,4603,0.0,0.009999999776482582,2.2849457263946533,0.18356367945671082,0.0018356367945671082,4,3,12
5525,4603,4690,0.5,0.5049999952316284,2.8892836570739746,0.2698976695537567,0.13629832863807678,5,3,15
5526,2309,4603,0.0,0.009999999776482582,1.7004504203796387,0.10006434470415115,0.0010006434749811888,4,2,8
5527,2309,2310,0.0,0.009999999776482582,1.7004504203796387,0.10006434470415115,0.0010006434749811888,4,2,8
5528,2310,4690,0.0,0.009999999776482582,2.8892836570739746,0.2698976695537567,0.002698976546525955,4,3,12
5529,4690,5181,0.0,0.009999999776482582,2.8892836570739746,0.2698976695537567,0.002698976546525955,4,3,12
5530,4603,5181,0.0,0.009999999776482582,1.9372855424880981,0.13389793038368225,0.0013389792293310165,4,2,8
5531,2311,3804,0.0,0.009999999776482582,1.9290008544921875,0.1327144056558609,0.001327143982052803,4,2,8
5532,2311,2312,0.0,0.009999999776482582,1.9290008544921875,0.1327144056558609,0.001327143982052803,4,2,8
5533,2312,4403,0.0,0.009999999776482582,1.2956265211105347,0.04223236069083214,0.0004223235882818699,4,2,8
5534,2313,3804,0.0,0.009999999776482582,1.3940837383270264,0.056297678500413895,0.0005629767547361553,4,2,8
5535,2313,2314,0.0,0.009999999776482582,1.8097203969955444,0.11567433923482895,0.0011567433830350637,4,2,8
5536,2314,3804,0.0,0.009999999776482582,1.8097203969955444,0.11567433923482895,0.0011567433830350637,4,2,8
5537,3636,3730,0.0,0.009999999776482582,6.962948799133301,0.8518498539924622,0.00851849839091301,4,7,28
5538,2315,3730,0.0,0.009999999776482582,1.9214881658554077,0.13164116442203522,0.001316411653533578,4,2,8
5539,2315,3771,0.0,0.009999999776482582,2.1152219772338867,0.15931741893291473,0.0015931741800159216,4,3,12
5540,2316,3771,0.0,0.009999999776482582,2.346083641052246,0.19229766726493835,0.0019229765748605132,4,3,12
5541,2316,2317,0.0,0.009999999776482582,2.346083641052246,0.19229766726493835,0.0019229765748605132,4,3,12
5542,2317,3771,0.0,0.009999999776482582,2.1152219772338867,0.15931741893291473,0.0015931741800159216,4,3,12
5543,2318,3488,0.0,0.009999999776482582,2.652703285217285,0.2361004650592804,0.0023610047064721584,4,3,12
5544,2318,2319,0.0,0.009999999776482582,2.3916163444519043,0.19880233705043793,0.0019880232866853476,4,3,12
5545,2319,3488,0.0,0.009999999776482582,2.652703285217285,0.2361004650592804,0.0023610047064721584,4,3,12
5546,2320,4283,0.0,0.009999999776482582,1.4482275247573853,0.06403250247240067,0.0006403250154107809,4,2,8
5547,2320,2321,0.0,0.009999999776482582,1.5455138683319092,0.07793055474758148,0.0007793055265210569,4,2,8
5548,2321,2322,0.0,0.009999999776482582,2.414675712585449,0.20209653675556183,0.0020209653303027153,4,3,12
5549,2322,2323,0.0,0.009999999776482582,2.4739136695861816,0.21055909991264343,0.0021055908873677254,4,3,12
5550,2323,3488,0.0,0.009999999776482582,2.652703285217285,0.2361004650592804,0.0023610047064721584,4,3,12
5551,2324,4606,0.0,0.009999999776482582,2.0990426540374756,0.15700609982013702,0.0015700609656050801,4,3,12
5552,2324,4009,0.0,0.009999999776482582,2.9149169921875,0.2735595703125,0.0027355956844985485,4,3,12
5553,2325,4009,0.0,0.009999999776482582,2.9149169921875,0.2735595703125,0.0027355956844985485,4,3,12
5554,2325,4595,0.0,0.009999999776482582,2.7873189449310303,0.25533127784729004,0.0025533128064125776,4,3,12
5555,2326,4816,0.0,0.009999999776482582,1.4812207221984863,0.06874581426382065,0.0006874581449665129,4,2,8
5556,2326,2327,0.0,0.009999999776482582,1.1234019994735718,0.017628857865929604,0.00017628858040552586,4,2,8
5557,2327,4816,0.0,0.009999999776482582,1.4812207221984863,0.06874581426382065,0.0006874581449665129,4,2,8
5558,3887,4686,0.0,0.009999999776482582,4.032148361206055,0.4331640601158142,0.004331640433520079,4,5,20
5559,4686,5182,0.9999998807907104,0.9999998807907104,2.5780463218688965,0.22543518245220184,0.22543515264987946,5,3,15
5560,4252,5182,0.0,0.009999999776482582,3.5068516731262207,0.3581216633319855,0.0035812165588140488,4,4,16
5561,3777,4686,0.5,0.5049999952316284,7.127651214599609,0.8753787279129028,0.4420662522315979,5,8,40
5562,3887,5182,0.0,0.009999999776482582,4.032148361206055,0.4331640601158142,0.004331640433520079,4,5,20
5563,3688,5182,0.0,0.009999999776482582,5.347396373748779,0.6210566163063049,0.006210566032677889,4,6,24
5564,3548,3962,0.0,0.009999999776482582,3.9478273391723633,0.42111819982528687,0.004211181774735451,4,4,16
5565,2328,3962,0.0,0.009999999776482582,3.5189199447631836,0.35984569787979126,0.003598456969484687,4,4,16
5566,2328,3548,0.0,0.009999999776482582,3.9478273391723633,0.42111819982528687,0.004211181774735451,4,4,16
5567,4589,4607,0.0,0.009999999776482582,5.558590412139893,0.6512271761894226,0.006512271706014872,4,6,24
5568,2329,4607,0.0,0.009999999776482582,1.7998753786087036,0.11426790803670883,0.001142679015174508,4,2,8
5569,2329,2330,0.0,0.009999999776482582,1.2737622261047363,0.039108891040086746,0.00039108889177441597,4,2,8
5570,2330,4589,0.0,0.009999999776482582,5.558590412139893,0.6512271761894226,0.006512271706014872,4,6,24
5571,2331,4589,0.0,0.009999999776482582,5.558590412139893,0.6512271761894226,0.006512271706014872,4,6,24
5572,2331,2332,0.0,0.009999999776482582,3.899444580078125,0.4142063558101654,0.004142063669860363,4,4,16
5573,2332,4589,0.0,0.009999999776482582,5.558590412139893,0.6512271761894226,0.006512271706014872,4,6,24
5574,2333,4589,0.0,0.009999999776482582,5.558590412139893,0.6512271761894226,0.006512271706014872,4,6,24
5575,2333,5084,0.0,0.009999999776482582,2.946746826171875,0.278106689453125,0.0027810668107122183,4,3,12
5576,2334,5084,0.0,0.009999999776482582,4.564418792724609,0.5092026591300964,0.00509202666580677,4,5,20
5577,2334,2335,0.0,0.009999999776482582,4.564418792724609,0.5092026591300964,0.00509202666580677,4,5,20
5578,2335,2336,0.0,0.009999999776482582,2.8032755851745605,0.2576107978820801,0.002576107857748866,4,3,12
5579,3841,4049,0.0,0.009999999776482582,2.3375813961029053,0.19108305871486664,0.0019108304986730218,4,3,12
5580,3841,3903,0.0,0.009999999776482582,1.938509225845337,0.13407275080680847,0.0013407274382188916,4,2,8
5581,3540,3903,0.0,0.009999999776482582,2.7726383209228516,0.25323405861854553,0.0025323405861854553,4,3,12
5582,2337,3584,0.0,0.009999999776482582,4.516549587249756,0.5023642182350159,0.005023641977459192,4,5,20
5583,2337,3601,0.0,0.009999999776482582,2.1835145950317383,0.16907350718975067,0.0016907349927350879,4,3,12
5584,3584,3601,0.0,0.009999999776482582,4.516549587249756,0.5023642182350159,0.005023641977459192,4,5,20
5585,3584,4128,0.0,0.009999999776482582,4.516549587249756,0.5023642182350159,0.005023641977459192,4,5,20
5586,2338,4128,0.0,0.009999999776482582,1.8474408388137817,0.1210629791021347,0.0012106297072023153,4,2,8
5587,2338,2339,0.0,0.009999999776482582,1.8474408388137817,0.1210629791021347,0.0012106297072023153,4,2,8
5588,2339,3584,0.0,0.009999999776482582,4.516549587249756,0.5023642182350159,0.005023641977459192,4,5,20
5589,2340,3729,0.0,0.009999999776482582,2.0791053771972656,0.15415790677070618,0.001541579025797546,4,3,12
5590,2340,2341,0.0,0.009999999776482582,2.0791053771972656,0.15415790677070618,0.001541579025797546,4,3,12
5591,2341,3658,0.0,0.009999999776482582,6.792314529418945,0.827473521232605,0.008274734951555729,4,7,28
5592,2342,3804,0.0,0.009999999776482582,1.9551563262939453,0.1364509016275406,0.0013645089929923415,4,2,8
5593,2342,2343,0.0,0.009999999776482582,1.9551563262939453,0.1364509016275406,0.0013645089929923415,4,2,8
5594,2343,3477,0.0,0.009999999776482582,7.005972385406494,0.8579960465431213,0.008579960092902184,4,8,32
5595,2344,3477,0.0,0.009999999776482582,7.005972385406494,0.8579960465431213,0.008579960092902184,4,8,32
5596,2344,5185,0.0,0.009999999776482582,2.0154292583465576,0.14506132900714874,0.0014506132574751973,4,3,12
5597,2345,5185,0.0,0.009999999776482582,2.0154292583465576,0.14506132900714874,0.0014506132574751973,4,3,12
5598,2345,3477,0.0,0.009999999776482582,7.005972385406494,0.8579960465431213,0.008579960092902184,4,8,32
5599,3477,5185,0.0,0.009999999776482582,7.005972385406494,0.8579960465431213,0.008579960092902184,4,8,32
5600,5184,5185,0.0,0.009999999776482582,2.0154292583465576,0.14506132900714874,0.0014506132574751973,4,3,12
5601,3804,5184,0.0,0.009999999776482582,1.8556538820266724,0.12223626673221588,0.001222362625412643,4,2,8
5602,4614,5183,0.0,0.009999999776482582,3.3251194953918457,0.33215993642807007,0.0033215992152690887,4,4,16
5603,2346,5183,0.0,0.009999999776482582,1.5818759202957153,0.08312512934207916,0.0008312512654811144,4,2,8
5604,2346,3477,0.0,0.009999999776482582,7.005972385406494,0.8579960465431213,0.008579960092902184,4,8,32
5605,2347,3974,0.0,0.009999999776482582,6.832657337188721,0.8332367539405823,0.008332367055118084,4,7,28
5606,2347,2348,0.0,0.009999999776482582,1.4264973402023315,0.06092819198966026,0.0006092818803153932,4,2,8
5607,2348,2349,0.0,0.009999999776482582,1.9166374206542969,0.13094820082187653,0.0013094820315018296,4,2,8
5608,2349,3477,0.0,0.009999999776482582,7.005972385406494,0.8579960465431213,0.008579960092902184,4,8,32
5609,2350,4615,0.0,0.009999999776482582,1.5122404098510742,0.07317720353603363,0.000731772044673562,4,2,8
5610,2350,2351,0.0,0.009999999776482582,6.168526649475098,0.7383609414100647,0.007383609190583229,4,7,28
5611,2351,4037,0.0,0.009999999776482582,6.168526649475098,0.7383609414100647,0.007383609190583229,4,7,28
5612,2352,4037,0.0,0.009999999776482582,2.2166669368743896,0.17380955815315247,0.0017380955396220088,4,3,12
5613,2353,4379,0.0,0.009999999776482582,7.110066890716553,0.872866690158844,0.00872866716235876,4,8,32
5614,2353,2354,0.0,0.009999999776482582,1.531193733215332,0.07588481903076172,0.0007588481530547142,4,2,8
5615,2354,4379,0.0,0.009999999776482582,7.110066890716553,0.872866690158844,0.00872866716235876,4,8,32
5616,3697,3837,0.0,0.009999999776482582,5.405207633972168,0.6293153762817383,0.006293153390288353,4,6,24
5617,3727,4551,0.0,0.009999999776482582,2.1967945098876953,0.17097064852714539,0.0017097064992412925,4,3,12
5618,2355,4497,0.0,0.009999999776482582,3.0662031173706055,0.2951718866825104,0.0029517188668251038,4,4,16
5619,2355,2356,0.0,0.009999999776482582,1.7452106475830078,0.10645866394042969,0.0010645865695551038,4,2,8
5620,2356,4497,0.0,0.009999999776482582,3.0662031173706055,0.2951718866825104,0.0029517188668251038,4,4,16
5621,2357,4497,0.0,0.009999999776482582,3.0662031173706055,0.2951718866825104,0.0029517188668251038,4,4,16
5622,2357,4480,0.0,0.009999999776482582,1.8791559934616089,0.12559370696544647,0.0012559370370581746,4,2,8
5623,4480,4497,0.0,0.009999999776482582,3.0662031173706055,0.2951718866825104,0.0029517188668251038,4,4,16
5624,2358,4497,0.0,0.009999999776482582,3.0662031173706055,0.2951718866825104,0.0029517188668251038,4,4,16
5625,2358,4046,0.0,0.009999999776482582,1.2156763076782227,0.030810901895165443,0.0003081090108025819,4,2,8
5626,3374,4046,0.0,0.009999999776482582,2.322006940841675,0.18885813653469086,0.0018885813187807798,4,3,12
5627,3374,4617,0.0,0.009999999776482582,2.322006940841675,0.18885813653469086,0.0018885813187807798,4,3,12
5628,4479,4497,0.0,0.009999999776482582,3.300428867340088,0.3286326825618744,0.0032863267697393894,4,4,16
5629,4122,4479,0.0,0.009999999776482582,3.300428867340088,0.3286326825618744,0.0032863267697393894,4,4,16
5630,3375,3452,0.0,0.009999999776482582,4.634199619293213,0.5191713571548462,0.005191713571548462,4,5,20
5631,3375,3522,0.0,0.009999999776482582,4.634199619293213,0.5191713571548462,0.005191713571548462,4,5,20
5632,4312,5083,0.0,0.009999999776482582,1.1240078210830688,0.01771540381014347,0.00017715404101181775,4,2,8
5633,5083,5186,0.5,0.5049999952316284,1.462181568145752,0.06602593511343002,0.03334309533238411,5,2,10
5634,4370,5186,0.5,0.5049999952316284,6.9086713790893555,0.8440958857536316,0.42626842856407166,5,7,35
5635,2359,3837,0.0,0.009999999776482582,5.405207633972168,0.6293153762817383,0.006293153390288353,4,6,24
5636,2359,2360,0.0,0.009999999776482582,2.130603313446045,0.1615147590637207,0.0016151475720107555,4,3,12
5637,2360,3837,0.0,0.009999999776482582,5.405207633972168,0.6293153762817383,0.006293153390288353,4,6,24
5638,3628,4469,0.0,0.009999999776482582,3.4481232166290283,0.3497318923473358,0.0034973188303411007,4,4,16
5639,2361,4394,0.0,0.009999999776482582,5.899522304534912,0.6999317407608032,0.006999317090958357,4,6,24
5640,2361,2362,0.0,0.009999999776482582,1.579198956489563,0.08274270594120026,0.0008274270221590996,4,2,8
5641,2362,2363,0.0,0.009999999776482582,2.385568618774414,0.19793836772441864,0.0019793836399912834,4,3,12
5642,2363,4394,0.0,0.009999999776482582,5.899522304534912,0.6999317407608032,0.006999317090958357,4,6,24
5643,4316,4394,0.0,0.009999999776482582,5.899522304534912,0.6999317407608032,0.006999317090958357,4,6,24
5644,2364,4316,0.0,0.009999999776482582,1.9399945735931396,0.13428494334220886,0.001342849456705153,4,2,8
5645,2364,4394,0.0,0.009999999776482582,5.899522304534912,0.6999317407608032,0.006999317090958357,4,6,24
5646,2365,3637,0.0,0.009999999776482582,7.53572416305542,0.9336748719215393,0.009336748160421848,4,8,32
5647,2365,2366,0.0,0.009999999776482582,1.7639093399047852,0.1091299057006836,0.0010912989964708686,4,2,8
5648,2366,3637,0.0,0.009999999776482582,7.53572416305542,0.9336748719215393,0.009336748160421848,4,8,32
5649,2367,3637,0.0,0.009999999776482582,7.53572416305542,0.9336748719215393,0.009336748160421848,4,8,32
5650,2367,2368,0.0,0.009999999776482582,1.2265386581420898,0.032362665981054306,0.0003236266493331641,4,2,8
5651,2368,3637,0.0,0.009999999776482582,7.53572416305542,0.9336748719215393,0.009336748160421848,4,8,32
5652,2369,3637,0.0,0.009999999776482582,7.53572416305542,0.9336748719215393,0.009336748160421848,4,8,32
5653,2369,2370,0.0,0.009999999776482582,1.2501020431518555,0.03572886437177658,0.00035728863440454006,4,2,8
5654,2370,3637,0.0,0.009999999776482582,7.53572416305542,0.9336748719215393,0.009336748160421848,4,8,32
5655,2371,4949,0.0,0.009999999776482582,1.5189234018325806,0.07413191348314285,0.0007413190905936062,4,2,8
5656,2371,3376,0.0,0.009999999776482582,1.4830031394958496,0.06900044530630112,0.0006900044390931726,4,2,8
5657,3376,4949,0.0,0.009999999776482582,1.5189234018325806,0.07413191348314285,0.0007413190905936062,4,2,8
5658,2372,3658,0.0,0.009999999776482582,6.792314529418945,0.827473521232605,0.008274734951555729,4,7,28
5659,2372,4619,0.0,0.009999999776482582,2.4771933555603027,0.2110276222229004,0.002110276138409972,4,3,12
5660,4619,4949,0.0,0.009999999776482582,2.4771933555603027,0.2110276222229004,0.002110276138409972,4,3,12
5661,3377,3637,0.0,0.009999999776482582,7.53572416305542,0.9336748719215393,0.009336748160421848,4,8,32
5662,2373,3377,0.0,0.009999999776482582,2.349886894226074,0.19284097850322723,0.001928409794345498,4,3,12
5663,2373,3637,0.0,0.009999999776482582,7.53572416305542,0.9336748719215393,0.009336748160421848,4,8,32
5664,2374,4385,0.0,0.009999999776482582,1.064009428024292,0.00914420373737812,9.144203795585781e-05,4,2,8
5665,2374,2375,0.0,0.009999999776482582,1.064009428024292,0.00914420373737812,9.144203795585781e-05,4,2,8
5666,2375,4385,0.0,0.009999999776482582,1.061592698097229,0.008798956871032715,8.798956696409732e-05,4,2,8
5667,3458,4620,0.0,0.009999999776482582,4.615525722503662,0.5165036916732788,0.005165036767721176,4,5,20
5668,2376,4620,0.0,0.009999999776482582,2.502406597137451,0.21462951600551605,0.002146295038983226,4,3,12
5669,2376,3458,0.0,0.009999999776482582,4.615525722503662,0.5165036916732788,0.005165036767721176,4,5,20
5670,2377,4385,0.0,0.009999999776482582,1.4437237977981567,0.0633891150355339,0.0006338911480270326,4,2,8
5671,2377,4621,0.0,0.009999999776482582,3.108628034591675,0.30123257637023926,0.0030123256146907806,4,4,16
5672,4621,4680,0.0,0.009999999776482582,3.108628034591675,0.30123257637023926,0.0030123256146907806,4,4,16
5673,2378,3804,0.0,0.009999999776482582,1.5987058877944946,0.08552940934896469,0.0008552940562367439,4,2,8
5674,2378,4186,0.0,0.009999999776482582,1.956973671913147,0.136710524559021,0.001367105171084404,4,2,8
5675,3804,4186,0.0,0.009999999776482582,1.956973671913147,0.136710524559021,0.001367105171084404,4,2,8
5676,3777,4682,0.0,0.009999999776482582,7.127651214599609,0.8753787279129028,0.00875378679484129,4,8,32
5677,4682,4765,0.0,0.009999999776482582,1.6612704992294312,0.09446721524000168,0.0009446721524000168,4,2,8
5678,3777,4765,0.0,0.009999999776482582,7.127651214599609,0.8753787279129028,0.00875378679484129,4,8,32
5679,2379,4447,0.0,0.009999999776482582,2.2073676586151123,0.17248108983039856,0.0017248108051717281,4,3,12
5680,2379,4446,0.0,0.009999999776482582,2.7909555435180664,0.25585079193115234,0.0025585079565644264,4,3,12
5681,2380,4543,0.0,0.009999999776482582,1.7653480768203735,0.10933543741703033,0.0010933543089777231,4,2,8
5682,2380,2381,0.0,0.009999999776482582,1.4537789821624756,0.06482557207345963,0.000648255692794919,4,2,8
5683,2381,4626,0.0,0.009999999776482582,1.7033531665802002,0.10047902166843414,0.0010047901887446642,4,2,8
5684,2382,3378,0.0,0.009999999776482582,1.0836381912231445,0.011948312632739544,0.00011948312021559104,4,2,8
5685,2382,2383,0.0,0.009999999776482582,1.3332631587982178,0.04760902374982834,0.0004760902374982834,4,2,8
5686,2383,3687,0.0,0.009999999776482582,1.46083664894104,0.06583380699157715,0.0006583380745723844,4,2,8
5687,3479,3884,0.0,0.009999999776482582,2.558157444000244,0.22259391844272614,0.0022259391844272614,4,3,12
5688,3379,3884,0.0,0.009999999776482582,1.5694700479507446,0.08135286718606949,0.0008135286625474691,4,2,8
5689,3379,4625,0.0,0.009999999776482582,1.5694700479507446,0.08135286718606949,0.0008135286625474691,4,2,8
5690,2384,3465,0.0,0.009999999776482582,2.602825880050659,0.22897513210773468,0.002289751311764121,4,3,12
5691,2384,2385,0.0,0.009999999776482582,1.9134531021118164,0.13049329817295074,0.0013049329863861203,4,2,8
5692,2385,3479,0.0,0.009999999776482582,2.558157444000244,0.22259391844272614,0.0022259391844272614,4,3,12
5693,2386,3535,0.0,0.009999999776482582,4.752325534820557,0.5360465049743652,0.005360465031117201,4,5,20
5694,2386,3379,0.0,0.009999999776482582,1.5694700479507446,0.08135286718606949,0.0008135286625474691,4,2,8
5695,2387,3379,0.0,0.009999999776482582,1.5694700479507446,0.08135286718606949,0.0008135286625474691,4,2,8
5696,2387,4625,0.0,0.009999999776482582,1.4432049989700317,0.0633149966597557,0.0006331499316729605,4,2,8
5697,4315,5101,0.0,0.009999999776482582,5.692466735839844,0.6703523993492126,0.0067035239189863205,4,6,24
5698,2388,5101,0.0,0.009999999776482582,2.2857182025909424,0.18367402255535126,0.0018367401789873838,4,3,12
5699,2388,2389,0.0,0.009999999776482582,1.5519943237304688,0.07885633409023285,0.0007885633385740221,4,2,8
5700,2389,4315,0.0,0.009999999776482582,5.692466735839844,0.6703523993492126,0.0067035239189863205,4,6,24
5701,3910,4561,0.0,0.009999999776482582,2.5675103664398193,0.22393004596233368,0.0022393004037439823,4,3,12
5702,2390,4561,0.0,0.009999999776482582,1.9022773504257202,0.12889675796031952,0.0012889675563201308,4,2,8
5703,2390,5096,0.0,0.009999999776482582,3.167410373687744,0.30963006615638733,0.003096300642937422,4,4,16
5704,2391,3870,0.0,0.009999999776482582,1.8993659019470215,0.12848083674907684,0.00128480838611722,4,2,8
5705,2391,3816,0.0,0.009999999776482582,6.981029510498047,0.8544327616691589,0.008544327691197395,4,7,28
5706,3870,4338,0.0,0.009999999776482582,2.361517906188965,0.1945025622844696,0.0019450256368145347,4,3,12
5707,3816,4338,0.0,0.009999999776482582,6.981029510498047,0.8544327616691589,0.008544327691197395,4,7,28
5708,2392,3870,0.0,0.009999999776482582,1.103948712348938,0.01484981644898653,0.00014849816216155887,4,2,8
5709,2393,3870,0.0,0.009999999776482582,1.6175968647003174,0.08822812139987946,0.0008822812233120203,4,2,8
5710,2393,3816,0.0,0.009999999776482582,6.981029510498047,0.8544327616691589,0.008544327691197395,4,7,28
5711,2394,3816,0.0,0.009999999776482582,6.981029510498047,0.8544327616691589,0.008544327691197395,4,7,28
5712,2394,3870,0.0,0.009999999776482582,1.6926636695861816,0.09895195066928864,0.0009895195253193378,4,2,8
5713,3816,4632,0.0,0.009999999776482582,6.981029510498047,0.8544327616691589,0.008544327691197395,4,7,28
5714,3636,4789,0.0,0.009999999776482582,6.962948799133301,0.8518498539924622,0.00851849839091301,4,7,28
5715,4134,4789,0.0,0.009999999776482582,2.4571738243103027,0.2081676870584488,0.0020816768519580364,4,3,12
5716,3658,4134,0.0,0.009999999776482582,6.792314529418945,0.827473521232605,0.008274734951555729,4,7,28
5717,2395,3816,0.0,0.009999999776482582,6.981029510498047,0.8544327616691589,0.008544327691197395,4,7,28
5718,2395,3380,0.0,0.009999999776482582,1.505838394165039,0.07226262986660004,0.0007226262823678553,4,2,8
5719,3380,3816,0.0,0.009999999776482582,6.981029510498047,0.8544327616691589,0.008544327691197395,4,7,28
5720,2396,3816,0.0,0.009999999776482582,6.981029510498047,0.8544327616691589,0.008544327691197395,4,7,28
5721,2396,2397,0.0,0.009999999776482582,1.7259067296981812,0.10370095819234848,0.0010370095260441303,4,2,8
5722,2397,3816,0.0,0.009999999776482582,6.981029510498047,0.8544327616691589,0.008544327691197395,4,7,28
5723,3381,3816,0.0,0.009999999776482582,6.981029510498047,0.8544327616691589,0.008544327691197395,4,7,28
5724,3381,5188,0.0,0.009999999776482582,1.2009824514389038,0.028711779043078423,0.00028711778577417135,4,2,8
5725,3816,5188,0.9999998807907104,0.9999998807907104,6.981029510498047,0.8544327616691589,0.8544326424598694,5,7,35
5726,3816,4633,0.0,0.009999999776482582,6.981029510498047,0.8544327616691589,0.008544327691197395,4,7,28
5727,2398,4633,0.0,0.009999999776482582,1.6283917427062988,0.08977025002241135,0.0008977024699561298,4,2,8
5728,2398,3816,0.0,0.009999999776482582,6.981029510498047,0.8544327616691589,0.008544327691197395,4,7,28
5729,2399,3816,0.0,0.009999999776482582,6.981029510498047,0.8544327616691589,0.008544327691197395,4,7,28
5730,2399,5188,0.0,0.009999999776482582,1.2429008483886719,0.034700121730566025,0.00034700121614150703,4,2,8
5731,2400,5188,0.0,0.009999999776482582,1.5067657232284546,0.07239510118961334,0.000723950972314924,4,2,8
5732,2400,3381,0.0,0.009999999776482582,1.5067657232284546,0.07239510118961334,0.000723950972314924,4,2,8
5733,2401,5188,0.0,0.009999999776482582,1.3609697818756104,0.051567111164331436,0.0005156710976734757,4,2,8
5734,2401,3816,0.0,0.009999999776482582,6.981029510498047,0.8544327616691589,0.008544327691197395,4,7,28
5735,4634,5188,0.0,0.009999999776482582,1.0548611879348755,0.007837312296032906,7.837312296032906e-05,4,2,8
5736,2402,4634,0.0,0.009999999776482582,1.1027462482452393,0.014678035862743855,0.00014678035222459584,4,2,8
5737,2403,3816,0.0,0.009999999776482582,6.981029510498047,0.8544327616691589,0.008544327691197395,4,7,28
5738,2403,4635,0.0,0.009999999776482582,2.2436013221740723,0.1776573359966278,0.001776573364622891,4,3,12
5739,3816,4635,0.0,0.009999999776482582,6.981029510498047,0.8544327616691589,0.008544327691197395,4,7,28
5740,3382,3933,0.0,0.009999999776482582,2.228261709213257,0.17546595633029938,0.0017546595772728324,4,3,12
5741,3933,4471,0.0,0.009999999776482582,2.294250965118408,0.18489299714565277,0.0018489299109205604,4,3,12
5742,3382,4471,0.0,0.009999999776482582,2.294250965118408,0.18489299714565277,0.0018489299109205604,4,3,12
5743,3816,4826,0.0,0.009999999776482582,6.981029510498047,0.8544327616691589,0.008544327691197395,4,7,28
5744,2404,4826,0.0,0.009999999776482582,3.1313397884368896,0.30447712540626526,0.0030447712633758783,4,4,16
5745,2404,3816,0.0,0.009999999776482582,6.981029510498047,0.8544327616691589,0.008544327691197395,4,7,28
5746,3816,5189,0.0,0.009999999776482582,6.981029510498047,0.8544327616691589,0.008544327691197395,4,7,28
5747,3732,4237,0.0,0.009999999776482582,1.7231553792953491,0.10330791026353836,0.0010330791119486094,4,2,8
5748,4237,4637,0.0,0.009999999776482582,1.7619960308074951,0.10885657370090485,0.001088565681129694,4,2,8
5749,3732,4637,0.0,0.009999999776482582,1.7619960308074951,0.10885657370090485,0.001088565681129694,4,2,8
5750,3383,4710,0.0,0.009999999776482582,1.40117609500885,0.05731087177991867,0.0005731087294407189,4,2,8
5751,3383,4180,0.0,0.009999999776482582,1.40117609500885,0.05731087177991867,0.0005731087294407189,4,2,8
5752,4180,4710,0.0,0.009999999776482582,1.2626491785049438,0.03752131015062332,0.0003752131015062332,4,2,8
5753,3922,4370,0.0,0.009999999776482582,6.9086713790893555,0.8440958857536316,0.008440958335995674,4,7,28
5754,2405,3922,0.0,0.009999999776482582,1.7509037256240845,0.1072719618678093,0.001072719576768577,4,2,8
5755,3922,4710,0.0,0.009999999776482582,1.1406911611557007,0.020098736509680748,0.00020098735694773495,4,2,8
5756,2406,4568,0.0,0.009999999776482582,5.6536054611206055,0.664800763130188,0.0066480073146522045,4,6,24
5757,2406,3384,0.0,0.009999999776482582,1.273329734802246,0.03904710337519646,0.0003904710174538195,4,2,8
5758,3384,4568,0.5,0.5049999952316284,5.6536054611206055,0.664800763130188,0.3357243835926056,5,6,30
5759,3385,4568,0.0,0.009999999776482582,5.6536054611206055,0.664800763130188,0.0066480073146522045,4,6,24
5760,2407,3385,0.0,0.009999999776482582,1.3883895874023438,0.05548422783613205,0.0005548422923311591,4,2,8
5761,2407,4568,0.0,0.009999999776482582,5.6536054611206055,0.664800763130188,0.0066480073146522045,4,6,24
5762,3386,4568,0.0,0.009999999776482582,5.6536054611206055,0.664800763130188,0.0066480073146522045,4,6,24
5763,2408,3386,0.0,0.009999999776482582,1.8705267906188965,0.12436097115278244,0.0012436097022145987,4,2,8
5764,2408,3384,0.0,0.009999999776482582,1.8705267906188965,0.12436097115278244,0.0012436097022145987,4,2,8
5765,3387,3760,0.0,0.009999999776482582,2.472081184387207,0.21029731631278992,0.002102973172441125,4,3,12
5766,3387,4160,0.0,0.009999999776482582,3.2214183807373047,0.3173454701900482,0.003173454664647579,4,4,16
5767,2409,4160,0.0,0.009999999776482582,5.355616569519043,0.6222309470176697,0.006222309544682503,4,6,24
5768,3386,3760,0.0,0.009999999776482582,2.472081184387207,0.21029731631278992,0.002102973172441125,4,3,12
5769,3385,3386,0.0,0.009999999776482582,1.3883895874023438,0.05548422783613205,0.0005548422923311591,4,2,8
5770,4568,5210,0.0,0.009999999776482582,5.6536054611206055,0.664800763130188,0.0066480073146522045,4,6,24
5771,4160,5210,0.0,0.009999999776482582,3.2214183807373047,0.3173454701900482,0.003173454664647579,4,4,16
5772,3387,4568,0.0,0.009999999776482582,5.6536054611206055,0.664800763130188,0.0066480073146522045,4,6,24
5773,4121,4638,0.0,0.009999999776482582,1.8563923835754395,0.12234176695346832,0.0012234176974743605,4,2,8
5774,4484,4638,0.0,0.009999999776482582,1.389419436454773,0.05563134700059891,0.0005563134327530861,4,2,8
5775,4121,4484,0.0,0.009999999776482582,1.8563923835754395,0.12234176695346832,0.0012234176974743605,4,2,8
5776,3388,3675,0.0,0.009999999776482582,5.481402397155762,0.6402003169059753,0.006402003113180399,4,6,24
5777,3388,3959,0.0,0.009999999776482582,2.679070234298706,0.2398671805858612,0.002398671815171838,4,3,12
5778,2410,3959,0.0,0.009999999776482582,2.874239683151245,0.26774853467941284,0.0026774853467941284,4,3,12
5779,2410,4295,0.0,0.009999999776482582,6.226338863372803,0.7466198205947876,0.007466197945177555,4,7,28
5780,2411,3675,0.0,0.009999999776482582,5.481402397155762,0.6402003169059753,0.006402003113180399,4,6,24
5781,2411,4320,0.0,0.009999999776482582,1.7018488645553589,0.10026412457227707,0.0010026412783190608,4,2,8
5782,3675,4320,0.0,0.009999999776482582,5.481402397155762,0.6402003169059753,0.006402003113180399,4,6,24
5783,3389,3919,0.0,0.009999999776482582,3.7899866104125977,0.3985695242881775,0.0039856950752437115,4,4,16
5784,3389,3969,0.0,0.009999999776482582,3.7899866104125977,0.3985695242881775,0.0039856950752437115,4,4,16
5785,3695,3969,0.5,0.5049999952316284,1.82467520236969,0.11781074106693268,0.05949442461133003,5,2,10
5786,2412,5190,0.0,0.009999999776482582,1.2532979249954224,0.03618541732430458,0.0003618541522882879,4,2,8
5787,2412,2413,0.0,0.009999999776482582,1.24473237991333,0.0349617674946785,0.00034961767960339785,4,2,8
5788,2413,5190,0.0,0.009999999776482582,1.2532979249954224,0.03618541732430458,0.0003618541522882879,4,2,8
5789,2414,4646,0.0,0.009999999776482582,2.075261354446411,0.1536087691783905,0.0015360877150669694,4,3,12
5790,2414,3597,0.0,0.009999999776482582,1.9929697513580322,0.14185282588005066,0.0014185282634571195,4,2,8
5791,3597,3830,0.0,0.009999999776482582,2.4749221801757812,0.21070316433906555,0.0021070316433906555,4,3,12
5792,3702,4560,0.5,0.5049999952316284,2.7286386489868164,0.24694837629795074,0.12470892816781998,5,3,15
5793,2415,4560,0.0,0.009999999776482582,2.0251595973968506,0.14645136892795563,0.0014645137125626206,4,3,12
5794,2415,3600,0.0,0.009999999776482582,4.620024681091309,0.5171464085578918,0.0051714638248085976,4,5,20
5795,5191,5192,0.0,0.009999999776482582,1.9477312564849854,0.13539017736911774,0.0013539016945287585,4,2,8
5796,4334,5192,0.0,0.009999999776482582,1.9477312564849854,0.13539017736911774,0.0013539016945287585,4,2,8
5797,4334,5191,0.0,0.009999999776482582,1.485870361328125,0.0694100484251976,0.0006941004539839923,4,2,8
5798,2416,4389,0.0,0.009999999776482582,4.983133316040039,0.5690190196037292,0.0056901900097727776,4,5,20
5799,2416,2417,0.0,0.009999999776482582,1.4006376266479492,0.05723394826054573,0.0005723394569940865,4,2,8
5800,2417,3609,0.0,0.009999999776482582,1.4006376266479492,0.05723394826054573,0.0005723394569940865,4,2,8
5801,4389,4640,0.0,0.009999999776482582,4.983133316040039,0.5690190196037292,0.0056901900097727776,4,5,20
5802,2418,4640,0.0,0.009999999776482582,1.9889522790908813,0.14127889275550842,0.0014127888716757298,4,2,8
5803,2418,3804,0.0,0.009999999776482582,1.9889522790908813,0.14127889275550842,0.0014127888716757298,4,2,8
5804,2419,3609,0.0,0.009999999776482582,1.6814805269241333,0.09735435992479324,0.000973543559666723,4,2,8
5805,2419,2420,0.0,0.009999999776482582,1.7280110120773315,0.10400157421827316,0.0010400157188996673,4,2,8
5806,2420,3804,0.0,0.009999999776482582,1.7280110120773315,0.10400157421827316,0.0010400157188996673,4,2,8
5807,2421,3609,0.0,0.009999999776482582,1.3620423078536987,0.051720328629016876,0.0005172032979317009,4,2,8
5808,2421,2422,0.0,0.009999999776482582,1.3620423078536987,0.051720328629016876,0.0005172032979317009,4,2,8
5809,2422,3609,0.0,0.009999999776482582,1.274277925491333,0.03918256238102913,0.0003918256261385977,4,2,8
5810,2423,3609,0.0,0.009999999776482582,1.5025500059127808,0.0717928558588028,0.0007179285166785121,4,2,8
5811,2423,2424,0.0,0.009999999776482582,2.184814691543579,0.1692592352628708,0.0016925922827795148,4,3,12
5812,2424,3609,0.0,0.009999999776482582,2.184814691543579,0.1692592352628708,0.0016925922827795148,4,3,12
5813,2425,4641,0.0,0.009999999776482582,1.0580567121505737,0.00829381588846445,8.293816063087434e-05,4,2,8
5814,2425,2426,0.0,0.009999999776482582,1.2215969562530518,0.03165670856833458,0.0003165670786984265,4,2,8
5815,2426,4641,0.0,0.009999999776482582,1.2215969562530518,0.03165670856833458,0.0003165670786984265,4,2,8
5816,3390,4641,0.0,0.009999999776482582,1.1010756492614746,0.01443937886506319,0.00014439377991948277,4,2,8
5817,2427,4437,0.0,0.009999999776482582,6.992038726806641,0.8560055494308472,0.008560054935514927,4,7,28
5818,2427,2428,0.0,0.009999999776482582,1.7885791063308716,0.11265415698289871,0.0011265415232628584,4,2,8
5819,2428,4437,0.0,0.009999999776482582,6.992038726806641,0.8560055494308472,0.008560054935514927,4,7,28
5820,2429,4381,0.0,0.009999999776482582,5.5192413330078125,0.6456059217453003,0.0064560589380562305,4,6,24
5821,2429,2430,0.0,0.009999999776482582,1.1524606943130493,0.021780099719762802,0.0002178009890485555,4,2,8
5822,2430,3483,0.0,0.009999999776482582,2.0871481895446777,0.1553068906068802,0.001553068868815899,4,3,12
5823,3483,4569,0.0,0.009999999776482582,2.0871481895446777,0.1553068906068802,0.001553068868815899,4,3,12
5824,2431,4569,0.0,0.009999999776482582,1.5237689018249512,0.07482413202524185,0.0007482413202524185,4,2,8
5825,2431,2432,0.0,0.009999999776482582,1.3605036735534668,0.05150052532553673,0.0005150052602402866,4,2,8
5826,2432,4381,0.0,0.009999999776482582,5.5192413330078125,0.6456059217453003,0.0064560589380562305,4,6,24
5827,4521,4643,0.0,0.009999999776482582,1.694124698638916,0.09916067123413086,0.000991606735624373,4,2,8
5828,3937,4643,0.0,0.009999999776482582,1.694124698638916,0.09916067123413086,0.000991606735624373,4,2,8
5829,4488,4645,0.0,0.009999999776482582,2.24638295173645,0.17805470526218414,0.0017805469688028097,4,3,12
5830,3962,4560,0.0,0.009999999776482582,2.365353584289551,0.19505050778388977,0.0019505050731822848,4,3,12
5831,4560,4646,0.0,0.009999999776482582,2.075261354446411,0.1536087691783905,0.0015360877150669694,4,3,12
5832,3537,3710,0.0,0.009999999776482582,2.219886541366577,0.17426951229572296,0.001742695108987391,4,3,12
5833,2433,3598,0.0,0.009999999776482582,3.905942440032959,0.41513463854789734,0.0041513461619615555,4,4,16
5834,2433,2434,0.0,0.009999999776482582,5.344101428985596,0.6205859184265137,0.006205859128385782,4,6,24
5835,2434,4610,0.0,0.009999999776482582,5.344101428985596,0.6205859184265137,0.006205859128385782,4,6,24
5836,4402,4516,0.0,0.009999999776482582,1.9961671829223633,0.14230959117412567,0.001423095935024321,4,2,8
5837,2435,3608,0.0,0.009999999776482582,2.357255458831787,0.1938936412334442,0.001938936416991055,4,3,12
5838,2435,3391,0.0,0.009999999776482582,1.3617830276489258,0.05168328806757927,0.0005168328643776476,4,2,8
5839,3391,4083,0.0,0.009999999776482582,2.7500343322753906,0.25000491738319397,0.0025000490713864565,4,3,12
5840,4412,5168,0.0,0.009999999776482582,3.431370973587036,0.3473387062549591,0.003473387099802494,4,4,16
5841,3986,4412,0.0,0.009999999776482582,2.6809334754943848,0.2401333600282669,0.002401333535090089,4,3,12
5842,2436,3958,0.0,0.009999999776482582,3.494479179382324,0.3563541769981384,0.0035635416861623526,4,4,16
5843,2436,2437,0.0,0.009999999776482582,4.740661144256592,0.5343801379203796,0.005343801341950893,4,5,20
5844,2437,4577,0.0,0.009999999776482582,4.740661144256592,0.5343801379203796,0.005343801341950893,4,5,20
5845,2438,4577,0.0,0.009999999776482582,2.4390103816986084,0.2055729180574417,0.002055729040876031,4,3,12
5846,2438,4412,0.0,0.009999999776482582,2.6809334754943848,0.2401333600282669,0.002401333535090089,4,3,12
5847,2439,4412,0.0,0.009999999776482582,2.6809334754943848,0.2401333600282669,0.002401333535090089,4,3,12
5848,2439,4229,0.0,0.009999999776482582,2.4810235500335693,0.21157479286193848,0.0021157478913664818,4,3,12
5849,3958,4229,0.0,0.009999999776482582,3.494479179382324,0.3563541769981384,0.0035635416861623526,4,4,16
5850,4229,5168,0.0,0.009999999776482582,3.431370973587036,0.3473387062549591,0.003473387099802494,4,4,16
5851,3986,4229,0.0,0.009999999776482582,2.5031561851501465,0.21473659574985504,0.00214736582711339,4,3,12
5852,3672,3986,0.0,0.009999999776482582,2.5031561851501465,0.21473659574985504,0.00214736582711339,4,3,12
5853,2440,3672,0.0,0.009999999776482582,1.4715354442596436,0.06736220419406891,0.000673622009344399,4,2,8
5854,2440,3958,0.0,0.009999999776482582,3.494479179382324,0.3563541769981384,0.0035635416861623526,4,4,16
5855,3958,4412,0.0,0.009999999776482582,3.494479179382324,0.3563541769981384,0.0035635416861623526,4,4,16
5856,2441,4412,0.0,0.009999999776482582,2.9208950996398926,0.2744135856628418,0.002744135679677129,4,3,12
5857,2441,4577,0.0,0.009999999776482582,2.9208950996398926,0.2744135856628418,0.002744135679677129,4,3,12
5858,3986,4577,0.0,0.009999999776482582,2.5031561851501465,0.21473659574985504,0.00214736582711339,4,3,12
5859,2442,3986,0.0,0.009999999776482582,2.757396936416626,0.2510567009449005,0.0025105669628828764,4,3,12
5860,2442,4578,0.0,0.009999999776482582,2.8284435272216797,0.2612062096595764,0.002612062031403184,4,3,12
5861,2443,3986,0.0,0.009999999776482582,5.398746013641357,0.6283922791481018,0.006283922586590052,4,6,24
5862,2443,4578,0.0,0.009999999776482582,5.398746013641357,0.6283922791481018,0.006283922586590052,4,6,24
5863,3672,4578,0.0,0.009999999776482582,2.8284435272216797,0.2612062096595764,0.002612062031403184,4,3,12
5864,2444,3672,0.0,0.009999999776482582,1.4943461418151855,0.07062087953090668,0.0007062087533995509,4,2,8
5865,2444,3977,0.0,0.009999999776482582,3.648855447769165,0.37840792536735535,0.0037840791046619415,4,4,16
5866,2445,4342,0.0,0.009999999776482582,1.431117296218872,0.061588186770677567,0.0006158818723633885,4,2,8
5867,2445,4081,0.0,0.009999999776482582,1.1053715944290161,0.015053085051476955,0.0001505308464402333,4,2,8
5868,3926,4081,0.0,0.009999999776482582,3.102898120880127,0.3004140257835388,0.003004140220582485,4,4,16
5869,2446,4342,0.0,0.009999999776482582,1.431117296218872,0.061588186770677567,0.0006158818723633885,4,2,8
5870,2446,2447,0.0,0.009999999776482582,2.2615609169006348,0.1802229881286621,0.0018022297881543636,4,3,12
5871,2447,3926,0.0,0.009999999776482582,3.102898120880127,0.3004140257835388,0.003004140220582485,4,4,16
5872,2448,4509,0.0,0.009999999776482582,1.4696131944656372,0.06708759814500809,0.0006708759465254843,4,2,8
5873,2448,2449,0.0,0.009999999776482582,1.3225815296173096,0.04608307406306267,0.00046083072084002197,4,2,8
5874,2449,4509,0.0,0.009999999776482582,1.4696131944656372,0.06708759814500809,0.0006708759465254843,4,2,8
5875,2450,4509,0.0,0.009999999776482582,1.4696131944656372,0.06708759814500809,0.0006708759465254843,4,2,8
5876,2450,2451,0.0,0.009999999776482582,1.3512606620788574,0.0501800961792469,0.0005018009687773883,4,2,8
5877,2451,2452,0.0,0.009999999776482582,1.3512606620788574,0.0501800961792469,0.0005018009687773883,4,2,8
5878,2452,4509,0.0,0.009999999776482582,1.4696131944656372,0.06708759814500809,0.0006708759465254843,4,2,8
5879,4437,4648,0.0,0.009999999776482582,6.992038726806641,0.8560055494308472,0.008560054935514927,4,7,28
5880,2453,4648,0.0,0.009999999776482582,4.042248249053955,0.4346068799495697,0.004346068482846022,4,5,20
5881,2453,2454,0.0,0.009999999776482582,2.6359877586364746,0.23371253907680511,0.002337125362828374,4,3,12
5882,2454,4648,0.0,0.009999999776482582,4.042248249053955,0.4346068799495697,0.004346068482846022,4,5,20
5883,2455,4648,0.0,0.009999999776482582,4.042248249053955,0.4346068799495697,0.004346068482846022,4,5,20
5884,2456,3548,0.0,0.009999999776482582,3.9478273391723633,0.42111819982528687,0.004211181774735451,4,4,16
5885,2456,2457,0.0,0.009999999776482582,3.264378547668457,0.3234826624393463,0.0032348264940083027,4,4,16
5886,2457,2458,0.0,0.009999999776482582,3.5113906860351562,0.35877010226249695,0.003587700892239809,4,4,16
5887,2458,2459,0.0,0.009999999776482582,3.5113906860351562,0.35877010226249695,0.003587700892239809,4,4,16
5888,2459,2460,0.0,0.009999999776482582,1.8106800317764282,0.11581142991781235,0.0011581142898648977,4,2,8
5889,2460,4646,0.0,0.009999999776482582,2.075261354446411,0.1536087691783905,0.0015360877150669694,4,3,12
5890,2461,4043,0.0,0.009999999776482582,5.816155433654785,0.6880221962928772,0.006880221888422966,4,6,24
5891,2461,4458,0.0,0.009999999776482582,2.1747355461120605,0.16781936585903168,0.0016781935701146722,4,3,12
5892,4043,4458,0.0,0.009999999776482582,5.816155433654785,0.6880221962928772,0.006880221888422966,4,6,24
5893,4456,4458,0.0,0.009999999776482582,2.1747355461120605,0.16781936585903168,0.0016781935701146722,4,3,12
5894,4456,5080,0.0,0.009999999776482582,2.053891897201538,0.15055598318576813,0.0015055597759783268,4,3,12
5895,4565,5080,0.0,0.009999999776482582,1.5341343879699707,0.07630491256713867,0.000763049116358161,4,2,8
5896,4565,5193,0.0,0.009999999776482582,1.279716968536377,0.03995956853032112,0.0003995956794824451,4,2,8
5897,4649,5193,0.0,0.009999999776482582,3.0597524642944336,0.29425033926963806,0.0029425034299492836,4,4,16
5898,4457,4649,0.0,0.009999999776482582,3.0597524642944336,0.29425033926963806,0.0029425034299492836,4,4,16
5899,4457,4828,0.0,0.009999999776482582,1.445533037185669,0.06364757567644119,0.0006364757427945733,4,2,8
5900,3632,4828,0.0,0.009999999776482582,2.3406529426574707,0.19152185320854187,0.0019152185413986444,4,3,12
5901,4459,4650,0.0,0.009999999776482582,1.4035863876342773,0.05765519663691521,0.0005765519454143941,4,2,8
5902,4456,4459,0.0,0.009999999776482582,2.053891897201538,0.15055598318576813,0.0015055597759783268,4,3,12
5903,4043,4456,0.0,0.009999999776482582,5.816155433654785,0.6880221962928772,0.006880221888422966,4,6,24
5904,4043,4651,0.0,0.009999999776482582,5.816155433654785,0.6880221962928772,0.006880221888422966,4,6,24
5905,4458,4651,0.0,0.009999999776482582,2.1747355461120605,0.16781936585903168,0.0016781935701146722,4,3,12
5906,4172,4458,0.0,0.009999999776482582,2.1747355461120605,0.16781936585903168,0.0016781935701146722,4,3,12
5907,4172,5080,0.0,0.009999999776482582,2.1448848247528076,0.16355498135089874,0.0016355498228222132,4,3,12
5908,4828,5079,0.0,0.009999999776482582,1.863735318183899,0.12339075654745102,0.00123390753287822,4,2,8
5909,4172,4456,0.0,0.009999999776482582,2.1448848247528076,0.16355498135089874,0.0016355498228222132,4,3,12
5910,4172,4457,0.0,0.009999999776482582,2.1448848247528076,0.16355498135089874,0.0016355498228222132,4,3,12
5911,4457,5193,0.0,0.009999999776482582,1.2800425291061401,0.04000607505440712,0.00040006072958931327,4,2,8
5912,2462,5193,0.0,0.009999999776482582,1.279716968536377,0.03995956853032112,0.0003995956794824451,4,2,8
5913,2462,4043,0.0,0.009999999776482582,5.816155433654785,0.6880221962928772,0.006880221888422966,4,6,24
5914,4043,4459,0.0,0.009999999776482582,5.816155433654785,0.6880221962928772,0.006880221888422966,4,6,24
5915,2463,4459,0.0,0.009999999776482582,1.4035863876342773,0.05765519663691521,0.0005765519454143941,4,2,8
5916,2463,4043,0.0,0.009999999776482582,5.816155433654785,0.6880221962928772,0.006880221888422966,4,6,24
5917,2464,4043,0.0,0.009999999776482582,5.816155433654785,0.6880221962928772,0.006880221888422966,4,6,24
5918,2464,5193,0.0,0.009999999776482582,2.6093225479125977,0.2299032211303711,0.002299032174050808,4,3,12
5919,5079,5193,0.0,0.009999999776482582,1.863735318183899,0.12339075654745102,0.00123390753287822,4,2,8
5920,2465,5079,0.0,0.009999999776482582,1.863735318183899,0.12339075654745102,0.00123390753287822,4,2,8
5921,2465,3392,0.0,0.009999999776482582,1.621159553527832,0.08873707801103592,0.0008873707847669721,4,2,8
5922,3392,4459,0.0,0.009999999776482582,1.457480549812317,0.0653543621301651,0.0006535436259582639,4,2,8
5923,2466,4456,0.0,0.009999999776482582,2.053891897201538,0.15055598318576813,0.0015055597759783268,4,3,12
5924,2466,4043,0.0,0.009999999776482582,5.816155433654785,0.6880221962928772,0.006880221888422966,4,6,24
5925,2467,4043,0.0,0.009999999776482582,5.816155433654785,0.6880221962928772,0.006880221888422966,4,6,24
5926,2467,5080,0.0,0.009999999776482582,2.3849751949310303,0.19785359501838684,0.0019785359036177397,4,3,12
5927,2468,4828,0.0,0.009999999776482582,1.445533037185669,0.06364757567644119,0.0006364757427945733,4,2,8
5928,2468,2469,0.0,0.009999999776482582,2.7055234909057617,0.24364621937274933,0.00243646209128201,4,3,12
5929,2469,4459,0.0,0.009999999776482582,2.7055234909057617,0.24364621937274933,0.00243646209128201,4,3,12
5930,4459,5193,0.0,0.009999999776482582,1.4035863876342773,0.05765519663691521,0.0005765519454143941,4,2,8
5931,4828,5193,0.0,0.009999999776482582,1.445533037185669,0.06364757567644119,0.0006364757427945733,4,2,8
5932,2470,3685,0.0,0.009999999776482582,5.417384147644043,0.6310548782348633,0.006310548633337021,4,6,24
5933,2470,2471,0.0,0.009999999776482582,2.1040916442871094,0.15772737562656403,0.0015772737096995115,4,3,12
5934,2471,3846,0.0,0.009999999776482582,2.943727493286133,0.2776753604412079,0.0027767536230385303,4,3,12
5935,3685,5194,0.0,0.009999999776482582,5.417384147644043,0.6310548782348633,0.006310548633337021,4,6,24
5936,5194,5195,0.0,0.009999999776482582,2.4931578636169434,0.21330825984477997,0.0021330825984477997,4,3,12
5937,3685,5195,0.0,0.009999999776482582,5.417384147644043,0.6310548782348633,0.006310548633337021,4,6,24
5938,2472,3846,0.0,0.009999999776482582,3.371189832687378,0.33874139189720154,0.0033874139189720154,4,4,16
5939,2472,2473,0.0,0.009999999776482582,3.371189832687378,0.33874139189720154,0.0033874139189720154,4,4,16
5940,2473,3685,0.0,0.009999999776482582,5.417384147644043,0.6310548782348633,0.006310548633337021,4,6,24
5941,2474,4656,0.0,0.009999999776482582,1.6330878734588623,0.09044112265110016,0.0009044111939147115,4,2,8
5942,2475,4656,0.0,0.009999999776482582,1.6330878734588623,0.09044112265110016,0.0009044111939147115,4,2,8
5943,2475,4436,0.0,0.009999999776482582,6.203383445739746,0.7433404922485352,0.007433404680341482,4,7,28
5944,2476,3536,0.0,0.009999999776482582,2.083439826965332,0.15477712452411652,0.0015477711567655206,4,3,12
5945,2476,4423,0.0,0.009999999776482582,1.6875340938568115,0.09821915626525879,0.0009821915300562978,4,2,8
5946,4423,4654,0.0,0.009999999776482582,2.195425271987915,0.17077504098415375,0.0017077503725886345,4,3,12
5947,3742,4423,0.9999998807907104,0.9999998807907104,3.752058506011963,0.3931512236595154,0.3931511640548706,5,4,20
5948,2477,3536,0.0,0.009999999776482582,3.872342586517334,0.41033464670181274,0.004103346262127161,4,4,16
5949,2477,4423,0.0,0.009999999776482582,3.872342586517334,0.41033464670181274,0.004103346262127161,4,4,16
5950,4106,4436,0.0,0.009999999776482582,6.203383445739746,0.7433404922485352,0.007433404680341482,4,7,28
5951,4106,4423,0.0,0.009999999776482582,2.745617628097534,0.24937394261360168,0.0024937393609434366,4,3,12
5952,2478,4436,0.0,0.009999999776482582,6.203383445739746,0.7433404922485352,0.007433404680341482,4,7,28
5953,2478,3903,0.0,0.009999999776482582,3.000479221343994,0.28578275442123413,0.0028578275814652443,4,4,16
5954,2479,4436,0.0,0.009999999776482582,6.203383445739746,0.7433404922485352,0.007433404680341482,4,7,28
5955,2479,2480,0.0,0.009999999776482582,1.4660048484802246,0.06657212227582932,0.0006657211924903095,4,2,8
5956,2480,4436,0.0,0.009999999776482582,6.203383445739746,0.7433404922485352,0.007433404680341482,4,7,28
5957,2481,3771,0.0,0.009999999776482582,2.1152219772338867,0.15931741893291473,0.0015931741800159216,4,3,12
5958,2481,2482,0.0,0.009999999776482582,1.7520790100097656,0.10743986070156097,0.001074398634955287,4,2,8
5959,2482,3636,0.0,0.009999999776482582,6.962948799133301,0.8518498539924622,0.00851849839091301,4,7,28
5960,4403,5202,0.0,0.009999999776482582,1.1813857555389404,0.025912251323461533,0.00025912252021953464,4,2,8
5961,2483,5202,0.0,0.009999999776482582,1.8368475437164307,0.11954964697360992,0.0011954964138567448,4,2,8
5962,2483,3804,0.0,0.009999999776482582,1.8368475437164307,0.11954964697360992,0.0011954964138567448,4,2,8
5963,2484,4665,0.0,0.009999999776482582,1.6961395740509033,0.09944850951433182,0.000994485104456544,4,2,8
5964,2484,2485,0.0,0.009999999776482582,1.6490259170532227,0.09271799027919769,0.0009271798771806061,4,2,8
5965,2485,5202,0.0,0.009999999776482582,1.1421217918395996,0.020303113386034966,0.0002030311297858134,4,2,8
5966,2486,4403,0.0,0.009999999776482582,2.2044436931610107,0.17206338047981262,0.0017206338234245777,4,3,12
5967,2486,4402,0.0,0.009999999776482582,2.2044436931610107,0.17206338047981262,0.0017206338234245777,4,3,12
5968,3917,4402,0.0,0.009999999776482582,1.5898680686950684,0.08426686376333237,0.0008426686399616301,4,2,8
5969,2487,4403,0.0,0.009999999776482582,1.1813857555389404,0.025912251323461533,0.00025912252021953464,4,2,8
5970,2487,2488,0.0,0.009999999776482582,1.3894625902175903,0.05563751235604286,0.0005563751328736544,4,2,8
5971,2488,4403,0.0,0.009999999776482582,1.3894625902175903,0.05563751235604286,0.0005563751328736544,4,2,8
5972,4370,4656,0.0,0.009999999776482582,6.9086713790893555,0.8440958857536316,0.008440958335995674,4,7,28
5973,2489,4656,0.0,0.009999999776482582,1.8678748607635498,0.12398212403059006,0.0012398211983963847,4,2,8
5974,2489,4370,0.0,0.009999999776482582,6.9086713790893555,0.8440958857536316,0.008440958335995674,4,7,28
5975,3747,4475,0.0,0.009999999776482582,1.4167492389678955,0.05953560397028923,0.0005953560466878116,4,2,8
5976,3393,4370,0.0,0.009999999776482582,6.9086713790893555,0.8440958857536316,0.008440958335995674,4,7,28
5977,2490,4370,0.0,0.009999999776482582,6.9086713790893555,0.8440958857536316,0.008440958335995674,4,7,28
5978,2490,4475,0.0,0.009999999776482582,1.4530773162841797,0.06472533196210861,0.0006472532986663282,4,2,8
5979,2491,4601,0.0,0.009999999776482582,2.736741542816162,0.24810592830181122,0.0024810591712594032,4,3,12
5980,2491,3584,0.0,0.009999999776482582,4.516549587249756,0.5023642182350159,0.005023641977459192,4,5,20
5981,2492,2493,0.0,0.009999999776482582,1.3773133754730225,0.05390191078186035,0.0005390191217884421,4,2,8
5982,2493,3394,0.0,0.009999999776482582,3.2138357162475586,0.31626224517822266,0.0031626224517822266,4,4,16
5983,3394,3457,0.0,0.009999999776482582,3.2138357162475586,0.31626224517822266,0.0031626224517822266,4,4,16
5984,3457,5196,0.0,0.009999999776482582,2.7146103382110596,0.24494433403015137,0.002449443330988288,4,3,12
5985,3395,5196,0.5,0.5049999952316284,1.1047652959823608,0.014966471120715141,0.007558067794889212,5,2,10
5986,3620,5196,0.0,0.009999999776482582,1.1756983995437622,0.025099771097302437,0.00025099769118241966,4,2,8
5987,2494,3816,0.0,0.009999999776482582,6.981029510498047,0.8544327616691589,0.008544327691197395,4,7,28
5988,2494,2495,0.0,0.009999999776482582,1.364773154258728,0.0521104522049427,0.0005211044917814434,4,2,8
5989,2495,2496,0.0,0.009999999776482582,1.1138429641723633,0.01626328006386757,0.0001626328012207523,4,2,8
5990,4345,4921,0.5,0.5049999952316284,1.1751998662948608,0.02502855286002159,0.012639419175684452,5,2,10
5991,4346,4921,0.5,0.5049999952316284,1.091724157333374,0.013103450648486614,0.006617242470383644,5,2,10
5992,2497,4921,0.0,0.009999999776482582,1.1654943227767944,0.023642046377062798,0.00023642045562155545,4,2,8
5993,2497,2498,0.0,0.009999999776482582,1.805513620376587,0.11507337540388107,0.0011507336748763919,4,2,8
5994,2498,4921,0.0,0.009999999776482582,1.805513620376587,0.11507337540388107,0.0011507336748763919,4,2,8
5995,2499,4381,0.0,0.009999999776482582,5.5192413330078125,0.6456059217453003,0.0064560589380562305,4,6,24
5996,2499,2500,0.0,0.009999999776482582,2.393014907836914,0.19900213181972504,0.0019900212064385414,4,3,12
5997,2500,4551,0.0,0.009999999776482582,1.7214326858520508,0.10306181013584137,0.001030618092045188,4,2,8
5998,2501,4551,0.0,0.009999999776482582,1.7214326858520508,0.10306181013584137,0.001030618092045188,4,2,8
5999,2501,2502,0.0,0.009999999776482582,1.7045941352844238,0.10065630823373795,0.0010065630776807666,4,2,8
6000,2502,3697,0.0,0.009999999776482582,1.455237627029419,0.06503394991159439,0.0006503394688479602,4,2,8
6001,2503,3697,0.0,0.009999999776482582,1.455237627029419,0.06503394991159439,0.0006503394688479602,4,2,8
6002,2503,2504,0.0,0.009999999776482582,1.9930419921875,0.1418631374835968,0.0014186312910169363,4,2,8
6003,2504,4381,0.0,0.009999999776482582,5.5192413330078125,0.6456059217453003,0.0064560589380562305,4,6,24
6004,3396,4381,0.0,0.009999999776482582,5.5192413330078125,0.6456059217453003,0.0064560589380562305,4,6,24
6005,2505,3396,0.0,0.009999999776482582,1.4284230470657349,0.06120329350233078,0.0006120329489931464,4,2,8
6006,2505,4551,0.0,0.009999999776482582,1.7214326858520508,0.10306181013584137,0.001030618092045188,4,2,8
6007,4551,4658,0.0,0.009999999776482582,1.7214326858520508,0.10306181013584137,0.001030618092045188,4,2,8
6008,4381,4550,0.0,0.009999999776482582,5.5192413330078125,0.6456059217453003,0.0064560589380562305,4,6,24
6009,4381,4551,0.0,0.009999999776482582,5.5192413330078125,0.6456059217453003,0.0064560589380562305,4,6,24
6010,2506,4551,0.0,0.009999999776482582,1.7214326858520508,0.10306181013584137,0.001030618092045188,4,2,8
6011,2506,4584,0.0,0.009999999776482582,1.4280078411102295,0.06114397570490837,0.0006114397547207773,4,2,8
6012,3697,3738,0.0,0.009999999776482582,1.6803743839263916,0.09719634056091309,0.0009719633962959051,4,2,8
6013,2507,3697,0.0,0.009999999776482582,2.0766077041625977,0.1538010984659195,0.0015380108961835504,4,3,12
6014,2507,4381,0.0,0.009999999776482582,5.5192413330078125,0.6456059217453003,0.0064560589380562305,4,6,24
6015,4551,4584,0.0,0.009999999776482582,1.7214326858520508,0.10306181013584137,0.001030618092045188,4,2,8
6016,2508,4284,0.0,0.009999999776482582,1.2384634017944336,0.034066200256347656,0.00034066199441440403,4,2,8
6017,2508,4584,0.0,0.009999999776482582,1.3476552963256836,0.04966504126787186,0.0004966504056937993,4,2,8
6018,3697,4382,0.0,0.009999999776482582,2.2961318492889404,0.18516169488430023,0.0018516168929636478,4,3,12
6019,3396,4382,0.0,0.009999999776482582,2.2961318492889404,0.18516169488430023,0.0018516168929636478,4,3,12
6020,2509,3396,0.0,0.009999999776482582,1.621565818786621,0.08879511803388596,0.0008879511733539402,4,2,8
6021,2509,3697,0.0,0.009999999776482582,1.621565818786621,0.08879511803388596,0.0008879511733539402,4,2,8
6022,2510,4381,0.0,0.009999999776482582,5.5192413330078125,0.6456059217453003,0.0064560589380562305,4,6,24
6023,2510,4584,0.0,0.009999999776482582,2.219341278076172,0.17419160902500153,0.0017419160576537251,4,3,12
6024,2511,3697,0.0,0.009999999776482582,1.7380259037017822,0.10543227195739746,0.0010543226962909102,4,2,8
6025,2511,4539,0.0,0.009999999776482582,1.7380259037017822,0.10543227195739746,0.0010543226962909102,4,2,8
6026,2512,4584,0.0,0.009999999776482582,1.3476552963256836,0.04966504126787186,0.0004966504056937993,4,2,8
6027,2512,2513,0.0,0.009999999776482582,1.4352043867111206,0.0621720552444458,0.0006217205664142966,4,2,8
6028,2513,4381,0.0,0.009999999776482582,5.5192413330078125,0.6456059217453003,0.0064560589380562305,4,6,24
6029,2514,4381,0.0,0.009999999776482582,5.5192413330078125,0.6456059217453003,0.0064560589380562305,4,6,24
6030,2514,4550,0.0,0.009999999776482582,1.5016107559204102,0.0716586783528328,0.0007165867718867958,4,2,8
6031,2515,4058,0.0,0.009999999776482582,1.4088430404663086,0.058406148105859756,0.0005840614903718233,4,2,8
6032,2515,4284,0.0,0.009999999776482582,1.2384634017944336,0.034066200256347656,0.00034066199441440403,4,2,8
6033,3488,3559,0.0,0.009999999776482582,2.652703285217285,0.2361004650592804,0.0023610047064721584,4,3,12
6034,3559,3777,0.0,0.009999999776482582,7.127651214599609,0.8753787279129028,0.00875378679484129,4,8,32
6035,4208,5051,0.9999998807907104,0.9999998807907104,3.213416576385498,0.3162023723125458,0.3162023425102234,5,4,20
6036,2516,4208,0.0,0.009999999776482582,3.0252795219421387,0.28932565450668335,0.002893256489187479,4,4,16
6037,2516,5051,0.0,0.009999999776482582,3.213416576385498,0.3162023723125458,0.003162023611366749,4,4,16
6038,4208,4583,0.0,0.009999999776482582,3.0252795219421387,0.28932565450668335,0.002893256489187479,4,4,16
6039,4583,5051,0.0,0.009999999776482582,3.213416576385498,0.3162023723125458,0.003162023611366749,4,4,16
6040,4821,5051,0.5,0.5049999952316284,3.213416576385498,0.3162023723125458,0.15968219935894012,5,4,20
6041,4208,4821,0.5,0.5049999952316284,3.0252795219421387,0.28932565450668335,0.1461094468832016,5,4,20
6042,4208,4425,0.9999998807907104,0.9999998807907104,3.0252795219421387,0.28932565450668335,0.28932562470436096,5,4,20
6043,4425,5051,0.9999998807907104,0.9999998807907104,3.213416576385498,0.3162023723125458,0.3162023425102234,5,4,20
6044,2517,5051,0.0,0.009999999776482582,3.213416576385498,0.3162023723125458,0.003162023611366749,4,4,16
6045,2517,4208,0.0,0.009999999776482582,3.0252795219421387,0.28932565450668335,0.002893256489187479,4,4,16
6046,4583,4821,0.0,0.009999999776482582,2.4146218299865723,0.2020888328552246,0.002020888263359666,4,3,12
6047,4581,5051,0.0,0.009999999776482582,3.213416576385498,0.3162023723125458,0.003162023611366749,4,4,16
6048,4425,4581,0.0,0.009999999776482582,2.3526053428649902,0.1932293325662613,0.0019322932930663228,4,3,12
6049,4425,4734,0.0,0.009999999776482582,2.3526053428649902,0.1932293325662613,0.0019322932930663228,4,3,12
6050,4581,4583,0.0,0.009999999776482582,2.4146218299865723,0.2020888328552246,0.002020888263359666,4,3,12
6051,4425,4583,0.0,0.009999999776482582,2.4146218299865723,0.2020888328552246,0.002020888263359666,4,3,12
6052,3777,4015,0.0,0.009999999776482582,7.127651214599609,0.8753787279129028,0.00875378679484129,4,8,32
6053,4015,4238,0.0,0.009999999776482582,2.5926620960235596,0.22752316296100616,0.0022752315271645784,4,3,12
6054,3520,4238,0.0,0.009999999776482582,3.8250794410705566,0.40358278155326843,0.004035827703773975,4,4,16
6055,3777,5197,0.0,0.009999999776482582,7.127651214599609,0.8753787279129028,0.00875378679484129,4,8,32
6056,3777,4238,0.9999998807907104,0.9999998807907104,7.127651214599609,0.8753787279129028,0.8753786087036133,5,8,40
6057,4238,4260,0.9999998807907104,0.9999998807907104,1.2261440753936768,0.03230629488825798,0.03230629116296768,5,2,10
6058,3777,4260,0.9999998807907104,0.9999998807907104,7.127651214599609,0.8753787279129028,0.8753786087036133,5,8,40
6059,3660,4260,0.0,0.009999999776482582,3.62520432472229,0.37502917647361755,0.0037502916529774666,4,4,16
6060,2518,4661,0.0,0.009999999776482582,2.9272964000701904,0.2753280699253082,0.002753280568867922,4,3,12
6061,2518,2519,0.0,0.009999999776482582,1.3127803802490234,0.04468291252851486,0.00044682910083793104,4,2,8
6062,2519,4661,0.0,0.009999999776482582,2.9272964000701904,0.2753280699253082,0.002753280568867922,4,3,12
6063,2520,4661,0.0,0.009999999776482582,2.9272964000701904,0.2753280699253082,0.002753280568867922,4,3,12
6064,2520,5198,0.0,0.009999999776482582,1.8271442651748657,0.11816346645355225,0.001181634608656168,4,2,8
6065,4661,5198,0.5,0.5049999952316284,2.9272964000701904,0.2753280699253082,0.13904067873954773,5,3,15
6066,3397,4661,0.0,0.009999999776482582,2.9272964000701904,0.2753280699253082,0.002753280568867922,4,3,12
6067,2521,3397,0.0,0.009999999776482582,2.3856019973754883,0.19794313609600067,0.0019794313702732325,4,3,12
6068,2521,4661,0.0,0.009999999776482582,2.9272964000701904,0.2753280699253082,0.002753280568867922,4,3,12
6069,2522,4661,0.0,0.009999999776482582,2.9272964000701904,0.2753280699253082,0.002753280568867922,4,3,12
6070,2522,5198,0.0,0.009999999776482582,1.195613980293274,0.02794485352933407,0.00027944851899519563,4,2,8
6071,2523,3527,0.0,0.009999999776482582,1.9864577054977417,0.14092253148555756,0.0014092252822592854,4,2,8
6072,2523,2524,0.0,0.009999999776482582,1.4898653030395508,0.06998075544834137,0.0006998075405135751,4,2,8
6073,2524,4328,0.0,0.009999999776482582,4.756998062133789,0.5367140173912048,0.005367140285670757,4,5,20
6074,2525,4328,0.0,0.009999999776482582,4.756998062133789,0.5367140173912048,0.005367140285670757,4,5,20
6075,2525,2526,0.0,0.009999999776482582,1.8043534755706787,0.1149076372385025,0.0011490763863548636,4,2,8
6076,2526,4328,0.0,0.009999999776482582,4.756998062133789,0.5367140173912048,0.005367140285670757,4,5,20
6077,3398,4485,0.0,0.009999999776482582,7.152796268463135,0.8789709210395813,0.008789708837866783,4,8,32
6078,3398,3399,0.0,0.009999999776482582,2.419294834136963,0.20275640487670898,0.0020275639835745096,4,3,12
6079,3399,5199,0.0,0.009999999776482582,2.419294834136963,0.20275640487670898,0.0020275639835745096,4,3,12
6080,4485,5199,0.0,0.009999999776482582,7.152796268463135,0.8789709210395813,0.008789708837866783,4,8,32
6081,3399,4485,0.0,0.009999999776482582,7.152796268463135,0.8789709210395813,0.008789708837866783,4,8,32
6082,3399,4662,0.0,0.009999999776482582,2.419294834136963,0.20275640487670898,0.0020275639835745096,4,3,12
6083,4485,4662,0.0,0.009999999776482582,7.152796268463135,0.8789709210395813,0.008789708837866783,4,8,32
6084,4485,4663,0.0,0.009999999776482582,7.152796268463135,0.8789709210395813,0.008789708837866783,4,8,32
6085,4663,5199,0.0,0.009999999776482582,1.5261225700378418,0.07516036927700043,0.000751603685785085,4,2,8
6086,4664,5199,0.0,0.009999999776482582,2.3789117336273193,0.19698739051818848,0.0019698739051818848,4,3,12
6087,2527,4485,0.0,0.009999999776482582,7.152796268463135,0.8789709210395813,0.008789708837866783,4,8,32
6088,2527,2528,0.0,0.009999999776482582,1.1219831705093384,0.01742616668343544,0.00017426165868528187,4,2,8
6089,2528,4485,0.0,0.009999999776482582,7.152796268463135,0.8789709210395813,0.008789708837866783,4,8,32
6090,4397,5200,0.0,0.009999999776482582,2.738236904144287,0.24831955134868622,0.0024831953924149275,4,3,12
6091,2529,3479,0.0,0.009999999776482582,2.558157444000244,0.22259391844272614,0.0022259391844272614,4,3,12
6092,2529,5201,0.0,0.009999999776482582,1.1331477165222168,0.019021103158593178,0.00019021102343685925,4,2,8
6093,3464,5201,0.0,0.009999999776482582,1.3330103158950806,0.04757290333509445,0.00047572902985848486,4,2,8
6094,3804,5202,0.0,0.009999999776482582,1.0649522542953491,0.00927889347076416,9.278893412556499e-05,4,2,8
6095,3400,5202,0.0,0.009999999776482582,2.112572193145752,0.15893888473510742,0.001589388819411397,4,3,12
6096,3400,4403,0.0,0.009999999776482582,2.112572193145752,0.15893888473510742,0.001589388819411397,4,3,12
6097,3804,4506,0.0,0.009999999776482582,1.9932831525802612,0.14189758896827698,0.001418975880369544,4,2,8
6098,2530,4506,0.0,0.009999999776482582,1.9932831525802612,0.14189758896827698,0.001418975880369544,4,2,8
6099,2530,4403,0.0,0.009999999776482582,1.9701414108276367,0.13859163224697113,0.001385916257277131,4,2,8
6100,3735,3804,0.0,0.009999999776482582,1.836411952972412,0.11948741972446442,0.0011948741739615798,4,2,8
6101,3735,4404,0.0,0.009999999776482582,1.9917460680007935,0.14167800545692444,0.0014167800545692444,4,2,8
6102,3804,4404,0.0,0.009999999776482582,1.9917460680007935,0.14167800545692444,0.0014167800545692444,4,2,8
6103,4121,4667,0.0,0.009999999776482582,1.8563923835754395,0.12234176695346832,0.0012234176974743605,4,2,8
6104,4667,4733,0.0,0.009999999776482582,2.5029897689819336,0.21471282839775085,0.002147128339856863,4,3,12
6105,3879,4733,0.0,0.009999999776482582,2.5029897689819336,0.21471282839775085,0.002147128339856863,4,3,12
6106,2531,4544,0.0,0.009999999776482582,1.6509265899658203,0.09298951178789139,0.0009298950899392366,4,2,8
6107,2531,4824,0.0,0.009999999776482582,1.3626065254211426,0.0518009327352047,0.0005180092994123697,4,2,8
6108,4544,4824,0.0,0.009999999776482582,1.6509265899658203,0.09298951178789139,0.0009298950899392366,4,2,8
6109,2532,3742,0.0,0.009999999776482582,3.752058506011963,0.3931512236595154,0.003931512124836445,4,4,16
6110,2532,2533,0.0,0.009999999776482582,2.566591739654541,0.22379882633686066,0.002237988170236349,4,3,12
6111,2533,3742,0.0,0.009999999776482582,3.752058506011963,0.3931512236595154,0.003931512124836445,4,4,16
6112,4366,4669,0.0,0.009999999776482582,1.9550204277038574,0.136431485414505,0.0013643148122355342,4,2,8
6113,4669,4925,0.0,0.009999999776482582,5.5763702392578125,0.6537671685218811,0.0065376716665923595,4,6,24
6114,4812,4925,0.0,0.009999999776482582,5.5763702392578125,0.6537671685218811,0.0065376716665923595,4,6,24
6115,3705,4812,0.0,0.009999999776482582,3.291696548461914,0.32738521695137024,0.0032738521695137024,4,4,16
6116,3705,4871,0.0,0.009999999776482582,4.937243938446045,0.5624634027481079,0.005624633748084307,4,5,20
6117,2534,4925,0.0,0.009999999776482582,5.5763702392578125,0.6537671685218811,0.0065376716665923595,4,6,24
6118,2534,4107,0.0,0.009999999776482582,1.8266900777816772,0.11809857934713364,0.0011809857096523046,4,2,8
6119,2535,4608,0.0,0.009999999776482582,3.131134510040283,0.30444779992103577,0.0030444778967648745,4,4,16
6120,2535,4451,0.0,0.009999999776482582,3.131134510040283,0.30444779992103577,0.0030444778967648745,4,4,16
6121,2536,4451,0.0,0.009999999776482582,1.4015151262283325,0.057359304279088974,0.0005735930171795189,4,2,8
6122,2536,4040,0.0,0.009999999776482582,2.868265390396118,0.266895055770874,0.0026689504738897085,4,3,12
6123,4167,4452,0.0,0.009999999776482582,5.131019592285156,0.5901456475257874,0.005901456344872713,4,6,24
6124,4607,4887,0.0,0.009999999776482582,3.572172164916992,0.3674531579017639,0.003674531588330865,4,4,16
6125,4448,4452,0.0,0.009999999776482582,5.131019592285156,0.5901456475257874,0.005901456344872713,4,6,24
6126,2537,4887,0.0,0.009999999776482582,3.572172164916992,0.3674531579017639,0.003674531588330865,4,4,16
6127,2537,4452,0.0,0.009999999776482582,5.131019592285156,0.5901456475257874,0.005901456344872713,4,6,24
6128,4448,4607,0.0,0.009999999776482582,1.7998753786087036,0.11426790803670883,0.001142679015174508,4,2,8
6129,2538,4448,0.0,0.009999999776482582,1.193471074104309,0.027638724073767662,0.0002763872325886041,4,2,8
6130,2538,2539,0.0,0.009999999776482582,1.3987185955047607,0.05695980042219162,0.000569597992580384,4,2,8
6131,2539,4607,0.0,0.009999999776482582,1.7998753786087036,0.11426790803670883,0.001142679015174508,4,2,8
6132,2540,4451,0.0,0.009999999776482582,1.5399527549743652,0.07713610678911209,0.0007713610539212823,4,2,8
6133,2540,4452,0.0,0.009999999776482582,5.131019592285156,0.5901456475257874,0.005901456344872713,4,6,24
6134,2541,3935,0.0,0.009999999776482582,3.109027862548828,0.30128970742225647,0.0030128969810903072,4,4,16
6135,2541,4024,0.0,0.009999999776482582,1.9052746295928955,0.12932494282722473,0.0012932494282722473,4,2,8
6136,3594,4024,0.0,0.009999999776482582,2.4442219734191895,0.20631742477416992,0.0020631742663681507,4,3,12
6137,4024,4305,0.0,0.009999999776482582,1.9052746295928955,0.12932494282722473,0.0012932494282722473,4,2,8
6138,4295,4305,0.0,0.009999999776482582,6.226338863372803,0.7466198205947876,0.007466197945177555,4,7,28
6139,3480,5203,0.0,0.009999999776482582,2.6033570766448975,0.22905100882053375,0.002290510106831789,4,3,12
6140,4504,5203,0.0,0.009999999776482582,1.980488896369934,0.140069842338562,0.0014006984420120716,4,2,8
6141,2542,4504,0.0,0.009999999776482582,1.980488896369934,0.140069842338562,0.0014006984420120716,4,2,8
6142,2542,3402,0.0,0.009999999776482582,1.107276201248169,0.015325171872973442,0.00015325171989388764,4,2,8
6143,2543,3402,0.0,0.009999999776482582,6.633180141448975,0.8047400116920471,0.008047400042414665,4,7,28
6144,2543,2544,0.0,0.009999999776482582,6.633180141448975,0.8047400116920471,0.008047400042414665,4,7,28
6145,2544,2545,0.0,0.009999999776482582,2.3947882652282715,0.19925546646118164,0.001992554636672139,4,3,12
6146,2545,4670,0.0,0.009999999776482582,2.3947882652282715,0.19925546646118164,0.001992554636672139,4,3,12
6147,3480,4670,0.0,0.009999999776482582,2.6033570766448975,0.22905100882053375,0.002290510106831789,4,3,12
6148,4414,5204,0.0,0.009999999776482582,1.290940761566162,0.041562967002391815,0.0004156296490691602,4,2,8
6149,2546,4414,0.0,0.009999999776482582,2.6105971336364746,0.23008529841899872,0.002300852909684181,4,3,12
6150,2546,5203,0.0,0.009999999776482582,2.6105971336364746,0.23008529841899872,0.002300852909684181,4,3,12
6151,4671,5204,0.0,0.009999999776482582,1.290940761566162,0.041562967002391815,0.0004156296490691602,4,2,8
6152,4414,4671,0.0,0.009999999776482582,1.2760818004608154,0.039440255612134933,0.00039440253749489784,4,2,8
6153,4414,5205,0.0,0.009999999776482582,1.4301155805587769,0.06144508346915245,0.0006144508370198309,4,2,8
6154,3401,5205,0.0,0.009999999776482582,1.4301155805587769,0.06144508346915245,0.0006144508370198309,4,2,8
6155,3401,5204,0.0,0.009999999776482582,1.3886338472366333,0.05551912263035774,0.0005551911890506744,4,2,8
6156,5203,5204,0.5,0.5049999952316284,1.4439892768859863,0.06342703849077225,0.032030653208494186,5,2,10
6157,4670,5203,0.0,0.009999999776482582,1.6498100757598877,0.09283000975847244,0.0009283000836148858,4,2,8
6158,2547,4670,0.0,0.009999999776482582,1.8490394353866577,0.12129134684801102,0.0012129134265705943,4,2,8
6159,2547,2548,0.0,0.009999999776482582,1.8490394353866577,0.12129134684801102,0.0012129134265705943,4,2,8
6160,2548,3480,0.0,0.009999999776482582,2.6033570766448975,0.22905100882053375,0.002290510106831789,4,3,12
6161,3480,5206,0.0,0.009999999776482582,2.6033570766448975,0.22905100882053375,0.002290510106831789,4,3,12
6162,4670,5206,0.0,0.009999999776482582,1.6498100757598877,0.09283000975847244,0.0009283000836148858,4,2,8
6163,2549,4670,0.0,0.009999999776482582,1.6498100757598877,0.09283000975847244,0.0009283000836148858,4,2,8
6164,2549,5205,0.0,0.009999999776482582,1.5243340730667114,0.07490486651659012,0.0007490486605092883,4,2,8
6165,5204,5205,0.0,0.009999999776482582,1.4301155805587769,0.06144508346915245,0.0006144508370198309,4,2,8
6166,2550,5203,0.0,0.009999999776482582,1.52218496799469,0.07459785044193268,0.0007459784974344075,4,2,8
6167,2550,3480,0.0,0.009999999776482582,2.6033570766448975,0.22905100882053375,0.002290510106831789,4,3,12
6168,2551,3480,0.0,0.009999999776482582,2.6033570766448975,0.22905100882053375,0.002290510106831789,4,3,12
6169,2551,2552,0.0,0.009999999776482582,1.780289888381958,0.11146998405456543,0.0011146998731419444,4,2,8
6170,2552,2553,0.0,0.009999999776482582,1.780289888381958,0.11146998405456543,0.0011146998731419444,4,2,8
6171,2553,5205,0.0,0.009999999776482582,1.534339427947998,0.07633420079946518,0.0007633420173078775,4,2,8
6172,5203,5205,0.5,0.5049999952316284,1.4439892768859863,0.06342703849077225,0.032030653208494186,5,2,10
6173,2554,5203,0.0,0.009999999776482582,2.0214924812316895,0.14592750370502472,0.0014592750230804086,4,3,12
6174,2554,4414,0.0,0.009999999776482582,2.0214924812316895,0.14592750370502472,0.0014592750230804086,4,3,12
6175,2555,4414,0.0,0.009999999776482582,1.2760818004608154,0.039440255612134933,0.00039440253749489784,4,2,8
6176,2555,2556,0.0,0.009999999776482582,2.009671211242676,0.14423874020576477,0.001442387350834906,4,3,12
6177,2556,3480,0.0,0.009999999776482582,2.6033570766448975,0.22905100882053375,0.002290510106831789,4,3,12
6178,2557,3480,0.0,0.009999999776482582,2.6033570766448975,0.22905100882053375,0.002290510106831789,4,3,12
6179,2557,5206,0.0,0.009999999776482582,1.4469883441925049,0.06385547667741776,0.0006385547458194196,4,2,8
6180,2558,5206,0.0,0.009999999776482582,1.2774840593338013,0.039640579372644424,0.0003964057832490653,4,2,8
6181,2558,3480,0.0,0.009999999776482582,2.6033570766448975,0.22905100882053375,0.002290510106831789,4,3,12
6182,2559,3480,0.0,0.009999999776482582,2.6033570766448975,0.22905100882053375,0.002290510106831789,4,3,12
6183,2559,4414,0.0,0.009999999776482582,1.9645410776138306,0.13779158890247345,0.0013779158471152186,4,2,8
6184,2560,4414,0.0,0.009999999776482582,1.2760818004608154,0.039440255612134933,0.00039440253749489784,4,2,8
6185,2560,2561,0.0,0.009999999776482582,1.4347612857818604,0.062108755111694336,0.0006210875581018627,4,2,8
6186,2561,3402,0.0,0.009999999776482582,1.4347612857818604,0.062108755111694336,0.0006210875581018627,4,2,8
6187,2562,3402,0.0,0.009999999776482582,1.2141624689102173,0.030594637617468834,0.00030594636336900294,4,2,8
6188,2562,4671,0.0,0.009999999776482582,1.2230556011199951,0.031865086406469345,0.0003186508547514677,4,2,8
6189,2563,4671,0.0,0.009999999776482582,2.720200300216675,0.24574290215969086,0.0024574289564043283,4,3,12
6190,2563,2564,0.0,0.009999999776482582,2.720200300216675,0.24574290215969086,0.0024574289564043283,4,3,12
6191,2564,5205,0.0,0.009999999776482582,1.4301155805587769,0.06144508346915245,0.0006144508370198309,4,2,8
6192,3480,4414,0.0,0.009999999776482582,2.6033570766448975,0.22905100882053375,0.002290510106831789,4,3,12
6193,2565,4414,0.0,0.009999999776482582,1.2760818004608154,0.039440255612134933,0.00039440253749489784,4,2,8
6194,2565,5203,0.0,0.009999999776482582,1.4439892768859863,0.06342703849077225,0.0006342703709378839,4,2,8
6195,5203,5206,0.0,0.009999999776482582,1.4439892768859863,0.06342703849077225,0.0006342703709378839,4,2,8
6196,2566,5206,0.0,0.009999999776482582,1.2774840593338013,0.039640579372644424,0.0003964057832490653,4,2,8
6197,2566,2567,0.0,0.009999999776482582,1.0989183187484741,0.01413118839263916,0.00014131188800092787,4,2,8
6198,2568,4043,0.0,0.009999999776482582,5.816155433654785,0.6880221962928772,0.006880221888422966,4,6,24
6199,2568,2569,0.0,0.009999999776482582,2.1872191429138184,0.16960273683071136,0.0016960273496806622,4,3,12
6200,2569,4075,0.0,0.009999999776482582,3.440966844558716,0.3487095534801483,0.003487095469608903,4,4,16
6201,2570,4043,0.0,0.009999999776482582,5.816155433654785,0.6880221962928772,0.006880221888422966,4,6,24
6202,2570,2571,0.0,0.009999999776482582,1.1001888513565063,0.014312692917883396,0.0001431269192835316,4,2,8
6203,2571,4043,0.0,0.009999999776482582,5.816155433654785,0.6880221962928772,0.006880221888422966,4,6,24
6204,2572,3799,0.0,0.009999999776482582,5.2673773765563965,0.6096253395080566,0.0060962531715631485,4,6,24
6205,2572,4210,0.0,0.009999999776482582,2.2546558380126953,0.1792365461587906,0.0017923654522746801,4,3,12
6206,3546,4210,0.0,0.009999999776482582,2.3382959365844727,0.1911851316690445,0.0019118512282148004,4,3,12
6207,2573,4618,0.0,0.009999999776482582,1.1412947177886963,0.020184960216283798,0.00020184960158076137,4,2,8
6208,2573,2574,0.0,0.009999999776482582,1.3122457265853882,0.0446065329015255,0.000446065329015255,4,2,8
6209,2574,4618,0.0,0.009999999776482582,1.3122457265853882,0.0446065329015255,0.000446065329015255,4,2,8
6210,2575,5207,0.0,0.009999999776482582,1.310167670249939,0.044309668242931366,0.0004430966801010072,4,2,8
6211,2575,4799,0.0,0.009999999776482582,1.310167670249939,0.044309668242931366,0.0004430966801010072,4,2,8
6212,2576,4799,0.0,0.009999999776482582,1.2125216722488403,0.030360238626599312,0.00030360236996784806,4,2,8
6213,2576,2577,0.0,0.009999999776482582,1.159080982208252,0.022725854068994522,0.00022725854068994522,4,2,8
6214,2577,3610,0.0,0.009999999776482582,1.3266900777816772,0.046670012176036835,0.0004667001194320619,4,2,8
6215,2578,3465,0.0,0.009999999776482582,2.602825880050659,0.22897513210773468,0.002289751311764121,4,3,12
6216,2578,2579,0.0,0.009999999776482582,1.9710185527801514,0.1387169361114502,0.0013871693518012762,4,2,8
6217,2579,3465,0.0,0.009999999776482582,2.602825880050659,0.22897513210773468,0.002289751311764121,4,3,12
6218,2580,3465,0.0,0.009999999776482582,2.602825880050659,0.22897513210773468,0.002289751311764121,4,3,12
6219,2580,4668,0.0,0.009999999776482582,2.576568603515625,0.2252240926027298,0.0022522408980876207,4,3,12
6220,3465,4668,0.0,0.009999999776482582,2.602825880050659,0.22897513210773468,0.002289751311764121,4,3,12
6221,2581,3465,0.0,0.009999999776482582,2.602825880050659,0.22897513210773468,0.002289751311764121,4,3,12
6222,2581,3459,0.0,0.009999999776482582,2.7273128032684326,0.24675896763801575,0.0024675896856933832,4,3,12
6223,3459,3465,0.0,0.009999999776482582,2.7273128032684326,0.24675896763801575,0.0024675896856933832,4,3,12
6224,2582,3719,0.0,0.009999999776482582,3.2962677478790283,0.3280382454395294,0.0032803823705762625,4,4,16
6225,2582,2583,0.0,0.009999999776482582,1.3873789310455322,0.05533984676003456,0.0005533984513022006,4,2,8
6226,2583,2584,0.0,0.009999999776482582,1.3168549537658691,0.045264992862939835,0.0004526499251369387,4,2,8
6227,2584,3719,0.0,0.009999999776482582,3.2962677478790283,0.3280382454395294,0.0032803823705762625,4,4,16
6228,2585,3719,0.0,0.009999999776482582,3.2962677478790283,0.3280382454395294,0.0032803823705762625,4,4,16
6229,2585,5208,0.0,0.009999999776482582,1.759803295135498,0.10854332894086838,0.0010854332940652966,4,2,8
6230,3719,5208,0.0,0.009999999776482582,3.2962677478790283,0.3280382454395294,0.0032803823705762625,4,4,16
6231,3626,4394,0.0,0.009999999776482582,5.899522304534912,0.6999317407608032,0.006999317090958357,4,6,24
6232,2586,3626,0.0,0.009999999776482582,2.283163070678711,0.18330900371074677,0.0018330899765715003,4,3,12
6233,2084,2586,0.0,0.009999999776482582,2.283163070678711,0.18330900371074677,0.0018330899765715003,4,3,12
6234,2587,5037,0.0,0.009999999776482582,4.123453140258789,0.44620758295059204,0.004462075885385275,4,5,20
6235,2587,2588,0.0,0.009999999776482582,3.2351341247558594,0.319304883480072,0.0031930487602949142,4,4,16
6236,2588,5037,0.0,0.009999999776482582,4.123453140258789,0.44620758295059204,0.004462075885385275,4,5,20
6237,2589,4049,0.0,0.009999999776482582,2.3375813961029053,0.19108305871486664,0.0019108304986730218,4,3,12
6238,2589,2590,0.0,0.009999999776482582,1.871286392211914,0.12446948140859604,0.0012446948094293475,4,2,8
6239,2590,3526,0.0,0.009999999776482582,1.588425874710083,0.08406084030866623,0.0008406083798035979,4,2,8
6240,3526,4049,0.0,0.009999999776482582,2.3375813961029053,0.19108305871486664,0.0019108304986730218,4,3,12
6241,2591,4049,0.0,0.009999999776482582,2.3375813961029053,0.19108305871486664,0.0019108304986730218,4,3,12
6242,2591,2592,0.0,0.009999999776482582,1.1571171283721924,0.022445304319262505,0.0002244530332973227,4,2,8
6243,2592,4049,0.0,0.009999999776482582,2.3375813961029053,0.19108305871486664,0.0019108304986730218,4,3,12
6244,2593,4421,0.0,0.009999999776482582,2.273972988128662,0.18199613690376282,0.0018199613550677896,4,3,12
6245,2593,2594,0.0,0.009999999776482582,2.273972988128662,0.18199613690376282,0.0018199613550677896,4,3,12
6246,2594,4049,0.0,0.009999999776482582,2.3375813961029053,0.19108305871486664,0.0019108304986730218,4,3,12
6247,3748,4108,0.0,0.009999999776482582,1.2103614807128906,0.030051639303565025,0.00030051637440919876,4,2,8
6248,3403,3721,0.0,0.009999999776482582,5.314292907714844,0.6163275837898254,0.006163275800645351,4,6,24
6249,3403,3973,0.0,0.009999999776482582,1.5196008682250977,0.0742286965250969,0.0007422869675792754,4,2,8
6250,3721,3973,0.0,0.009999999776482582,5.314292907714844,0.6163275837898254,0.006163275800645351,4,6,24
6251,3721,4674,0.5,0.5049999952316284,5.314292907714844,0.6163275837898254,0.3112454414367676,5,6,30
6252,2595,4674,0.0,0.009999999776482582,2.0380985736846924,0.14829979836940765,0.0014829979045316577,4,3,12
6253,2595,3721,0.0,0.009999999776482582,5.314292907714844,0.6163275837898254,0.006163275800645351,4,6,24
6254,3973,4674,0.0,0.009999999776482582,1.5196008682250977,0.0742286965250969,0.0007422869675792754,4,2,8
6255,2596,3721,0.0,0.009999999776482582,5.314292907714844,0.6163275837898254,0.006163275800645351,4,6,24
6256,2596,4674,0.0,0.009999999776482582,2.673074245452881,0.23901060223579407,0.002390105975791812,4,3,12
6257,3846,5209,0.0,0.009999999776482582,2.943727493286133,0.2776753604412079,0.0027767536230385303,4,3,12
6258,2597,5209,0.0,0.009999999776482582,1.4554773569107056,0.06506819278001785,0.0006506819045171142,4,2,8
6259,2597,3846,0.0,0.009999999776482582,2.943727493286133,0.2776753604412079,0.0027767536230385303,4,3,12
6260,3561,5211,0.5,0.5049999952316284,2.67909574508667,0.2398708164691925,0.12113475799560547,5,3,15
6261,4417,5211,0.0,0.009999999776482582,1.4129267930984497,0.058989543467760086,0.0005898954113945365,4,2,8
6262,3404,4417,0.0,0.009999999776482582,1.4129267930984497,0.058989543467760086,0.0005898954113945365,4,2,8
6263,3404,5210,0.0,0.009999999776482582,1.1788444519042969,0.025549206882715225,0.00025549205020070076,4,2,8
6264,4381,5210,0.5,0.5049999952316284,5.5192413330078125,0.6456059217453003,0.32603099942207336,5,6,30
6265,2598,5211,0.0,0.009999999776482582,1.0876991748809814,0.012528453953564167,0.00012528453953564167,4,2,8
6266,2598,5210,0.0,0.009999999776482582,1.1788444519042969,0.025549206882715225,0.00025549205020070076,4,2,8
6267,4381,5211,0.0,0.009999999776482582,5.5192413330078125,0.6456059217453003,0.0064560589380562305,4,6,24
6268,2599,5211,0.0,0.009999999776482582,1.3217389583587646,0.04596270993351936,0.0004596271028276533,4,2,8
6269,2599,5210,0.0,0.009999999776482582,1.3217389583587646,0.04596270993351936,0.0004596271028276533,4,2,8
6270,3483,5210,0.0,0.009999999776482582,2.0871481895446777,0.1553068906068802,0.001553068868815899,4,3,12
6271,3483,3561,0.0,0.009999999776482582,2.67909574508667,0.2398708164691925,0.002398708136752248,4,3,12
6272,3561,4417,0.0,0.009999999776482582,2.67909574508667,0.2398708164691925,0.002398708136752248,4,3,12
6273,2600,5211,0.0,0.009999999776482582,1.4027043581008911,0.05752919241786003,0.0005752919241786003,4,2,8
6274,2600,4381,0.0,0.009999999776482582,5.5192413330078125,0.6456059217453003,0.0064560589380562305,4,6,24
6275,2601,3561,0.0,0.009999999776482582,2.67909574508667,0.2398708164691925,0.002398708136752248,4,3,12
6276,2601,3404,0.0,0.009999999776482582,1.9522993564605713,0.1360427588224411,0.001360427588224411,4,2,8
6277,2602,3404,0.0,0.009999999776482582,1.173424482345581,0.024774925783276558,0.00024774923804216087,4,2,8
6278,2602,2603,0.0,0.009999999776482582,3.2139172554016113,0.31627389788627625,0.0031627388671040535,4,4,16
6279,2603,2604,0.0,0.009999999776482582,3.2139172554016113,0.31627389788627625,0.0031627388671040535,4,4,16
6280,2604,2605,0.0,0.009999999776482582,1.5410306453704834,0.07729009538888931,0.0007729009375907481,4,2,8
6281,2605,5210,0.0,0.009999999776482582,1.1788444519042969,0.025549206882715225,0.00025549205020070076,4,2,8
6282,2606,5210,0.0,0.009999999776482582,1.1788444519042969,0.025549206882715225,0.00025549205020070076,4,2,8
6283,2606,3561,0.0,0.009999999776482582,2.67909574508667,0.2398708164691925,0.002398708136752248,4,3,12
6284,3703,5211,0.0,0.009999999776482582,1.139807939529419,0.019972562789916992,0.00019972561858594418,4,2,8
6285,2607,4328,0.0,0.009999999776482582,4.756998062133789,0.5367140173912048,0.005367140285670757,4,5,20
6286,2607,4120,0.0,0.009999999776482582,2.459639549255371,0.20851993560791016,0.002085199346765876,4,3,12
6287,4120,4328,0.0,0.009999999776482582,4.756998062133789,0.5367140173912048,0.005367140285670757,4,5,20
6288,2608,3610,0.0,0.009999999776482582,1.3266900777816772,0.046670012176036835,0.0004667001194320619,4,2,8
6289,2608,2609,0.0,0.009999999776482582,1.1467889547348022,0.020969850942492485,0.0002096985117532313,4,2,8
6290,2609,3648,0.0,0.009999999776482582,1.6945621967315674,0.09922317415475845,0.0009922317694872618,4,2,8
6291,2610,3481,0.0,0.009999999776482582,1.5801788568496704,0.08288269490003586,0.0008288269164040685,4,2,8
6292,2610,4031,0.0,0.009999999776482582,1.2210373878479004,0.031576771289110184,0.00031576771289110184,4,2,8
6293,4031,4084,0.0,0.009999999776482582,2.4635112285614014,0.2090730369091034,0.0020907302387058735,4,3,12
6294,2611,4084,0.0,0.009999999776482582,2.4635112285614014,0.2090730369091034,0.0020907302387058735,4,3,12
6295,2611,2612,0.0,0.009999999776482582,1.6393036842346191,0.09132909774780273,0.0009132909472100437,4,2,8
6296,2612,3539,0.0,0.009999999776482582,1.9714428186416626,0.13877753913402557,0.0013877754099667072,4,2,8
6297,3539,4084,0.0,0.009999999776482582,2.4635112285614014,0.2090730369091034,0.0020907302387058735,4,3,12
6298,2613,3458,0.0,0.009999999776482582,4.615525722503662,0.5165036916732788,0.005165036767721176,4,5,20
6299,2613,2614,0.0,0.009999999776482582,2.9258017539978027,0.2751145362854004,0.002751145279034972,4,3,12
6300,2614,2615,0.0,0.009999999776482582,2.098642110824585,0.15694887936115265,0.0015694887842983007,4,3,12
6301,2615,2616,0.0,0.009999999776482582,1.5263770818710327,0.07519672811031342,0.0007519672508351505,4,2,8
6302,2616,4610,0.0,0.009999999776482582,4.059483528137207,0.4370690882205963,0.004370690789073706,4,5,20
6303,4610,5212,0.0,0.009999999776482582,4.059483528137207,0.4370690882205963,0.004370690789073706,4,5,20
6304,2617,5212,0.0,0.009999999776482582,3.008190393447876,0.2868843376636505,0.002868843264877796,4,4,16
6305,2617,3473,0.0,0.009999999776482582,2.800828695297241,0.2572612464427948,0.0025726123712956905,4,3,12
6306,4381,4593,0.0,0.009999999776482582,5.5192413330078125,0.6456059217453003,0.0064560589380562305,4,6,24
6307,4569,4593,0.0,0.009999999776482582,1.5237689018249512,0.07482413202524185,0.0007482413202524185,4,2,8
6308,2618,4569,0.0,0.009999999776482582,1.5237689018249512,0.07482413202524185,0.0007482413202524185,4,2,8
6309,2618,2619,0.0,0.009999999776482582,1.629366397857666,0.08990948647260666,0.0008990948554128408,4,2,8
6310,2619,3561,0.0,0.009999999776482582,2.67909574508667,0.2398708164691925,0.002398708136752248,4,3,12
6311,2620,3742,0.0,0.009999999776482582,3.752058506011963,0.3931512236595154,0.003931512124836445,4,4,16
6312,2620,2621,0.0,0.009999999776482582,1.2114800214767456,0.03021143190562725,0.0003021143202204257,4,2,8
6313,2621,3547,0.0,0.009999999776482582,2.666071891784668,0.23801027238368988,0.002380102640017867,4,3,12
6314,4676,5213,0.0,0.009999999776482582,1.8842161893844604,0.1263165920972824,0.0012631658464670181,4,2,8
6315,2622,5213,0.0,0.009999999776482582,1.15492582321167,0.022132260724902153,0.00022132259618956596,4,2,8
6316,2622,4676,0.0,0.009999999776482582,1.8842161893844604,0.1263165920972824,0.0012631658464670181,4,2,8
6317,4871,5213,0.0,0.009999999776482582,4.937243938446045,0.5624634027481079,0.005624633748084307,4,5,20
6318,4659,5213,0.0,0.009999999776482582,1.2710987329483032,0.038728389889001846,0.00038728388608433306,4,2,8
6319,4659,4676,0.0,0.009999999776482582,1.8842161893844604,0.1263165920972824,0.0012631658464670181,4,2,8
6320,3405,3580,0.0,0.009999999776482582,2.2574572563171387,0.17963674664497375,0.0017963674617931247,4,3,12
6321,2623,3405,0.0,0.009999999776482582,1.0322442054748535,0.004606314934790134,4.606314905686304e-05,4,2,8
6322,2623,3406,0.0,0.009999999776482582,1.3371201753616333,0.04816002398729324,0.0004816002328880131,4,2,8
6323,2624,3406,0.0,0.009999999776482582,1.7636972665786743,0.1090996116399765,0.001090996083803475,4,2,8
6324,2624,3405,0.0,0.009999999776482582,1.7636972665786743,0.1090996116399765,0.001090996083803475,4,2,8
6325,2625,3405,0.0,0.009999999776482582,2.4442648887634277,0.2063235491514206,0.0020632355008274317,4,3,12
6326,2625,2626,0.0,0.009999999776482582,2.4442648887634277,0.2063235491514206,0.0020632355008274317,4,3,12
6327,2626,2627,0.0,0.009999999776482582,1.2656538486480713,0.037950549274683,0.0003795054799411446,4,2,8
6328,2627,4678,0.0,0.009999999776482582,1.4946774244308472,0.07066820561885834,0.0007066820398904383,4,2,8
6329,4321,4725,0.0,0.009999999776482582,3.0396151542663574,0.2913735806941986,0.002913735806941986,4,4,16
6330,4321,4830,0.0,0.009999999776482582,3.55605149269104,0.36515021324157715,0.003651502076536417,4,4,16
6331,3513,4830,0.0,0.009999999776482582,3.55605149269104,0.36515021324157715,0.003651502076536417,4,4,16
6332,2628,3593,0.0,0.009999999776482582,7.000628471374512,0.8572326302528381,0.00857232604175806,4,8,32
6333,2628,2629,0.0,0.009999999776482582,1.0281777381896973,0.004025391303002834,4.025391172035597e-05,4,2,8
6334,2629,3779,0.0,0.009999999776482582,2.6623306274414062,0.23747579753398895,0.0023747580125927925,4,3,12
6335,2630,4330,0.0,0.009999999776482582,5.509000778198242,0.6441429853439331,0.006441429723054171,4,6,24
6336,2630,4336,0.0,0.009999999776482582,3.1972522735595703,0.3138931691646576,0.0031389317009598017,4,4,16
6337,4330,4336,0.0,0.009999999776482582,5.509000778198242,0.6441429853439331,0.006441429723054171,4,6,24
6338,4474,4808,0.0,0.009999999776482582,2.641127109527588,0.23444673418998718,0.0023444672115147114,4,3,12
6339,2631,4474,0.0,0.009999999776482582,1.383528232574463,0.054789748042821884,0.0005478974780999124,4,2,8
6340,2631,4808,0.0,0.009999999776482582,2.641127109527588,0.23444673418998718,0.0023444672115147114,4,3,12
6341,2632,4219,0.0,0.009999999776482582,1.3837860822677612,0.054826583713293076,0.0005482658161781728,4,2,8
6342,2632,4808,0.0,0.009999999776482582,2.641127109527588,0.23444673418998718,0.0023444672115147114,4,3,12
6343,2633,4252,0.0,0.009999999776482582,3.5068516731262207,0.3581216633319855,0.0035812165588140488,4,4,16
6344,2633,4621,0.0,0.009999999776482582,3.108628034591675,0.30123257637023926,0.0030123256146907806,4,4,16
6345,4252,4621,0.0,0.009999999776482582,3.5068516731262207,0.3581216633319855,0.0035812165588140488,4,4,16
6346,2634,4503,0.0,0.009999999776482582,1.636470079421997,0.09092430025339127,0.0009092429536394775,4,2,8
6347,2634,2635,0.0,0.009999999776482582,1.636470079421997,0.09092430025339127,0.0009092429536394775,4,2,8
6348,2635,2636,0.0,0.009999999776482582,1.0790170431137085,0.011288149282336235,0.00011288149107713252,4,2,8
6349,2636,2637,0.0,0.009999999776482582,2.6556015014648438,0.23651449382305145,0.0023651449009776115,4,3,12
6350,2637,2638,0.0,0.009999999776482582,2.6556015014648438,0.23651449382305145,0.0023651449009776115,4,3,12
6351,2638,3407,0.0,0.009999999776482582,2.0755295753479004,0.15364708006381989,0.00153647072147578,4,3,12
6352,3407,4813,0.0,0.009999999776482582,3.6698625087738037,0.3814089298248291,0.003814089111983776,4,4,16
6353,2639,4813,0.0,0.009999999776482582,3.6698625087738037,0.3814089298248291,0.003814089111983776,4,4,16
6354,2639,2640,0.0,0.009999999776482582,1.451041579246521,0.06443451344966888,0.0006443451275117695,4,2,8
6355,2640,2641,0.0,0.009999999776482582,1.1108896732330322,0.01584138162434101,0.00015841380809433758,4,2,8
6356,3814,4031,0.0,0.009999999776482582,4.510677337646484,0.501525342464447,0.005015253089368343,4,5,20
6357,2642,4031,0.0,0.009999999776482582,1.2210373878479004,0.031576771289110184,0.00031576771289110184,4,2,8
6358,2642,3539,0.0,0.009999999776482582,1.9714428186416626,0.13877753913402557,0.0013877754099667072,4,2,8
6359,3539,3814,0.0,0.009999999776482582,4.510677337646484,0.501525342464447,0.005015253089368343,4,5,20
6360,2643,3544,0.0,0.009999999776482582,2.456693649291992,0.2080990970134735,0.002080990932881832,4,3,12
6361,2643,2644,0.0,0.009999999776482582,1.7809817790985107,0.11156882345676422,0.001115688239224255,4,2,8
6362,2644,2645,0.0,0.009999999776482582,1.2800250053405762,0.04000357165932655,0.0004000357002951205,4,2,8
6363,2645,2646,0.0,0.009999999776482582,1.5009255409240723,0.07156079262495041,0.000715607893653214,4,2,8
6364,2646,3586,0.0,0.009999999776482582,3.8044233322143555,0.4006319046020508,0.004006318747997284,4,4,16
6365,3777,5214,0.0,0.009999999776482582,7.127651214599609,0.8753787279129028,0.00875378679484129,4,8,32
6366,4428,5214,0.0,0.009999999776482582,2.3496904373168945,0.19281291961669922,0.0019281291170045733,4,3,12
6367,3549,4428,0.0,0.009999999776482582,2.2239913940429688,0.17485591769218445,0.0017485591815784574,4,3,12
6368,2647,3777,0.0,0.009999999776482582,7.127651214599609,0.8753787279129028,0.00875378679484129,4,8,32
6369,2647,2648,0.0,0.009999999776482582,1.7841567993164062,0.11202239990234375,0.0011202240129932761,4,2,8
6370,2648,4135,0.0,0.009999999776482582,3.346309185028076,0.33518701791763306,0.0033518699929118156,4,4,16
6371,3681,4370,0.0,0.009999999776482582,6.9086713790893555,0.8440958857536316,0.008440958335995674,4,7,28
6372,2649,3681,0.0,0.009999999776482582,1.329175591468811,0.047025084495544434,0.00047025084495544434,4,2,8
6373,2649,4370,0.0,0.009999999776482582,6.9086713790893555,0.8440958857536316,0.008440958335995674,4,7,28
6374,3408,4370,0.0,0.009999999776482582,6.9086713790893555,0.8440958857536316,0.008440958335995674,4,7,28
6375,3408,4371,0.0,0.009999999776482582,2.866577625274658,0.26665395498275757,0.0026665395125746727,4,3,12
6376,4370,4684,0.0,0.009999999776482582,6.9086713790893555,0.8440958857536316,0.008440958335995674,4,7,28
6377,2650,4684,0.0,0.009999999776482582,2.6993675231933594,0.24276678264141083,0.0024276678450405598,4,3,12
6378,2650,4370,0.0,0.009999999776482582,6.9086713790893555,0.8440958857536316,0.008440958335995674,4,7,28
6379,3477,4611,0.0,0.009999999776482582,7.005972385406494,0.8579960465431213,0.008579960092902184,4,8,32
6380,2651,4611,0.0,0.009999999776482582,2.701691150665283,0.24309873580932617,0.002430987311527133,4,3,12
6381,2651,3610,0.0,0.009999999776482582,2.701691150665283,0.24309873580932617,0.002430987311527133,4,3,12
6382,2652,3777,0.0,0.009999999776482582,7.127651214599609,0.8753787279129028,0.00875378679484129,4,8,32
6383,2652,5216,0.0,0.009999999776482582,1.349000096321106,0.049857158213853836,0.0004985715495422482,4,2,8
6384,2653,5216,0.0,0.009999999776482582,1.3672891855239868,0.0524698831140995,0.00052469881484285,4,2,8
6385,2653,3743,0.0,0.009999999776482582,1.7257702350616455,0.10368146002292633,0.0010368145303800702,4,2,8
6386,3743,4192,0.0,0.009999999776482582,1.7571741342544556,0.10816773027181625,0.0010816772701218724,4,2,8
6387,3743,4350,0.0,0.009999999776482582,1.7257702350616455,0.10368146002292633,0.0010368145303800702,4,2,8
6388,3743,4685,0.0,0.009999999776482582,1.9776785373687744,0.13966836035251617,0.0013966836268082261,4,2,8
6389,2654,4685,0.0,0.009999999776482582,1.9776785373687744,0.13966836035251617,0.0013966836268082261,4,2,8
6390,2654,3777,0.0,0.009999999776482582,7.127651214599609,0.8753787279129028,0.00875378679484129,4,8,32
6391,2655,4851,0.0,0.009999999776482582,3.1167454719543457,0.30239221453666687,0.0030239219777286053,4,4,16
6392,2655,3743,0.0,0.009999999776482582,3.1167454719543457,0.30239221453666687,0.0030239219777286053,4,4,16
6393,3743,3777,0.0,0.009999999776482582,7.127651214599609,0.8753787279129028,0.00875378679484129,4,8,32
6394,3777,3934,0.0,0.009999999776482582,7.127651214599609,0.8753787279129028,0.00875378679484129,4,8,32
6395,3934,5215,0.0,0.009999999776482582,1.817328691482544,0.11676124483346939,0.0011676123831421137,4,2,8
6396,4350,5215,0.0,0.009999999776482582,1.817328691482544,0.11676124483346939,0.0011676123831421137,4,2,8
6397,2656,3637,0.0,0.009999999776482582,7.53572416305542,0.9336748719215393,0.009336748160421848,4,8,32
6398,2656,2657,0.0,0.009999999776482582,1.384018898010254,0.054859843105077744,0.0005485984147526324,4,2,8
6399,2657,3637,0.0,0.009999999776482582,7.53572416305542,0.9336748719215393,0.009336748160421848,4,8,32
6400,2658,3567,0.0,0.009999999776482582,1.0074052810668945,0.001057897345162928,1.0578973160590976e-05,4,2,8
6401,2658,2659,0.0,0.009999999776482582,1.0538243055343628,0.007689186371862888,7.689186168136075e-05,4,2,8
6402,2659,3800,0.0,0.009999999776482582,1.997959852218628,0.14256569743156433,0.0014256569556891918,4,2,8
6403,2660,3479,0.0,0.009999999776482582,2.558157444000244,0.22259391844272614,0.0022259391844272614,4,3,12
6404,2660,3508,0.0,0.009999999776482582,2.242276191711426,0.17746803164482117,0.0017746802186593413,4,3,12
6405,2661,3508,0.0,0.009999999776482582,1.9419807195663452,0.13456867635250092,0.001345686730928719,4,2,8
6406,2661,3897,0.0,0.009999999776482582,2.3252830505371094,0.18932615220546722,0.0018932614475488663,4,3,12
6407,2662,3592,0.0,0.009999999776482582,2.970243453979492,0.2814633548259735,0.0028146335389465094,4,3,12
6408,2662,2663,0.0,0.009999999776482582,2.970243453979492,0.2814633548259735,0.0028146335389465094,4,3,12
6409,2663,2664,0.0,0.009999999776482582,2.3484654426574707,0.19263792037963867,0.0019263791618868709,4,3,12
6410,2664,2665,0.0,0.009999999776482582,1.083237886428833,0.01189112663269043,0.0001189112663269043,4,2,8
6411,2665,3582,0.0,0.009999999776482582,1.5739729404449463,0.0819961354136467,0.0008199613075703382,4,2,8
6412,2666,3582,0.0,0.009999999776482582,4.0954508781433105,0.4422072768211365,0.004422072786837816,4,5,20
6413,2666,3897,0.0,0.009999999776482582,4.0954508781433105,0.4422072768211365,0.004422072786837816,4,5,20
6414,3508,3897,0.0,0.009999999776482582,2.3252830505371094,0.18932615220546722,0.0018932614475488663,4,3,12
6415,3508,3582,0.0,0.009999999776482582,1.73793625831604,0.10541946440935135,0.0010541946394369006,4,2,8
6416,3508,3811,0.0,0.009999999776482582,1.8651723861694336,0.12359605729579926,0.001235960517078638,4,2,8
6417,2667,3651,0.0,0.009999999776482582,7.146246433258057,0.8780351877212524,0.008780351839959621,4,8,32
6418,2667,3409,0.0,0.009999999776482582,1.2824081182479858,0.04034401848912239,0.0004034401790704578,4,2,8
6419,3409,3651,0.0,0.009999999776482582,7.146246433258057,0.8780351877212524,0.008780351839959621,4,8,32
6420,2668,4011,0.0,0.009999999776482582,1.4408276081085205,0.06297536939382553,0.0006297536892816424,4,2,8
6421,2668,4263,0.0,0.009999999776482582,1.3671875,0.0524553582072258,0.0005245535867288709,4,2,8
6422,2669,4263,0.0,0.009999999776482582,1.3671875,0.0524553582072258,0.0005245535867288709,4,2,8
6423,2669,3651,0.0,0.009999999776482582,7.146246433258057,0.8780351877212524,0.008780351839959621,4,8,32
6424,3651,4267,0.5,0.5049999952316284,7.146246433258057,0.8780351877212524,0.4434077739715576,5,8,40
6425,4265,4267,0.0,0.009999999776482582,1.2517448663711548,0.03596355393528938,0.0003596355381887406,4,2,8
6426,3409,4265,0.0,0.009999999776482582,1.2824081182479858,0.04034401848912239,0.0004034401790704578,4,2,8
6427,3934,5088,0.5,0.5049999952316284,2.1097121238708496,0.1585303097963333,0.08005780726671219,5,3,15
6428,2670,3934,0.0,0.009999999776482582,2.520066022872925,0.21715228259563446,0.00217152270488441,4,3,12
6429,2670,5088,0.0,0.009999999776482582,2.520066022872925,0.21715228259563446,0.00217152270488441,4,3,12
6430,2671,3934,0.0,0.009999999776482582,3.030168056488037,0.2900240123271942,0.002900240011513233,4,4,16
6431,2671,5088,0.0,0.009999999776482582,3.030168056488037,0.2900240123271942,0.002900240011513233,4,4,16
6432,3677,5088,0.0,0.009999999776482582,2.1097121238708496,0.1585303097963333,0.0015853031072765589,4,3,12
6433,2672,3677,0.0,0.009999999776482582,1.955763816833496,0.13653768599033356,0.0013653768692165613,4,2,8
6434,2672,5088,0.0,0.009999999776482582,2.1097121238708496,0.1585303097963333,0.0015853031072765589,4,3,12
6435,2673,3804,0.0,0.009999999776482582,1.9623982906341553,0.13748547434806824,0.0013748547062277794,4,2,8
6436,2673,2674,0.0,0.009999999776482582,2.1641242504119873,0.16630347073078156,0.0016630346653982997,4,3,12
6437,2674,4291,0.0,0.009999999776482582,2.1641242504119873,0.16630347073078156,0.0016630346653982997,4,3,12
6438,2675,3610,0.0,0.009999999776482582,1.9723827838897705,0.13891182839870453,0.001389118260703981,4,2,8
6439,2675,2676,0.0,0.009999999776482582,1.9723827838897705,0.13891182839870453,0.001389118260703981,4,2,8
6440,2676,2677,0.0,0.009999999776482582,1.1979544162750244,0.028279202058911324,0.0002827920252457261,4,2,8
6441,2677,2678,0.0,0.009999999776482582,3.170534610748291,0.31007638573646545,0.003100763773545623,4,4,16
6442,2678,2679,0.0,0.009999999776482582,3.170534610748291,0.31007638573646545,0.003100763773545623,4,4,16
6443,2679,2680,0.0,0.009999999776482582,2.0894439220428467,0.15563485026359558,0.0015563485212624073,4,3,12
6444,2680,3934,0.0,0.009999999776482582,2.0894439220428467,0.15563485026359558,0.0015563485212624073,4,3,12
6445,3410,3934,0.0,0.009999999776482582,1.2383155822753906,0.034045081585645676,0.00034045081702061,4,2,8
6446,2681,3955,0.0,0.009999999776482582,5.737250804901123,0.676750123500824,0.006767501123249531,4,6,24
6447,2681,2682,0.0,0.009999999776482582,1.6174683570861816,0.08820976316928864,0.0008820976363494992,4,2,8
6448,2682,4176,0.0,0.009999999776482582,3.775207042694092,0.39645814895629883,0.003964581526815891,4,4,16
6449,3647,3804,0.0,0.009999999776482582,1.833070993423462,0.11901014298200607,0.0011901013785973191,4,2,8
6450,3647,4247,0.0,0.009999999776482582,2.0013339519500732,0.14304770529270172,0.0014304770156741142,4,3,12
6451,3648,4247,0.0,0.009999999776482582,2.0013339519500732,0.14304770529270172,0.0014304770156741142,4,3,12
6452,2683,3746,0.0,0.009999999776482582,3.112189769744873,0.3017413914203644,0.0030174138955771923,4,4,16
6453,2683,5187,0.0,0.009999999776482582,2.074079751968384,0.1534399688243866,0.0015343996929004788,4,3,12
6454,4285,5187,0.0,0.009999999776482582,1.318467378616333,0.04549533873796463,0.00045495337690226734,4,2,8
6455,2684,3460,0.0,0.009999999776482582,4.174483299255371,0.45349761843681335,0.004534976091235876,4,5,20
6456,2684,3411,0.0,0.009999999776482582,1.6055476665496826,0.08650680631399155,0.0008650680538266897,4,2,8
6457,2685,3411,0.0,0.009999999776482582,2.1319727897644043,0.16171039640903473,0.0016171039314940572,4,3,12
6458,3411,3746,0.0,0.009999999776482582,3.112189769744873,0.3017413914203644,0.0030174138955771923,4,4,16
6459,2686,3487,0.0,0.009999999776482582,5.153867721557617,0.5934096574783325,0.005934096407145262,4,6,24
6460,2686,2687,0.0,0.009999999776482582,5.153867721557617,0.5934096574783325,0.005934096407145262,4,6,24
6461,2687,2688,0.0,0.009999999776482582,1.71159029006958,0.1016557589173317,0.0010165575658902526,4,2,8
6462,2688,3991,0.0,0.009999999776482582,2.6218461990356445,0.23169231414794922,0.002316923113539815,4,3,12
6463,3563,3991,0.0,0.009999999776482582,2.6218461990356445,0.23169231414794922,0.002316923113539815,4,3,12
6464,2689,3563,0.0,0.009999999776482582,1.2458686828613281,0.035124097019433975,0.0003512409748509526,4,2,8
6465,2689,2690,0.0,0.009999999776482582,1.2458686828613281,0.035124097019433975,0.0003512409748509526,4,2,8
6466,2691,3595,0.0,0.009999999776482582,3.4217615127563477,0.3459659218788147,0.0034596591722220182,4,4,16
6467,2691,2692,0.0,0.009999999776482582,3.4217615127563477,0.3459659218788147,0.0034596591722220182,4,4,16
6468,2692,3452,0.0,0.009999999776482582,3.1574196815490723,0.3082028031349182,0.003082027891650796,4,4,16
6469,2693,2694,0.0,0.009999999776482582,1.3912200927734375,0.0558885857462883,0.0005588858621194959,4,2,8
6470,2694,3412,0.0,0.009999999776482582,1.2460421323776245,0.035148877650499344,0.00035148876486346126,4,2,8
6471,2695,3412,0.0,0.009999999776482582,1.0502159595489502,0.007173708640038967,7.173708581831306e-05,4,2,8
6472,2695,3747,0.0,0.009999999776482582,1.4167492389678955,0.05953560397028923,0.0005953560466878116,4,2,8
6473,3646,3747,0.0,0.009999999776482582,1.4167492389678955,0.05953560397028923,0.0005953560466878116,4,2,8
6474,2696,3646,0.0,0.009999999776482582,1.4423898458480835,0.06319855153560638,0.0006319854874163866,4,2,8
6475,2696,2697,0.0,0.009999999776482582,1.4423898458480835,0.06319855153560638,0.0006319854874163866,4,2,8
6476,2697,3412,0.0,0.009999999776482582,1.0502159595489502,0.007173708640038967,7.173708581831306e-05,4,2,8
6477,3412,5217,0.0,0.009999999776482582,1.0502159595489502,0.007173708640038967,7.173708581831306e-05,4,2,8
6478,4371,4405,0.5,0.5049999952316284,4.098898410797119,0.44269976019859314,0.22356337308883667,5,5,25
6479,2698,4371,0.0,0.009999999776482582,4.13748836517334,0.4482126235961914,0.0044821263290941715,4,5,20
6480,2698,4405,0.0,0.009999999776482582,4.13748836517334,0.4482126235961914,0.0044821263290941715,4,5,20
6481,2699,4405,0.0,0.009999999776482582,4.098898410797119,0.44269976019859314,0.004426997620612383,4,5,20
6482,2699,4371,0.0,0.009999999776482582,3.586681842803955,0.3695259690284729,0.0036952595692127943,4,4,16
6483,4371,5058,0.0,0.009999999776482582,2.438727855682373,0.20553255081176758,0.0020553255453705788,4,3,12
6484,4052,5058,0.0,0.009999999776482582,2.438727855682373,0.20553255081176758,0.0020553255453705788,4,3,12
6485,2700,4494,0.0,0.009999999776482582,1.6877930164337158,0.09825614839792252,0.0009825614979490638,4,2,8
6486,2700,4482,0.0,0.009999999776482582,1.6877930164337158,0.09825614839792252,0.0009825614979490638,4,2,8
6487,3776,4482,0.0,0.009999999776482582,2.451098918914795,0.2072998434305191,0.002072998322546482,4,3,12
6488,2701,4494,0.0,0.009999999776482582,1.1048310995101929,0.014975870959460735,0.00014975870726630092,4,2,8
6489,2701,2702,0.0,0.009999999776482582,1.3881056308746338,0.0554436631500721,0.0005544366431422532,4,2,8
6490,2702,3776,0.0,0.009999999776482582,2.451098918914795,0.2072998434305191,0.002072998322546482,4,3,12
6491,2703,3776,0.0,0.009999999776482582,2.451098918914795,0.2072998434305191,0.002072998322546482,4,3,12
6492,2703,2704,0.0,0.009999999776482582,1.540790319442749,0.07725576311349869,0.0007725576288066804,4,2,8
6493,2704,3776,0.0,0.009999999776482582,2.451098918914795,0.2072998434305191,0.002072998322546482,4,3,12
6494,2705,3630,0.0,0.009999999776482582,2.919203281402588,0.2741718888282776,0.0027417188975960016,4,3,12
6495,2705,2706,0.0,0.009999999776482582,4.322404861450195,0.4746292531490326,0.0047462922520935535,4,5,20
6496,2706,3657,0.0,0.009999999776482582,4.322404861450195,0.4746292531490326,0.0047462922520935535,4,5,20
6497,2707,3816,0.0,0.009999999776482582,6.981029510498047,0.8544327616691589,0.008544327691197395,4,7,28
6498,2707,2708,0.0,0.009999999776482582,2.530953884124756,0.21870769560337067,0.0021870769560337067,4,3,12
6499,2708,3816,0.0,0.009999999776482582,6.981029510498047,0.8544327616691589,0.008544327691197395,4,7,28
6500,3413,3816,0.0,0.009999999776482582,6.981029510498047,0.8544327616691589,0.008544327691197395,4,7,28
6501,2709,5188,0.0,0.009999999776482582,1.454338788986206,0.06490553915500641,0.0006490553496405482,4,2,8
6502,2709,3816,0.0,0.009999999776482582,6.981029510498047,0.8544327616691589,0.008544327691197395,4,7,28
6503,2710,5038,0.0,0.009999999776482582,2.412289619445801,0.20175565779209137,0.002017556456848979,4,3,12
6504,2710,2711,0.0,0.009999999776482582,2.0790042877197266,0.15414346754550934,0.0015414346707984805,4,3,12
6505,2711,4381,0.0,0.009999999776482582,5.5192413330078125,0.6456059217453003,0.0064560589380562305,4,6,24
6506,2712,3675,0.0,0.009999999776482582,5.481402397155762,0.6402003169059753,0.006402003113180399,4,6,24
6507,2712,2713,0.0,0.009999999776482582,2.2742490768432617,0.18203558027744293,0.0018203557701781392,4,3,12
6508,2713,3675,0.0,0.009999999776482582,5.481402397155762,0.6402003169059753,0.006402003113180399,4,6,24
6509,2714,3675,0.0,0.009999999776482582,5.481402397155762,0.6402003169059753,0.006402003113180399,4,6,24
6510,2714,2715,0.0,0.009999999776482582,1.3028273582458496,0.043261051177978516,0.00043261051177978516,4,2,8
6511,2715,4887,0.0,0.009999999776482582,3.572172164916992,0.3674531579017639,0.003674531588330865,4,4,16
6512,2716,4381,0.0,0.009999999776482582,5.5192413330078125,0.6456059217453003,0.0064560589380562305,4,6,24
6513,2716,2717,0.0,0.009999999776482582,2.274630546569824,0.18209007382392883,0.001820900710299611,4,3,12
6514,2717,2718,0.0,0.009999999776482582,2.274630546569824,0.18209007382392883,0.001820900710299611,4,3,12
6515,2718,2719,0.0,0.009999999776482582,1.247550368309021,0.035364337265491486,0.0003536433505360037,4,2,8
6516,2719,4381,0.0,0.009999999776482582,5.5192413330078125,0.6456059217453003,0.0064560589380562305,4,6,24
6517,4284,4550,0.0,0.009999999776482582,1.5016107559204102,0.0716586783528328,0.0007165867718867958,4,2,8
6518,2720,4381,0.0,0.009999999776482582,5.5192413330078125,0.6456059217453003,0.0064560589380562305,4,6,24
6519,2720,4254,0.0,0.009999999776482582,1.866201639175415,0.12374309450387955,0.001237430959008634,4,2,8
6520,2721,4254,0.0,0.009999999776482582,1.5769259929656982,0.08241800218820572,0.0008241800242103636,4,2,8
6521,2721,2722,0.0,0.009999999776482582,1.5212762355804443,0.07446803152561188,0.0007446802919730544,4,2,8
6522,2722,4254,0.0,0.009999999776482582,1.5769259929656982,0.08241800218820572,0.0008241800242103636,4,2,8
6523,3460,4254,0.0,0.009999999776482582,4.174483299255371,0.45349761843681335,0.004534976091235876,4,5,20
6524,2723,3460,0.0,0.009999999776482582,4.174483299255371,0.45349761843681335,0.004534976091235876,4,5,20
6525,2723,4658,0.0,0.009999999776482582,1.1545352935791016,0.022076470777392387,0.00022076470486354083,4,2,8
6526,2724,4658,0.0,0.009999999776482582,1.5166213512420654,0.07380305230617523,0.0007380305323749781,4,2,8
6527,2724,4381,0.0,0.009999999776482582,5.5192413330078125,0.6456059217453003,0.0064560589380562305,4,6,24
6528,3738,4381,0.0,0.009999999776482582,5.5192413330078125,0.6456059217453003,0.0064560589380562305,4,6,24
6529,2725,3738,0.0,0.009999999776482582,3.4412808418273926,0.3487544059753418,0.0034875439014285803,4,4,16
6530,2725,4586,0.0,0.009999999776482582,3.4412808418273926,0.3487544059753418,0.0034875439014285803,4,4,16
6531,2726,4381,0.0,0.009999999776482582,5.5192413330078125,0.6456059217453003,0.0064560589380562305,4,6,24
6532,2726,2727,0.0,0.009999999776482582,1.457289218902588,0.06532703340053558,0.0006532703409902751,4,2,8
6533,2727,4381,0.0,0.009999999776482582,5.5192413330078125,0.6456059217453003,0.0064560589380562305,4,6,24
6534,4381,4629,0.0,0.009999999776482582,5.5192413330078125,0.6456059217453003,0.0064560589380562305,4,6,24
6535,3738,4629,0.0,0.009999999776482582,1.6803743839263916,0.09719634056091309,0.0009719633962959051,4,2,8
6536,3738,4586,0.0,0.009999999776482582,2.269195318222046,0.181313619017601,0.00181313615757972,4,3,12
6537,4370,4714,0.0,0.009999999776482582,6.9086713790893555,0.8440958857536316,0.008440958335995674,4,7,28
6538,4713,4714,0.5,0.5049999952316284,2.2735447883605957,0.18193496763706207,0.09187715500593185,5,3,15
6539,3961,4713,0.0,0.009999999776482582,2.989895820617676,0.2842708230018616,0.002842708257958293,4,3,12
6540,3951,4713,0.0,0.009999999776482582,3.1456170082092285,0.30651670694351196,0.0030651669949293137,4,4,16
6541,3566,3951,0.0,0.009999999776482582,3.1456170082092285,0.30651670694351196,0.0030651669949293137,4,4,16
6542,3566,4370,0.0,0.009999999776482582,6.9086713790893555,0.8440958857536316,0.008440958335995674,4,7,28
6543,4408,4714,0.0,0.009999999776482582,1.905429482460022,0.1293470710515976,0.0012934707337990403,4,2,8
6544,3951,3961,0.0,0.009999999776482582,3.1456170082092285,0.30651670694351196,0.0030651669949293137,4,4,16
6545,4135,4714,0.0,0.009999999776482582,3.346309185028076,0.33518701791763306,0.0033518699929118156,4,4,16
6546,3942,4408,0.0,0.009999999776482582,3.2748851776123047,0.3249835968017578,0.0032498359214514494,4,4,16
6547,3776,4274,0.0,0.009999999776482582,2.451098918914795,0.2072998434305191,0.002072998322546482,4,3,12
6548,2728,4274,0.0,0.009999999776482582,6.5779709815979,0.7968530058860779,0.007968530058860779,4,7,28
6549,2728,3525,0.0,0.009999999776482582,6.5779709815979,0.7968530058860779,0.007968530058860779,4,7,28
6550,2729,5218,0.0,0.009999999776482582,1.4433305263519287,0.0633329302072525,0.0006333292694762349,4,2,8
6551,2729,2730,0.0,0.009999999776482582,2.1429953575134277,0.1632850468158722,0.0016328503843396902,4,3,12
6552,2730,5218,0.0,0.009999999776482582,2.1429953575134277,0.1632850468158722,0.0016328503843396902,4,3,12
6553,2731,3798,0.0,0.009999999776482582,1.1228078603744507,0.017543980851769447,0.0001754398108460009,4,2,8
6554,2731,4691,0.0,0.009999999776482582,1.125271201133728,0.017895886674523354,0.00017895885684993118,4,2,8
6555,3798,4691,0.0,0.009999999776482582,1.125271201133728,0.017895886674523354,0.00017895885684993118,4,2,8
6556,3414,4295,0.0,0.009999999776482582,6.226338863372803,0.7466198205947876,0.007466197945177555,4,7,28
6557,2732,3414,0.0,0.009999999776482582,2.6921207904815674,0.24173153936862946,0.002417315263301134,4,3,12
6558,2732,3969,0.0,0.009999999776482582,1.82467520236969,0.11781074106693268,0.0011781073408201337,4,2,8
6559,2733,3675,0.0,0.009999999776482582,5.481402397155762,0.6402003169059753,0.006402003113180399,4,6,24
6560,2733,3681,0.0,0.009999999776482582,1.8632421493530273,0.12332030385732651,0.0012332029873505235,4,2,8
6561,3681,4541,0.0,0.009999999776482582,1.329175591468811,0.047025084495544434,0.00047025084495544434,4,2,8
6562,4032,4210,0.0,0.009999999776482582,2.2546558380126953,0.1792365461587906,0.0017923654522746801,4,3,12
6563,2734,4210,0.0,0.009999999776482582,3.4180831909179688,0.34544044733047485,0.003454404417425394,4,4,16
6564,2734,4233,0.0,0.009999999776482582,3.4180831909179688,0.34544044733047485,0.003454404417425394,4,4,16
6565,2735,3492,0.0,0.009999999776482582,2.998826265335083,0.28554660081863403,0.002855465980246663,4,3,12
6566,2735,4235,0.0,0.009999999776482582,1.4373254776000977,0.062475066632032394,0.0006247506244108081,4,2,8
6567,3901,4235,0.0,0.009999999776482582,7.007259845733643,0.8581799864768982,0.008581799454987049,4,8,32
6568,2736,4235,0.0,0.009999999776482582,1.4373254776000977,0.062475066632032394,0.0006247506244108081,4,2,8
6569,2736,3901,0.0,0.009999999776482582,7.007259845733643,0.8581799864768982,0.008581799454987049,4,8,32
6570,3711,3805,0.0,0.009999999776482582,2.8536765575408936,0.2648109495639801,0.0026481093373149633,4,3,12
6571,3584,3751,0.5,0.5049999952316284,4.516549587249756,0.5023642182350159,0.25369393825531006,5,5,25
6572,3751,4433,0.0,0.009999999776482582,1.5408248901367188,0.07726069539785385,0.0007726069306954741,5,2,10
6573,4019,4168,0.9999998807907104,0.9999998807907104,1.5402898788452148,0.0771842673420906,0.07718425989151001,5,2,10
6574,4044,4168,0.5,0.5049999952316284,1.6311308145523071,0.09016154706478119,0.045531582087278366,5,2,10
6575,4019,4044,0.9999998807907104,0.9999998807907104,1.6311308145523071,0.09016154706478119,0.09016153961420059,5,2,10
6576,3752,4019,0.0,0.009999999776482582,1.5402898788452148,0.0771842673420906,0.0007718426641076803,5,2,10
6577,3752,4044,0.0,0.009999999776482582,1.6311308145523071,0.09016154706478119,0.0009016154217533767,5,2,10
6578,3598,4168,0.9999998807907104,0.9999998807907104,3.905942440032959,0.41513463854789734,0.41513457894325256,5,4,20
6579,3598,4019,0.9999998807907104,0.9999998807907104,3.905942440032959,0.41513463854789734,0.41513457894325256,5,4,20
6580,2737,4168,0.0,0.009999999776482582,1.3880109786987305,0.05543014034628868,0.0005543013685382903,5,2,10
6581,2737,2738,0.0,0.009999999776482582,1.6316548585891724,0.09023641049861908,0.0009023640886880457,5,2,10
6582,2738,4168,0.0,0.009999999776482582,1.6316548585891724,0.09023641049861908,0.0009023640886880457,5,2,10
6583,3912,4168,0.0,0.009999999776482582,2.0283925533294678,0.14691321551799774,0.0014691321412101388,5,3,15
6584,2739,3912,0.0,0.009999999776482582,2.0283925533294678,0.14691321551799774,0.0014691321412101388,5,3,15
6585,2739,4364,0.0,0.009999999776482582,1.2292249202728271,0.032746415585279465,0.0003274641348980367,5,2,10
6586,4168,4364,0.0,0.009999999776482582,1.3880109786987305,0.05543014034628868,0.0005543013685382903,5,2,10
6587,3846,4692,0.0,0.009999999776482582,2.943727493286133,0.2776753604412079,0.0027767536230385303,5,3,15
6588,4692,4693,0.0,0.009999999776482582,3.058163642883301,0.2940233647823334,0.002940233564004302,5,4,20
6589,3846,4693,0.0,0.009999999776482582,3.058163642883301,0.2940233647823334,0.002940233564004302,5,4,20
6590,2740,3846,0.0,0.009999999776482582,2.943727493286133,0.2776753604412079,0.0027767536230385303,5,3,15
6591,2740,4694,0.0,0.009999999776482582,1.5334354639053345,0.0762050673365593,0.0007620506803505123,5,2,10
6592,3846,4694,0.0,0.009999999776482582,2.943727493286133,0.2776753604412079,0.0027767536230385303,5,3,15
6593,2741,4403,0.0,0.009999999776482582,2.485095262527466,0.21215645968914032,0.0021215644665062428,5,3,15
6594,2741,4402,0.0,0.009999999776482582,2.485095262527466,0.21215645968914032,0.0021215644665062428,5,3,15
6595,4383,4402,0.0,0.009999999776482582,1.5398253202438354,0.0771179050207138,0.0007711790385656059,5,2,10
6596,2742,4518,0.0,0.009999999776482582,2.234945297241211,0.17642076313495636,0.001764207612723112,5,3,15
6597,2742,2743,0.0,0.009999999776482582,1.2105271816253662,0.0300753116607666,0.00030075310496613383,5,2,10
6598,2743,5219,0.0,0.009999999776482582,1.2105271816253662,0.0300753116607666,0.00030075310496613383,5,2,10
6599,3778,4831,0.0,0.009999999776482582,2.019319772720337,0.14561711251735687,0.001456171041354537,5,3,15
6600,2744,4831,0.0,0.009999999776482582,2.356732130050659,0.19381888210773468,0.0019381887977942824,5,3,15
6601,2744,3778,0.0,0.009999999776482582,2.356732130050659,0.19381888210773468,0.0019381887977942824,5,3,15
6602,3584,5220,0.9999998807907104,0.9999998807907104,4.516549587249756,0.5023642182350159,0.5023641586303711,5,5,25
6603,3751,5220,0.0,0.009999999776482582,1.5408248901367188,0.07726069539785385,0.0007726069306954741,5,2,10
6604,3416,3584,0.0,0.009999999776482582,4.516549587249756,0.5023642182350159,0.005023641977459192,5,5,25
6605,3416,5220,0.0,0.009999999776482582,1.9320285320281982,0.13314692676067352,0.001331469276919961,5,2,10
6606,3417,5220,0.0,0.009999999776482582,2.2156877517700195,0.17366968095302582,0.0017366968095302582,5,3,15
6607,3417,3584,0.0,0.009999999776482582,4.516549587249756,0.5023642182350159,0.005023641977459192,5,5,25
6608,3415,5220,0.0,0.009999999776482582,2.394843339920044,0.199263334274292,0.001992633333429694,5,3,15
6609,3415,4495,0.0,0.009999999776482582,3.031050682067871,0.29015010595321655,0.0029015010222792625,5,4,20
6610,4495,5220,0.0,0.009999999776482582,3.031050682067871,0.29015010595321655,0.0029015010222792625,5,4,20
6611,3721,3905,0.0,0.009999999776482582,5.314292907714844,0.6163275837898254,0.006163275800645351,5,6,30
6612,2745,3905,0.0,0.009999999776482582,1.7479510307312012,0.10685014724731445,0.0010685015004128218,5,2,10
6613,2745,3721,0.0,0.009999999776482582,5.314292907714844,0.6163275837898254,0.006163275800645351,5,6,30
6614,3418,3721,0.0,0.009999999776482582,5.314292907714844,0.6163275837898254,0.006163275800645351,5,6,30
6615,3418,3904,0.0,0.009999999776482582,1.9473702907562256,0.13533861935138702,0.0013533862074837089,5,2,10
6616,3721,3904,0.5,0.5049999952316284,5.314292907714844,0.6163275837898254,0.3112454414367676,5,6,30
6617,2746,3904,0.0,0.009999999776482582,1.3388042449951172,0.04840060696005821,0.00048400607192888856,5,2,10
6618,2746,3721,0.0,0.009999999776482582,5.314292907714844,0.6163275837898254,0.006163275800645351,5,6,30
6619,2747,3904,0.0,0.009999999776482582,1.3388042449951172,0.04840060696005821,0.00048400607192888856,5,2,10
6620,2747,3721,0.0,0.009999999776482582,5.314292907714844,0.6163275837898254,0.006163275800645351,5,6,30
6621,2748,3685,0.0,0.009999999776482582,5.417384147644043,0.6310548782348633,0.006310548633337021,5,6,30
6622,2748,2749,0.0,0.009999999776482582,1.4356211423873901,0.06223159283399582,0.0006223159143701196,5,2,10
6623,2749,3685,0.0,0.009999999776482582,5.417384147644043,0.6310548782348633,0.006310548633337021,5,6,30
6624,2750,4514,0.0,0.009999999776482582,2.092477798461914,0.15606825053691864,0.0015606824308633804,5,3,15
6625,2750,3685,0.0,0.009999999776482582,5.417384147644043,0.6310548782348633,0.006310548633337021,5,6,30
6626,3950,4634,0.5,0.5049999952316284,1.364568829536438,0.052081260830163956,0.026301035657525063,5,2,10
6627,4634,5221,0.0,0.009999999776482582,1.4607380628585815,0.06581972539424896,0.0006581972120329738,5,2,10
6628,3950,5221,0.0,0.009999999776482582,1.4607380628585815,0.06581972539424896,0.0006581972120329738,5,2,10
6629,2751,3950,0.0,0.009999999776482582,1.5013288259506226,0.07161840051412582,0.0007161839748732746,5,2,10
6630,2751,5222,0.0,0.009999999776482582,1.5013288259506226,0.07161840051412582,0.0007161839748732746,5,2,10
6631,3419,5222,0.0,0.009999999776482582,1.1304627656936646,0.018637537956237793,0.0001863753714133054,5,2,10
6632,3419,3950,0.0,0.009999999776482582,1.364568829536438,0.052081260830163956,0.0005208125803619623,5,2,10
6633,2752,4634,0.0,0.009999999776482582,1.19429349899292,0.027756214141845703,0.000277562125120312,5,2,10
6634,2752,3950,0.0,0.009999999776482582,1.364568829536438,0.052081260830163956,0.0005208125803619623,5,2,10
6635,2753,5221,0.0,0.009999999776482582,1.7759648561477661,0.11085212230682373,0.0011085212463513017,5,2,10
6636,2753,5223,0.0,0.009999999776482582,1.7759648561477661,0.11085212230682373,0.0011085212463513017,5,2,10
6637,3950,5223,0.0,0.009999999776482582,1.5930075645446777,0.08471536636352539,0.0008471536566503346,5,2,10
6638,3420,4121,0.0,0.009999999776482582,1.9681689739227295,0.13830985128879547,0.0013830984244123101,5,2,10
6639,3420,5224,0.0,0.009999999776482582,1.9681689739227295,0.13830985128879547,0.0013830984244123101,5,2,10
6640,3753,5224,0.0,0.009999999776482582,3.0043158531188965,0.28633084893226624,0.0028633084148168564,5,4,20
6641,3960,5225,0.0,0.009999999776482582,2.624723196029663,0.23210331797599792,0.002321033040061593,5,3,15
6642,4612,5225,0.0,0.009999999776482582,1.9458158016204834,0.1351165473461151,0.0013511654688045382,5,2,10
6643,3926,4612,0.0,0.009999999776482582,3.102898120880127,0.3004140257835388,0.003004140220582485,5,4,20
6644,4206,5226,0.0,0.009999999776482582,1.9953956604003906,0.14219938218593597,0.0014219938311725855,5,2,10
6645,2754,4206,0.0,0.009999999776482582,1.9953956604003906,0.14219938218593597,0.0014219938311725855,5,2,10
6646,2754,5226,0.0,0.009999999776482582,1.4072842597961426,0.0581834651529789,0.0005818346398882568,5,2,10
6647,4247,4936,0.0,0.009999999776482582,2.070995569229126,0.1529993712902069,0.0015299937222152948,5,3,15
6648,2755,4247,0.0,0.009999999776482582,2.952361583709717,0.27890878915786743,0.002789087826386094,5,3,15
6649,2755,4936,0.0,0.009999999776482582,2.952361583709717,0.27890878915786743,0.002789087826386094,5,3,15
6650,2756,3846,0.0,0.009999999776482582,2.943727493286133,0.2776753604412079,0.0027767536230385303,5,3,15
6651,2756,2757,0.0,0.009999999776482582,3.2029430866241455,0.31470614671707153,0.003147061448544264,5,4,20
6652,2757,5150,0.0,0.009999999776482582,6.904111862182617,0.8434445261955261,0.008434444665908813,5,7,35
6653,2758,3846,0.0,0.009999999776482582,2.943727493286133,0.2776753604412079,0.0027767536230385303,5,3,15
6654,2758,2759,0.0,0.009999999776482582,2.3702235221862793,0.19574621319770813,0.0019574621692299843,5,3,15
6655,2759,3846,0.0,0.009999999776482582,2.943727493286133,0.2776753604412079,0.0027767536230385303,5,3,15
6656,2760,3846,0.0,0.009999999776482582,2.943727493286133,0.2776753604412079,0.0027767536230385303,5,3,15
6657,2760,2761,0.0,0.009999999776482582,1.1795233488082886,0.025646192952990532,0.0002564619353506714,5,2,10
6658,2761,3846,0.0,0.009999999776482582,2.943727493286133,0.2776753604412079,0.0027767536230385303,5,3,15
6659,2762,4872,0.0,0.009999999776482582,4.547475814819336,0.5067822337150574,0.005067822057753801,5,5,25
6660,2762,5227,0.0,0.009999999776482582,1.6541426181793213,0.0934489443898201,0.0009344894206151366,5,2,10
6661,4872,5227,0.0,0.009999999776482582,4.547475814819336,0.5067822337150574,0.005067822057753801,5,5,25
6662,4777,5228,0.0,0.009999999776482582,1.2306207418441772,0.032945819199085236,0.00032945818384177983,5,2,10
6663,2763,4777,0.0,0.009999999776482582,1.2306207418441772,0.032945819199085236,0.00032945818384177983,5,2,10
6664,2763,5228,0.0,0.009999999776482582,1.200631856918335,0.02866169437766075,0.0002866169379558414,5,2,10
6665,3955,4575,0.5,0.5049999952316284,5.737250804901123,0.676750123500824,0.3417588174343109,5,6,30
6666,2764,4575,0.0,0.009999999776482582,1.6047086715698242,0.08638695627450943,0.0008638695580884814,5,2,10
6667,2764,3955,0.0,0.009999999776482582,5.737250804901123,0.676750123500824,0.006767501123249531,5,6,30
6668,2765,4575,0.0,0.009999999776482582,1.3485057353973389,0.049786534160375595,0.0004978653159923851,5,2,10
6669,2765,3955,0.0,0.009999999776482582,5.737250804901123,0.676750123500824,0.006767501123249531,5,6,30
6670,3651,4054,0.0,0.009999999776482582,7.146246433258057,0.8780351877212524,0.008780351839959621,5,8,40
6671,2766,4054,0.0,0.009999999776482582,2.047337055206299,0.14961957931518555,0.0014961957931518555,5,3,15
6672,2766,3651,0.0,0.009999999776482582,7.146246433258057,0.8780351877212524,0.008780351839959621,5,8,40
6673,2767,3651,0.0,0.009999999776482582,7.146246433258057,0.8780351877212524,0.008780351839959621,5,8,40
6674,2767,2768,0.0,0.009999999776482582,1.3615227937698364,0.05164611339569092,0.0005164611502550542,5,2,10
6675,2768,3651,0.0,0.009999999776482582,7.146246433258057,0.8780351877212524,0.008780351839959621,5,8,40
6676,4263,4265,0.5,0.5049999952316284,1.3671875,0.0524553582072258,0.02648995630443096,5,2,10
6677,2769,3651,0.0,0.009999999776482582,7.146246433258057,0.8780351877212524,0.008780351839959621,5,8,40
6678,2769,4265,0.0,0.009999999776482582,2.311000347137451,0.18728576600551605,0.001872857566922903,5,3,15
6679,2770,3651,0.0,0.009999999776482582,7.146246433258057,0.8780351877212524,0.008780351839959621,5,8,40
6680,2770,4698,0.0,0.009999999776482582,2.5932583808898926,0.2276083379983902,0.0022760832216590643,5,3,15
6681,2771,4055,0.0,0.009999999776482582,1.4930775165557861,0.0704396441578865,0.0007043963996693492,5,2,10
6682,2771,2772,0.0,0.009999999776482582,1.4930775165557861,0.0704396441578865,0.0007043963996693492,5,2,10
6683,2772,3421,0.0,0.009999999776482582,1.0757113695144653,0.010815910063683987,0.0001081590962712653,5,2,10
6684,3421,4687,0.0,0.009999999776482582,1.2059522867202759,0.02942175604403019,0.0002942175487987697,5,2,10
6685,2773,3651,0.0,0.009999999776482582,7.146246433258057,0.8780351877212524,0.008780351839959621,5,8,40
6686,2773,4265,0.0,0.009999999776482582,2.591836452484131,0.22740520536899567,0.002274052007123828,5,3,15
6687,4012,4265,0.0,0.009999999776482582,2.829587936401367,0.2613697052001953,0.0026136969681829214,5,3,15
6688,4264,4268,0.0,0.009999999776482582,1.320090413093567,0.0457272008061409,0.00045727199176326394,5,2,10
6689,3421,4268,0.0,0.009999999776482582,1.0757113695144653,0.010815910063683987,0.0001081590962712653,5,2,10
6690,3421,3651,0.0,0.009999999776482582,7.146246433258057,0.8780351877212524,0.008780351839959621,5,8,40
6691,3651,4262,0.5,0.5049999952316284,7.146246433258057,0.8780351877212524,0.4434077739715576,5,8,40
6692,2774,3651,0.0,0.009999999776482582,7.146246433258057,0.8780351877212524,0.008780351839959621,5,8,40
6693,2774,4687,0.0,0.009999999776482582,1.4257272481918335,0.060818176716566086,0.0006081817555241287,5,2,10
6694,4262,4687,0.0,0.009999999776482582,1.3894460201263428,0.05563514679670334,0.0005563514423556626,5,2,10
6695,4263,4267,0.0,0.009999999776482582,1.3671875,0.0524553582072258,0.0005245535867288709,5,2,10
6696,4265,4686,0.0,0.009999999776482582,1.2517448663711548,0.03596355393528938,0.0003596355381887406,5,2,10
6697,3651,4686,0.0,0.009999999776482582,7.146246433258057,0.8780351877212524,0.008780351839959621,5,8,40
6698,2775,3651,0.0,0.009999999776482582,7.146246433258057,0.8780351877212524,0.008780351839959621,5,8,40
6699,2775,4265,0.0,0.009999999776482582,2.20182204246521,0.17168886959552765,0.0017168886261060834,5,3,15
6700,3651,4266,0.0,0.009999999776482582,7.146246433258057,0.8780351877212524,0.008780351839959621,5,8,40
6701,4266,4687,0.0,0.009999999776482582,1.4451026916503906,0.06358610093593597,0.0006358610116876662,5,2,10
6702,2776,3974,0.0,0.009999999776482582,6.832657337188721,0.8332367539405823,0.008332367055118084,5,7,35
6703,2776,2777,0.0,0.009999999776482582,2.1586854457855225,0.16552649438381195,0.0016552648739889264,5,3,15
6704,2777,4205,0.0,0.009999999776482582,4.139744281768799,0.44853490591049194,0.004485349170863628,5,5,25
6705,4205,4422,0.0,0.009999999776482582,4.139744281768799,0.44853490591049194,0.004485349170863628,5,5,25
6706,4422,5229,0.0,0.009999999776482582,2.157142162322998,0.16530601680278778,0.001653060084208846,5,3,15
6707,3940,5229,0.0,0.009999999776482582,2.0298643112182617,0.14712347090244293,0.001471234718337655,5,3,15
6708,4205,4832,0.0,0.009999999776482582,4.139744281768799,0.44853490591049194,0.004485349170863628,5,5,25
6709,2778,4832,0.0,0.009999999776482582,1.3847103118896484,0.05495861545205116,0.000549586140550673,5,2,10
6710,2778,3940,0.0,0.009999999776482582,2.0298643112182617,0.14712347090244293,0.001471234718337655,5,3,15
6711,2779,3814,0.0,0.009999999776482582,4.510677337646484,0.501525342464447,0.005015253089368343,5,5,25
6712,2779,2780,0.0,0.009999999776482582,3.1141786575317383,0.30202552676200867,0.0030202551279217005,5,4,20
6713,2780,2781,0.0,0.009999999776482582,1.9904141426086426,0.1414877325296402,0.0014148772461339831,5,2,10
6714,2781,3814,0.0,0.009999999776482582,4.510677337646484,0.501525342464447,0.005015253089368343,5,5,25
6715,3989,4699,0.0,0.009999999776482582,3.2833027839660645,0.3261861205101013,0.0032618611585348845,5,4,20
6716,4699,4700,0.0,0.009999999776482582,2.5413060188293457,0.22018657624721527,0.0022018656600266695,5,3,15
6717,2782,4288,0.0,0.009999999776482582,1.0506113767623901,0.007230196613818407,7.23019620636478e-05,5,2,10
6718,2782,3661,0.0,0.009999999776482582,2.3146755695343018,0.18781079351902008,0.0018781078979372978,5,3,15
6719,3552,3661,0.0,0.009999999776482582,3.293243408203125,0.327606201171875,0.0032760619651526213,5,4,20
6720,3695,4066,0.0,0.009999999776482582,1.7450989484786987,0.10644270479679108,0.0010644270805642009,5,2,10
6721,2783,4153,0.0,0.009999999776482582,3.0665035247802734,0.29521480202674866,0.002952147973701358,5,4,20
6722,2783,2784,0.0,0.009999999776482582,2.2141542434692383,0.17345060408115387,0.001734505989588797,5,3,15
6723,2784,4282,0.0,0.009999999776482582,2.2141542434692383,0.17345060408115387,0.001734505989588797,5,3,15
6724,2785,3684,0.0,0.009999999776482582,3.1245250701904297,0.3035035729408264,0.0030350356828421354,5,4,20
6725,2785,2786,0.0,0.009999999776482582,2.7309303283691406,0.24727575480937958,0.0024727575946599245,5,3,15
6726,2786,4702,0.0,0.009999999776482582,3.529254913330078,0.3613221347332001,0.003613221226260066,5,4,20
6727,4282,4701,0.0,0.009999999776482582,1.781766414642334,0.11168091744184494,0.0011168092023581266,5,2,10
6728,4066,4701,0.0,0.009999999776482582,1.7450989484786987,0.10644270479679108,0.0010644270805642009,5,2,10
6729,4066,4699,0.0,0.009999999776482582,2.1319310665130615,0.1617044359445572,0.0016170443268492818,5,3,15
6730,4282,4699,0.5,0.5049999952316284,2.1319310665130615,0.1617044359445572,0.08166074007749557,5,3,15
6731,2787,4156,0.0,0.009999999776482582,1.2426048517227173,0.034657835960388184,0.0003465783374849707,5,2,10
6732,2787,4699,0.0,0.009999999776482582,2.1319310665130615,0.1617044359445572,0.0016170443268492818,5,3,15
6733,4568,4704,0.0,0.009999999776482582,5.6536054611206055,0.664800763130188,0.0066480073146522045,5,6,30
6734,3422,4704,0.0,0.009999999776482582,2.0498697757720947,0.14998139441013336,0.0014998138649389148,5,3,15
6735,3422,4568,0.0,0.009999999776482582,5.6536054611206055,0.664800763130188,0.0066480073146522045,5,6,30
6736,3756,4705,0.0,0.009999999776482582,1.2477625608444214,0.03539464995265007,0.00035394649603404105,5,2,10
6737,2788,3756,0.0,0.009999999776482582,1.189074993133545,0.027010712772607803,0.0002701071207411587,5,2,10
6738,2788,2789,0.0,0.009999999776482582,1.189074993133545,0.027010712772607803,0.0002701071207411587,5,2,10
6739,2789,2790,0.0,0.009999999776482582,1.1964261531829834,0.028060879558324814,0.00028060880140401423,5,2,10
6740,2790,3760,0.0,0.009999999776482582,2.472081184387207,0.21029731631278992,0.002102973172441125,5,3,15
6741,2791,4082,0.0,0.009999999776482582,1.2614396810531616,0.03734852746129036,0.00037348526529967785,5,2,10
6742,2791,4704,0.0,0.009999999776482582,2.034722089767456,0.1478174477815628,0.0014781744685024023,5,3,15
6743,4704,4912,0.0,0.009999999776482582,2.034722089767456,0.1478174477815628,0.0014781744685024023,5,3,15
6744,4420,4912,0.0,0.009999999776482582,2.2405459880828857,0.17722085118293762,0.0017722084885463119,5,3,15
6745,2792,4420,0.0,0.009999999776482582,2.846787929534912,0.263826847076416,0.002638268517330289,5,3,15
6746,2792,3678,0.0,0.009999999776482582,2.846787929534912,0.263826847076416,0.002638268517330289,5,3,15
6747,3678,4420,0.0,0.009999999776482582,2.4241766929626465,0.20345380902290344,0.002034537959843874,5,3,15
6748,4420,4596,0.0,0.009999999776482582,2.2405459880828857,0.17722085118293762,0.0017722084885463119,5,3,15
6749,2793,4596,0.0,0.009999999776482582,1.4116283655166626,0.05880405381321907,0.000588040507864207,5,2,10
6750,2793,2794,0.0,0.009999999776482582,7.4103922843933105,0.9157703518867493,0.009157703258097172,5,8,40
6751,2794,3678,0.0,0.009999999776482582,7.4103922843933105,0.9157703518867493,0.009157703258097172,5,8,40
6752,3734,4597,0.0,0.009999999776482582,2.8910624980926514,0.2701517939567566,0.002701517893001437,5,3,15
6753,3734,4420,0.0,0.009999999776482582,2.8910624980926514,0.2701517939567566,0.002701517893001437,5,3,15
6754,4420,4496,0.0,0.009999999776482582,2.7365832328796387,0.24808332324028015,0.0024808330927044153,5,3,15
6755,4496,4704,0.0,0.009999999776482582,2.7365832328796387,0.24808332324028015,0.0024808330927044153,5,3,15
6756,2795,4704,0.0,0.009999999776482582,3.2254257202148438,0.31791797280311584,0.003179179737344384,5,4,20
6757,2795,2796,0.0,0.009999999776482582,3.2254257202148438,0.31791797280311584,0.003179179737344384,5,4,20
6758,2796,3483,0.0,0.009999999776482582,2.0871481895446777,0.1553068906068802,0.001553068868815899,5,3,15
6759,3483,3678,0.0,0.009999999776482582,2.4241766929626465,0.20345380902290344,0.002034537959843874,5,3,15
6760,4568,4706,0.5,0.5049999952316284,5.6536054611206055,0.664800763130188,0.3357243835926056,5,6,30
6761,4141,4706,0.5,0.5049999952316284,2.190891742706299,0.17012739181518555,0.08591432869434357,5,3,15
6762,3837,4706,0.0,0.009999999776482582,5.405207633972168,0.6293153762817383,0.006293153390288353,5,6,30
6763,2797,4706,0.0,0.009999999776482582,2.190891742706299,0.17012739181518555,0.0017012738389894366,5,3,15
6764,2797,4141,0.0,0.009999999776482582,2.0703306198120117,0.15290437638759613,0.001529043773189187,5,3,15
6765,3967,5091,0.0,0.009999999776482582,3.5994720458984375,0.3713531494140625,0.003713531419634819,5,4,20
6766,3967,4276,0.0,0.009999999776482582,2.23655366897583,0.1766505241394043,0.0017665051855146885,5,3,15
6767,3955,4276,0.0,0.009999999776482582,5.737250804901123,0.676750123500824,0.006767501123249531,5,6,30
6768,2798,3816,0.0,0.009999999776482582,6.981029510498047,0.8544327616691589,0.008544327691197395,5,7,35
6769,2798,4057,0.0,0.009999999776482582,1.3146851062774658,0.04495501518249512,0.0004495501343626529,5,2,10
6770,4057,4909,0.0,0.009999999776482582,2.0269384384155273,0.1467054933309555,0.0014670549426227808,5,3,15
6771,3816,4053,0.0,0.009999999776482582,6.981029510498047,0.8544327616691589,0.008544327691197395,5,7,35
6772,3593,4708,0.0,0.009999999776482582,7.000628471374512,0.8572326302528381,0.00857232604175806,5,8,40
6773,2799,4708,0.0,0.009999999776482582,1.760200023651123,0.10860000550746918,0.0010860000038519502,5,2,10
6774,2799,3779,0.0,0.009999999776482582,2.6623306274414062,0.23747579753398895,0.0023747580125927925,5,3,15
6775,4496,4912,0.0,0.009999999776482582,2.7365832328796387,0.24808332324028015,0.0024808330927044153,5,3,15
6776,4496,4596,0.0,0.009999999776482582,2.7365832328796387,0.24808332324028015,0.0024808330927044153,5,3,15
6777,3678,4496,0.0,0.009999999776482582,2.7365832328796387,0.24808332324028015,0.0024808330927044153,5,3,15
6778,3642,4496,0.0,0.009999999776482582,2.7365832328796387,0.24808332324028015,0.0024808330927044153,5,3,15
6779,3642,4795,0.0,0.009999999776482582,2.783698081970215,0.2548139989376068,0.0025481400080025196,5,3,15
6780,3423,3504,0.0,0.009999999776482582,2.6543467044830322,0.23633524775505066,0.0023633523378521204,5,3,15
6781,2800,3423,0.0,0.009999999776482582,1.442982792854309,0.06328325718641281,0.0006328325835056603,5,2,10
6782,2800,4795,0.0,0.009999999776482582,2.783698081970215,0.2548139989376068,0.0025481400080025196,5,3,15
6783,4025,4795,0.0,0.009999999776482582,2.783698081970215,0.2548139989376068,0.0025481400080025196,5,3,15
6784,4025,4913,0.5,0.5049999952316284,2.0163700580596924,0.14519572257995605,0.07332383841276169,5,3,15
6785,3678,4795,0.0,0.009999999776482582,2.783698081970215,0.2548139989376068,0.0025481400080025196,5,3,15
6786,2801,3678,0.0,0.009999999776482582,2.4241766929626465,0.20345380902290344,0.002034537959843874,5,3,15
6787,2801,4913,0.0,0.009999999776482582,1.946743130683899,0.13524901866912842,0.001352490158751607,5,2,10
6788,3423,4912,0.0,0.009999999776482582,1.7454429864883423,0.10649185627698898,0.0010649185860529542,5,2,10
6789,2802,3423,0.0,0.009999999776482582,1.3086915016174316,0.044098787009716034,0.0004409878747537732,5,2,10
6790,2802,4912,0.0,0.009999999776482582,1.7454429864883423,0.10649185627698898,0.0010649185860529542,5,2,10
6791,2803,4912,0.0,0.009999999776482582,2.436997413635254,0.20528534054756165,0.002052853349596262,5,3,15
6792,2803,4025,0.0,0.009999999776482582,2.436997413635254,0.20528534054756165,0.002052853349596262,5,3,15
6793,3534,4795,0.0,0.009999999776482582,2.783698081970215,0.2548139989376068,0.0025481400080025196,5,3,15
6794,2804,3534,0.0,0.009999999776482582,2.574974536895752,0.22499635815620422,0.0022499635815620422,5,3,15
6795,2804,3720,0.0,0.009999999776482582,1.3547756671905518,0.05068223923444748,0.0005068223690614104,5,2,10
6796,3424,3755,0.0,0.009999999776482582,5.155153751373291,0.593593418598175,0.005935933906584978,5,6,30
6797,3424,4709,0.0,0.009999999776482582,2.1662251949310303,0.16660359501838684,0.00166603596881032,5,3,15
6798,3755,4709,0.0,0.009999999776482582,5.155153751373291,0.593593418598175,0.005935933906584978,5,6,30
6799,2805,4710,0.0,0.009999999776482582,1.0692940950393677,0.009899156168103218,9.899155702441931e-05,5,2,10
6800,2805,2806,0.0,0.009999999776482582,1.8490619659423828,0.12129456549882889,0.0012129456736147404,5,2,10
6801,2806,3474,0.0,0.009999999776482582,1.8490619659423828,0.12129456549882889,0.0012129456736147404,5,2,10
6802,2807,3666,0.0,0.009999999776482582,5.345047950744629,0.620721161365509,0.006207211408764124,5,6,30
6803,2807,2808,0.0,0.009999999776482582,1.9869039058685303,0.14098627865314484,0.0014098627725616097,5,2,10
6804,2808,3666,0.0,0.009999999776482582,5.345047950744629,0.620721161365509,0.006207211408764124,5,6,30
6805,2809,3666,0.0,0.009999999776482582,5.345047950744629,0.620721161365509,0.006207211408764124,5,6,30
6806,2809,2810,0.0,0.009999999776482582,1.844766616821289,0.12068094313144684,0.0012068094220012426,5,2,10
6807,2810,3666,0.0,0.009999999776482582,5.345047950744629,0.620721161365509,0.006207211408764124,5,6,30
6808,3777,5230,0.5,0.5049999952316284,7.127651214599609,0.8753787279129028,0.4420662522315979,5,8,40
6809,5230,5231,0.5,0.5049999952316284,1.2442221641540527,0.03488888218998909,0.01761888526380062,5,2,10
6810,3777,5231,0.5,0.5049999952316284,7.127651214599609,0.8753787279129028,0.4420662522315979,5,8,40
6811,2811,5231,0.0,0.009999999776482582,1.4449403285980225,0.06356290727853775,0.000635629054158926,5,2,10
6812,2811,3777,0.0,0.009999999776482582,7.127651214599609,0.8753787279129028,0.00875378679484129,5,8,40
6813,2812,3777,0.0,0.009999999776482582,7.127651214599609,0.8753787279129028,0.00875378679484129,5,8,40
6814,2812,5231,0.0,0.009999999776482582,1.9655765295028687,0.13793949782848358,0.0013793949037790298,5,2,10
6815,2813,3777,0.0,0.009999999776482582,7.127651214599609,0.8753787279129028,0.00875378679484129,5,8,40
6816,2813,3744,0.0,0.009999999776482582,1.9015475511550903,0.12879250943660736,0.0012879250571131706,5,2,10
6817,3744,3777,0.0,0.009999999776482582,7.127651214599609,0.8753787279129028,0.00875378679484129,5,8,40
6818,2814,3556,0.0,0.009999999776482582,1.77079176902771,0.11011310666799545,0.001101131085306406,5,2,10
6819,2814,3969,0.0,0.009999999776482582,1.82467520236969,0.11781074106693268,0.0011781073408201337,5,2,10
6820,3556,3969,0.0,0.009999999776482582,1.82467520236969,0.11781074106693268,0.0011781073408201337,5,2,10
6821,4256,4717,0.0,0.009999999776482582,1.6395361423492432,0.09136230498552322,0.000913623021915555,5,2,10
6822,2815,4563,0.0,0.009999999776482582,3.318997859954834,0.33128541707992554,0.0033128540962934494,5,4,20
6823,2815,2816,0.0,0.009999999776482582,3.6925392150878906,0.38464847207069397,0.003846484702080488,5,4,20
6824,2816,2817,0.0,0.009999999776482582,3.6925392150878906,0.38464847207069397,0.003846484702080488,5,4,20
6825,2817,4923,0.0,0.009999999776482582,6.217515468597412,0.7453593611717224,0.007453593425452709,5,7,35
6826,3654,4563,0.0,0.009999999776482582,3.318997859954834,0.33128541707992554,0.0033128540962934494,5,4,20
6827,2818,3654,0.0,0.009999999776482582,1.53155517578125,0.0759364515542984,0.0007593645132146776,5,2,10
6828,2818,4563,0.0,0.009999999776482582,3.318997859954834,0.33128541707992554,0.0033128540962934494,5,4,20
6829,2819,3871,0.0,0.009999999776482582,1.1658568382263184,0.023693833500146866,0.00023693832918070257,5,2,10
6830,2819,4227,0.0,0.009999999776482582,1.0429325103759766,0.006133215967565775,6.133216083981097e-05,5,2,10
6831,2820,4227,0.0,0.009999999776482582,1.0429325103759766,0.006133215967565775,6.133216083981097e-05,5,2,10
6832,3425,5232,0.0,0.009999999776482582,1.474527359008789,0.06778962165117264,0.0006778961978852749,5,2,10
6833,2821,3425,0.0,0.009999999776482582,1.9132124185562134,0.13045892119407654,0.0013045892119407654,5,2,10
6834,2821,3604,0.0,0.009999999776482582,2.757901430130005,0.25112876296043396,0.002511287573724985,5,3,15
6835,2822,3604,0.0,0.009999999776482582,2.757901430130005,0.25112876296043396,0.002511287573724985,5,3,15
6836,2822,2823,0.0,0.009999999776482582,6.3202595710754395,0.7600370645523071,0.007600370328873396,5,7,35
6837,2823,5232,0.0,0.009999999776482582,6.3202595710754395,0.7600370645523071,0.007600370328873396,5,7,35
6838,2824,5232,0.0,0.009999999776482582,1.7237321138381958,0.10339029878377914,0.0010339029831811786,5,2,10
6839,2824,2825,0.0,0.009999999776482582,1.7237321138381958,0.10339029878377914,0.0010339029831811786,5,2,10
6840,2825,2826,0.0,0.009999999776482582,1.2028319835662842,0.028975997120141983,0.0002897599770221859,5,2,10
6841,2826,2827,0.0,0.009999999776482582,1.1588207483291626,0.02268867753446102,0.0002268867683596909,5,2,10
6842,2827,3604,0.0,0.009999999776482582,2.757901430130005,0.25112876296043396,0.002511287573724985,5,3,15
6843,4222,4711,0.0,0.009999999776482582,4.479142189025879,0.49702030420303345,0.004970203153789043,5,5,25
6844,2828,4222,0.0,0.009999999776482582,3.368570327758789,0.33836719393730164,0.0033836718648672104,5,4,20
6845,2828,4224,0.0,0.009999999776482582,3.0594935417175293,0.29421335458755493,0.0029421334620565176,5,4,20
6846,4224,4792,0.0,0.009999999776482582,2.576166868209839,0.2251666933298111,0.002251666970551014,5,3,15
6847,4222,4792,0.0,0.009999999776482582,3.368570327758789,0.33836719393730164,0.0033836718648672104,5,4,20
6848,4222,4224,0.0,0.009999999776482582,3.368570327758789,0.33836719393730164,0.0033836718648672104,5,4,20
6849,3564,4222,0.0,0.009999999776482582,3.368570327758789,0.33836719393730164,0.0033836718648672104,5,4,20
6850,2829,4222,0.0,0.009999999776482582,3.368570327758789,0.33836719393730164,0.0033836718648672104,5,4,20
6851,2829,4381,0.0,0.009999999776482582,5.5192413330078125,0.6456059217453003,0.0064560589380562305,5,6,30
6852,4066,4224,0.0,0.009999999776482582,2.576166868209839,0.2251666933298111,0.002251666970551014,5,3,15
6853,4066,4792,0.0,0.009999999776482582,1.7450989484786987,0.10644270479679108,0.0010644270805642009,5,2,10
6854,3564,4792,0.0,0.009999999776482582,2.1859002113342285,0.16941431164741516,0.0016941430512815714,5,3,15
6855,3564,4221,0.0,0.009999999776482582,2.9829049110412598,0.2832721173763275,0.002832721220329404,5,3,15
6856,4066,4221,0.0,0.009999999776482582,2.9829049110412598,0.2832721173763275,0.002832721220329404,5,3,15
6857,4222,4381,0.0,0.009999999776482582,5.5192413330078125,0.6456059217453003,0.0064560589380562305,5,6,30
6858,2830,3564,0.0,0.009999999776482582,2.1859002113342285,0.16941431164741516,0.0016941430512815714,5,3,15
6859,2830,4222,0.0,0.009999999776482582,3.368570327758789,0.33836719393730164,0.0033836718648672104,5,4,20
6860,4370,4713,0.0,0.009999999776482582,6.9086713790893555,0.8440958857536316,0.008440958335995674,5,7,35
6861,4408,4713,0.0,0.009999999776482582,2.2735447883605957,0.18193496763706207,0.001819349592551589,5,3,15
6862,4517,4716,0.0,0.009999999776482582,1.3475630283355713,0.0496518611907959,0.0004965186235494912,5,2,10
6863,2831,4517,0.0,0.009999999776482582,1.3475630283355713,0.0496518611907959,0.0004965186235494912,5,2,10
6864,2831,4716,0.0,0.009999999776482582,1.2494643926620483,0.03563776984810829,0.0003563776845112443,5,2,10
6865,2832,3585,0.0,0.009999999776482582,1.468438982963562,0.06691985577344894,0.00066919851815328,5,2,10
6866,2832,2833,0.0,0.009999999776482582,1.6331888437271118,0.0904555469751358,0.000904555432498455,5,2,10
6867,2833,4563,0.0,0.009999999776482582,3.318997859954834,0.33128541707992554,0.0033128540962934494,5,4,20
6868,5234,5235,0.0,0.009999999776482582,1.540412187576294,0.0772017389535904,0.0007720173452980816,5,2,10
6869,3426,5234,0.0,0.009999999776482582,1.5231469869613647,0.07473528385162354,0.0007473528385162354,5,2,10
6870,3426,5233,0.0,0.009999999776482582,1.374394416809082,0.05348491668701172,0.0005348491831682622,5,2,10
6871,5235,5236,0.5,0.5049999952316284,1.540412187576294,0.0772017389535904,0.03898687660694122,5,2,10
6872,5234,5236,0.0,0.009999999776482582,1.5231469869613647,0.07473528385162354,0.0007473528385162354,5,2,10
6873,5233,5234,0.5,0.5049999952316284,1.5231469869613647,0.07473528385162354,0.037741318345069885,5,2,10
6874,3426,5236,0.0,0.009999999776482582,1.1544770002365112,0.022068142890930176,0.00022068142425268888,5,2,10
6875,2834,5235,0.0,0.009999999776482582,1.6139307022094727,0.0877043828368187,0.0008770438143983483,5,2,10
6876,2834,2835,0.0,0.009999999776482582,1.6139307022094727,0.0877043828368187,0.0008770438143983483,5,2,10
6877,2835,2836,0.0,0.009999999776482582,2.1734304428100586,0.16763292253017426,0.0016763291787356138,5,3,15
6878,2836,5233,0.0,0.009999999776482582,2.1734304428100586,0.16763292253017426,0.0016763291787356138,5,3,15
6879,2837,4718,0.0,0.009999999776482582,1.2226558923721313,0.03180798515677452,0.0003180798375979066,5,2,10
6880,2837,2838,0.0,0.009999999776482582,1.3482848405838013,0.049754977226257324,0.0004975497722625732,5,2,10
6881,2838,4718,0.0,0.009999999776482582,1.3482848405838013,0.049754977226257324,0.0004975497722625732,5,2,10
6882,2839,4718,0.0,0.009999999776482582,1.6112699508666992,0.08732427656650543,0.0008732427377253771,5,2,10
6883,2839,2840,0.0,0.009999999776482582,1.6286287307739258,0.08980410546064377,0.0008980410057120025,5,2,10
6884,2840,5237,0.0,0.009999999776482582,1.7287812232971191,0.10411160439252853,0.0010411160765215755,5,2,10
6885,4718,5237,0.0,0.009999999776482582,1.7287812232971191,0.10411160439252853,0.0010411160765215755,5,2,10
6886,3663,3747,0.9999998807907104,0.9999998807907104,1.8313546180725098,0.11876494437456131,0.11876492947340012,5,2,10
6887,3747,4684,0.0,0.009999999776482582,2.0137782096862793,0.14482545852661133,0.0014482545666396618,5,3,15
6888,3663,4684,0.0,0.009999999776482582,2.0137782096862793,0.14482545852661133,0.0014482545666396618,5,3,15
6889,2841,3747,0.0,0.009999999776482582,1.4167492389678955,0.05953560397028923,0.0005953560466878116,5,2,10
6890,2841,3663,0.0,0.009999999776482582,1.8313546180725098,0.11876494437456131,0.0011876494390890002,5,2,10
6891,4009,4077,0.0,0.009999999776482582,2.9149169921875,0.2735595703125,0.0027355956844985485,5,3,15
6892,3588,4009,0.0,0.009999999776482582,2.9149169921875,0.2735595703125,0.0027355956844985485,5,3,15
6893,3588,4077,0.0,0.009999999776482582,2.6852898597717285,0.24075569212436676,0.002407556865364313,5,3,15
6894,2842,4340,0.0,0.009999999776482582,3.154646873474121,0.30780670046806335,0.0030780669767409563,5,4,20
6895,2842,2843,0.0,0.009999999776482582,1.1684072017669678,0.02405817247927189,0.00024058172130025923,5,2,10
6896,2843,4340,0.0,0.009999999776482582,3.154646873474121,0.30780670046806335,0.0030780669767409563,5,4,20
6897,2844,4343,0.0,0.009999999776482582,4.582691669464111,0.5118131041526794,0.005118130706250668,5,5,25
6898,2844,4210,0.0,0.009999999776482582,3.226497173309326,0.31807103753089905,0.0031807103659957647,5,4,20
6899,4210,4340,0.0,0.009999999776482582,3.154646873474121,0.30780670046806335,0.0030780669767409563,5,4,20
6900,2845,4340,0.0,0.009999999776482582,3.154646873474121,0.30780670046806335,0.0030780669767409563,5,4,20
6901,2845,3427,0.0,0.009999999776482582,3.648970127105713,0.3784243166446686,0.003784243017435074,5,4,20
6902,3427,4340,0.0,0.009999999776482582,3.648970127105713,0.3784243166446686,0.003784243017435074,5,4,20
6903,2846,4343,0.0,0.009999999776482582,4.582691669464111,0.5118131041526794,0.005118130706250668,5,5,25
6904,2846,4557,0.0,0.009999999776482582,3.247159481048584,0.32102277874946594,0.0032102277036756277,5,4,20
6905,3776,4557,0.0,0.009999999776482582,2.451098918914795,0.2072998434305191,0.002072998322546482,5,3,15
6906,2847,4075,0.0,0.009999999776482582,3.440966844558716,0.3487095534801483,0.003487095469608903,5,4,20
6907,2847,2848,0.0,0.009999999776482582,1.1262843608856201,0.018040623515844345,0.00018040623399429023,5,2,10
6908,2848,4075,0.0,0.009999999776482582,3.440966844558716,0.3487095534801483,0.003487095469608903,5,4,20
6909,3758,3921,0.0,0.009999999776482582,2.931858539581299,0.27597978711128235,0.0027597977314144373,5,3,15
6910,2849,3758,0.0,0.009999999776482582,3.093214988708496,0.29903072118759155,0.002990307053551078,5,4,20
6911,2849,3921,0.0,0.009999999776482582,3.093214988708496,0.29903072118759155,0.002990307053551078,5,4,20
6912,2850,3921,0.0,0.009999999776482582,2.773852825164795,0.2534075379371643,0.0025340754073113203,5,3,15
6913,2850,2851,0.0,0.009999999776482582,1.316437840461731,0.045205406844615936,0.0004520540533121675,5,2,10
6914,2851,2852,0.0,0.009999999776482582,1.748099684715271,0.10687138140201569,0.001068713841959834,5,2,10
6915,2852,3921,0.0,0.009999999776482582,2.773852825164795,0.2534075379371643,0.0025340754073113203,5,3,15
6916,2853,4183,0.0,0.009999999776482582,6.055806636810303,0.7222580909729004,0.007222580723464489,5,7,35
6917,2853,2854,0.0,0.009999999776482582,1.984122395515442,0.1405889093875885,0.0014058890519663692,5,2,10
6918,2854,4515,0.0,0.009999999776482582,1.984122395515442,0.1405889093875885,0.0014058890519663692,5,2,10
6919,2855,3549,0.0,0.009999999776482582,2.2878425121307373,0.18397749960422516,0.0018397750100120902,5,3,15
6920,2855,4720,0.0,0.009999999776482582,2.938904285430908,0.27698633074760437,0.0027698632329702377,5,3,15
6921,2856,4720,0.0,0.009999999776482582,2.938904285430908,0.27698633074760437,0.0027698632329702377,5,3,15
6922,2856,3760,0.0,0.009999999776482582,2.8045811653137207,0.2577973008155823,0.0025779730640351772,5,3,15
6923,2857,3938,0.0,0.009999999776482582,1.2808916568756104,0.04012737795710564,0.00040127377724274993,5,2,10
6924,2857,2858,0.0,0.009999999776482582,1.4314014911651611,0.061628784984350204,0.0006162878125905991,5,2,10
6925,2858,3938,0.0,0.009999999776482582,1.4314014911651611,0.061628784984350204,0.0006162878125905991,5,2,10
6926,3696,4721,0.0,0.009999999776482582,1.9991179704666138,0.14273114502429962,0.0014273114502429962,5,2,10
6927,2859,3458,0.0,0.009999999776482582,4.780259132385254,0.5400370359420776,0.005400370340794325,5,5,25
6928,2859,2860,0.0,0.009999999776482582,4.780259132385254,0.5400370359420776,0.005400370340794325,5,5,25
6929,2860,3458,0.0,0.009999999776482582,4.615525722503662,0.5165036916732788,0.005165036767721176,5,5,25
6930,2861,3458,0.0,0.009999999776482582,4.615525722503662,0.5165036916732788,0.005165036767721176,5,5,25
6931,2861,3711,0.0,0.009999999776482582,4.1020188331604,0.4431455433368683,0.00443145539611578,5,5,25
6932,4676,4677,0.0,0.009999999776482582,2.4897236824035645,0.21281766891479492,0.002128176623955369,5,3,15
6933,4677,5238,0.0,0.009999999776482582,2.4897236824035645,0.21281766891479492,0.002128176623955369,5,3,15
6934,4925,5238,0.0,0.009999999776482582,5.5763702392578125,0.6537671685218811,0.0065376716665923595,5,6,30
6935,2862,5239,0.0,0.009999999776482582,1.9892051219940186,0.1413150131702423,0.0014131501084193587,5,2,10
6936,2862,2863,0.0,0.009999999776482582,1.3168684244155884,0.04526691883802414,0.00045266919187270105,5,2,10
6937,2863,4487,0.0,0.009999999776482582,1.5550189018249512,0.07928841561079025,0.0007928841514512897,5,2,10
6938,4486,4487,0.0,0.009999999776482582,2.0495798587799072,0.14993998408317566,0.0014993997756391764,5,3,15
6939,4486,5239,0.0,0.009999999776482582,2.0495798587799072,0.14993998408317566,0.0014993997756391764,5,3,15
6940,2864,5239,0.0,0.009999999776482582,1.9892051219940186,0.1413150131702423,0.0014131501084193587,5,2,10
6941,2864,2865,0.0,0.009999999776482582,2.2911062240600586,0.18444374203681946,0.0018444373272359371,5,3,15
6942,2865,4487,0.0,0.009999999776482582,2.2911062240600586,0.18444374203681946,0.0018444373272359371,5,3,15
6943,4487,5239,0.0,0.009999999776482582,1.9892051219940186,0.1413150131702423,0.0014131501084193587,5,2,10
6944,4157,4403,0.0,0.009999999776482582,1.9714884757995605,0.13878406584262848,0.0013878406025469303,5,2,10
6945,3735,4157,0.0,0.009999999776482582,1.9714884757995605,0.13878406584262848,0.0013878406025469303,5,2,10
6946,2866,3735,0.0,0.009999999776482582,2.193220853805542,0.17046011984348297,0.0017046011053025723,5,3,15
6947,2866,4403,0.0,0.009999999776482582,2.193220853805542,0.17046011984348297,0.0017046011053025723,5,3,15
6948,2867,4034,0.0,0.009999999776482582,2.3267245292663574,0.189532071352005,0.001895320718176663,5,3,15
6949,2867,2868,0.0,0.009999999776482582,2.4362292289733887,0.20517560839653015,0.0020517560187727213,5,3,15
6950,2868,3630,0.0,0.009999999776482582,2.4362292289733887,0.20517560839653015,0.0020517560187727213,5,3,15
6951,2869,3554,0.0,0.009999999776482582,3.294991970062256,0.32785600423812866,0.0032785600051283836,5,4,20
6952,2869,2870,0.0,0.009999999776482582,3.294991970062256,0.32785600423812866,0.0032785600051283836,5,4,20
6953,2870,3456,0.0,0.009999999776482582,2.748372793197632,0.24976754188537598,0.0024976753629744053,5,3,15
6954,2871,3456,0.0,0.009999999776482582,2.748372793197632,0.24976754188537598,0.0024976753629744053,5,3,15
6955,2871,2872,0.0,0.009999999776482582,1.8824732303619385,0.1260676085948944,0.0012606760719791055,5,2,10
6956,2872,2873,0.0,0.009999999776482582,1.3056302070617676,0.0436614565551281,0.00043661455856636167,5,2,10
6957,2873,2874,0.0,0.009999999776482582,3.010371446609497,0.28719592094421387,0.002871959237381816,5,4,20
6958,2874,3666,0.0,0.009999999776482582,5.345047950744629,0.620721161365509,0.006207211408764124,5,6,30
6959,2875,3666,0.0,0.009999999776482582,5.345047950744629,0.620721161365509,0.006207211408764124,5,6,30
6960,2875,3508,0.0,0.009999999776482582,3.0689399242401123,0.29556283354759216,0.002955628326162696,5,4,20
6961,3508,3837,0.0,0.009999999776482582,5.405207633972168,0.6293153762817383,0.006293153390288353,5,6,30
6962,2876,3726,0.0,0.009999999776482582,2.122671604156494,0.16038165986537933,0.0016038165194913745,5,3,15
6963,2876,2877,0.0,0.009999999776482582,1.7466027736663818,0.10665754228830338,0.0010665754089131951,5,2,10
6964,2877,2878,0.0,0.009999999776482582,1.7466027736663818,0.10665754228830338,0.0010665754089131951,5,2,10
6965,2878,2879,0.0,0.009999999776482582,1.232408046722412,0.033201150596141815,0.00033201149199157953,5,2,10
6966,2879,3726,0.0,0.009999999776482582,2.122671604156494,0.16038165986537933,0.0016038165194913745,5,3,15
6967,3428,3690,0.5,0.5049999952316284,2.6355907917022705,0.23365582525730133,0.11799619346857071,5,3,15
6968,3690,4726,0.0,0.009999999776482582,2.6355907917022705,0.23365582525730133,0.002336558187380433,5,3,15
6969,2880,2881,0.0,0.009999999776482582,1.626129150390625,0.089447021484375,0.0008944701985456049,5,2,10
6970,2881,2882,0.0,0.009999999776482582,1.7118425369262695,0.10169178992509842,0.001016917871311307,5,2,10
6971,2882,2883,0.0,0.009999999776482582,1.8786847591400146,0.12552639842033386,0.0012552639236673713,5,2,10
6972,2884,2885,0.0,0.009999999776482582,2.7419705390930176,0.24885293841362,0.002488529309630394,5,3,15
6973,2885,3429,0.0,0.009999999776482582,2.7419705390930176,0.24885293841362,0.002488529309630394,5,3,15
6974,2886,3429,0.0,0.009999999776482582,1.6975529193878174,0.09965042024850845,0.0009965042117983103,5,2,10
6975,2886,2887,0.0,0.009999999776482582,1.1002248525619507,0.014317835681140423,0.00014317836030386388,5,2,10
6976,2887,2888,0.0,0.009999999776482582,1.042615532875061,0.006087933201342821,6.087933070375584e-05,5,2,10
6977,2888,2889,0.0,0.009999999776482582,1.3032164573669434,0.043316636234521866,0.0004331663658376783,5,2,10
6978,2889,2890,0.0,0.009999999776482582,1.5698579549789429,0.08140827715396881,0.0008140827412717044,5,2,10
6979,2890,3429,0.0,0.009999999776482582,1.6975529193878174,0.09965042024850845,0.0009965042117983103,5,2,10
6980,2891,2892,0.0,0.009999999776482582,1.96647310256958,0.1380675882101059,0.0013806758215650916,5,2,10
6981,2892,2893,0.0,0.009999999776482582,1.4201856851577759,0.06002652645111084,0.0006002652226015925,5,2,10
6982,2893,2894,0.0,0.009999999776482582,1.4201856851577759,0.06002652645111084,0.0006002652226015925,5,2,10
6983,2894,2895,0.0,0.009999999776482582,1.3122451305389404,0.04460644721984863,0.00044606445590034127,5,2,10
6984,2895,3690,0.0,0.009999999776482582,2.6355907917022705,0.23365582525730133,0.002336558187380433,5,3,15
6985,3690,4926,0.0,0.009999999776482582,2.6355907917022705,0.23365582525730133,0.002336558187380433,5,3,15
6986,3865,4926,0.0,0.009999999776482582,3.146430492401123,0.306632936000824,0.0030663292855024338,5,4,20
6987,2896,3865,0.0,0.009999999776482582,3.146430492401123,0.306632936000824,0.0030663292855024338,5,4,20
6988,2896,2897,0.0,0.009999999776482582,2.638970375061035,0.234138622879982,0.0023413861636072397,5,3,15
6989,2897,3870,0.0,0.009999999776482582,2.638970375061035,0.234138622879982,0.0023413861636072397,5,3,15
6990,2898,3430,0.0,0.009999999776482582,1.1289266347885132,0.018418090417981148,0.000184180898941122,5,2,10
6991,2899,3430,0.0,0.009999999776482582,1.2459914684295654,0.03514163941144943,0.00035141638363711536,5,2,10
6992,2900,3431,0.0,0.009999999776482582,1.8737837076187134,0.12482624500989914,0.0012482624733820558,5,2,10
6993,2901,3431,0.0,0.009999999776482582,1.5479254722595215,0.07827506959438324,0.0007827506633475423,5,2,10
6994,2901,2902,0.0,0.009999999776482582,1.2279150485992432,0.03255929425358772,0.0003255929332226515,5,2,10
6995,2902,3431,0.0,0.009999999776482582,1.5479254722595215,0.07827506959438324,0.0007827506633475423,5,2,10
6996,2903,3431,0.0,0.009999999776482582,2.3928592205047607,0.19897988438606262,0.001989798853173852,5,3,15
6997,2904,2905,0.0,0.009999999776482582,2.461338520050049,0.20876264572143555,0.0020876263733953238,5,3,15
6998,2905,2906,0.0,0.009999999776482582,3.3103363513946533,0.3300480544567108,0.003300480544567108,5,4,20
6999,2906,3916,0.0,0.009999999776482582,3.3103363513946533,0.3300480544567108,0.003300480544567108,5,4,20
7000,2907,3763,0.0,0.009999999776482582,1.2761589288711548,0.039451275020837784,0.0003945127537008375,5,2,10
7001,2907,4730,0.0,0.009999999776482582,1.2708481550216675,0.038692593574523926,0.0003869259380735457,5,2,10
7002,4001,4730,0.0,0.009999999776482582,3.1007909774780273,0.3001129925251007,0.0030011299531906843,5,4,20
7003,2908,3964,0.0,0.009999999776482582,3.2888526916503906,0.3269789516925812,0.003269789507612586,5,4,20
7004,2908,5240,0.0,0.009999999776482582,2.8846435546875,0.2692348062992096,0.002692348090931773,5,3,15
7005,3964,5240,0.0,0.009999999776482582,3.2888526916503906,0.3269789516925812,0.003269789507612586,5,4,20
7006,2909,3513,0.0,0.009999999776482582,2.6703426837921143,0.23862038552761078,0.002386203734204173,5,3,15
7007,2909,4732,0.0,0.009999999776482582,2.6703426837921143,0.23862038552761078,0.002386203734204173,5,3,15
7008,2910,4732,0.0,0.009999999776482582,2.161560297012329,0.16593718528747559,0.001659371773712337,5,3,15
7009,2911,3500,0.0,0.009999999776482582,2.3704471588134766,0.19577816128730774,0.0019577816128730774,5,3,15
7010,2911,3907,0.0,0.009999999776482582,2.1482560634613037,0.1640365868806839,0.0016403658082708716,5,3,15
7011,3506,3907,0.0,0.009999999776482582,4.62693452835083,0.5181335210800171,0.005181334912776947,5,5,25
7012,2912,3736,0.0,0.009999999776482582,2.3589158058166504,0.1941308230161667,0.0019413081463426352,5,3,15
7013,2912,5241,0.0,0.009999999776482582,1.8032125234603882,0.1147446483373642,0.0011474464554339647,5,2,10
7014,3736,5241,0.0,0.009999999776482582,2.3589158058166504,0.1941308230161667,0.0019413081463426352,5,3,15
7015,3432,5242,0.0,0.009999999776482582,2.757847785949707,0.2511211037635803,0.002511210972443223,5,3,15
7016,3432,4733,0.0,0.009999999776482582,2.757847785949707,0.2511211037635803,0.002511210972443223,5,3,15
7017,3846,4733,0.0,0.009999999776482582,2.943727493286133,0.2776753604412079,0.0027767536230385303,5,3,15
7018,2913,3846,0.0,0.009999999776482582,2.943727493286133,0.2776753604412079,0.0027767536230385303,5,3,15
7019,2913,5242,0.0,0.009999999776482582,1.8925658464431763,0.12750940024852753,0.0012750939931720495,5,2,10
7020,4734,5242,0.0,0.009999999776482582,1.9337754249572754,0.13339649140834808,0.001333964872173965,5,2,10
7021,4121,4734,0.0,0.009999999776482582,1.9337754249572754,0.13339649140834808,0.001333964872173965,5,2,10
7022,2914,3846,0.0,0.009999999776482582,2.943727493286133,0.2776753604412079,0.0027767536230385303,5,3,15
7023,2914,5242,0.0,0.009999999776482582,2.7030420303344727,0.2432917207479477,0.00243291724473238,5,3,15
7024,3846,5242,0.0,0.009999999776482582,2.943727493286133,0.2776753604412079,0.0027767536230385303,5,3,15
7025,2915,3936,0.0,0.009999999776482582,1.3723715543746948,0.05319593474268913,0.0005319593474268913,5,2,10
7026,2915,2916,0.0,0.009999999776482582,1.276024580001831,0.03943208232522011,0.00039432081393897533,5,2,10
7027,2916,3936,0.0,0.009999999776482582,1.3723715543746948,0.05319593474268913,0.0005319593474268913,5,2,10
7028,3779,4736,0.0,0.009999999776482582,2.6623306274414062,0.23747579753398895,0.0023747580125927925,5,3,15
7029,2917,4736,0.0,0.009999999776482582,1.5435147285461426,0.0776449590921402,0.0007764495676383376,5,2,10
7030,2917,4466,0.0,0.009999999776482582,2.4221317768096924,0.20316168665885925,0.0020316168665885925,5,3,15
7031,3593,3793,0.0,0.009999999776482582,7.000628471374512,0.8572326302528381,0.00857232604175806,5,8,40
7032,3974,4246,0.0,0.009999999776482582,6.832657337188721,0.8332367539405823,0.008332367055118084,5,7,35
7033,4246,4290,0.0,0.009999999776482582,2.3023204803466797,0.1860457807779312,0.0018604578217491508,5,3,15
7034,4289,4290,0.0,0.009999999776482582,2.3023204803466797,0.1860457807779312,0.0018604578217491508,5,3,15
7035,3477,4289,0.5,0.5049999952316284,7.005972385406494,0.8579960465431213,0.43328800797462463,5,8,40
7036,3477,4290,0.5,0.5049999952316284,7.005972385406494,0.8579960465431213,0.43328800797462463,5,8,40
7037,4203,4290,0.0,0.009999999776482582,2.3023204803466797,0.1860457807779312,0.0018604578217491508,5,3,15
7038,3477,4203,0.0,0.009999999776482582,7.005972385406494,0.8579960465431213,0.008579960092902184,5,8,40
7039,3974,4206,0.0,0.009999999776482582,6.832657337188721,0.8332367539405823,0.008332367055118084,5,7,35
7040,3974,4289,0.0,0.009999999776482582,6.832657337188721,0.8332367539405823,0.008332367055118084,5,7,35
7041,2918,4735,0.0,0.009999999776482582,2.35280179977417,0.1932574063539505,0.0019325739704072475,5,3,15
7042,2918,2919,0.0,0.009999999776482582,2.28114914894104,0.18302130699157715,0.0018302130047231913,5,3,15
7043,2919,4735,0.0,0.009999999776482582,2.35280179977417,0.1932574063539505,0.0019325739704072475,5,3,15
7044,4185,4289,0.0,0.009999999776482582,2.042573928833008,0.1489391326904297,0.0014893913175910711,5,3,15
7045,3804,4289,0.0,0.009999999776482582,2.042573928833008,0.1489391326904297,0.0014893913175910711,5,3,15
7046,3779,3956,0.0,0.009999999776482582,2.6623306274414062,0.23747579753398895,0.0023747580125927925,5,3,15
7047,2920,3956,0.0,0.009999999776482582,1.980286955833435,0.14004099369049072,0.0014004098484292626,5,2,10
7048,2920,3941,0.0,0.009999999776482582,1.980286955833435,0.14004099369049072,0.0014004098484292626,5,2,10
7049,2921,3477,0.0,0.009999999776482582,7.005972385406494,0.8579960465431213,0.008579960092902184,5,8,40
7050,2921,4293,0.0,0.009999999776482582,1.9992491006851196,0.1427498757839203,0.0014274987624958158,5,2,10
7051,3477,4791,0.0,0.009999999776482582,7.005972385406494,0.8579960465431213,0.008579960092902184,5,8,40
7052,4189,4791,0.0,0.009999999776482582,1.9992789030075073,0.14275412261486053,0.0014275411376729608,5,2,10
7053,3477,4189,0.0,0.009999999776482582,7.005972385406494,0.8579960465431213,0.008579960092902184,5,8,40
7054,3477,4188,0.0,0.009999999776482582,7.005972385406494,0.8579960465431213,0.008579960092902184,5,8,40
7055,4188,4531,0.0,0.009999999776482582,1.9850221872329712,0.14071746170520782,0.001407174626365304,5,2,10
7056,3477,4531,0.0,0.009999999776482582,7.005972385406494,0.8579960465431213,0.008579960092902184,5,8,40
7057,3477,4185,0.0,0.009999999776482582,7.005972385406494,0.8579960465431213,0.008579960092902184,5,8,40
7058,4185,4188,0.0,0.009999999776482582,1.9926495552062988,0.14180707931518555,0.0014180707512423396,5,2,10
7059,2922,4247,0.0,0.009999999776482582,2.0013339519500732,0.14304770529270172,0.0014304770156741142,5,3,15
7060,2922,4791,0.0,0.009999999776482582,1.9992789030075073,0.14275412261486053,0.0014275411376729608,5,2,10
7061,2923,4027,0.0,0.009999999776482582,1.895275592803955,0.1278965175151825,0.0012789651518687606,5,2,10
7062,2923,4206,0.0,0.009999999776482582,1.9953956604003906,0.14219938218593597,0.0014219938311725855,5,2,10
7063,3804,4206,0.0,0.009999999776482582,1.9953956604003906,0.14219938218593597,0.0014219938311725855,5,2,10
7064,4205,4292,0.0,0.009999999776482582,4.139744281768799,0.44853490591049194,0.004485349170863628,5,5,25
7065,2924,4292,0.0,0.009999999776482582,1.9996463060379028,0.14280661940574646,0.0014280661707744002,5,2,10
7066,2924,3814,0.0,0.009999999776482582,4.510677337646484,0.501525342464447,0.005015253089368343,5,5,25
7067,3765,4199,0.0,0.009999999776482582,3.009035110473633,0.2870050072669983,0.002870050026103854,5,4,20
7068,2925,3765,0.0,0.009999999776482582,1.9995180368423462,0.14278829097747803,0.0014278829330578446,5,2,10
7069,2925,3593,0.0,0.009999999776482582,7.000628471374512,0.8572326302528381,0.00857232604175806,5,8,40
7070,4186,4202,0.0,0.009999999776482582,1.989200234413147,0.1413143128156662,0.0014131431235000491,5,2,10
7071,4202,4286,0.0,0.009999999776482582,2.0676844120025635,0.1525263488292694,0.001525263418443501,5,3,15
7072,3477,4286,0.0,0.009999999776482582,7.005972385406494,0.8579960465431213,0.008579960092902184,5,8,40
7073,2926,3477,0.0,0.009999999776482582,7.005972385406494,0.8579960465431213,0.008579960092902184,5,8,40
7074,2926,4293,0.0,0.009999999776482582,1.9992491006851196,0.1427498757839203,0.0014274987624958158,5,2,10
7075,2927,4293,0.0,0.009999999776482582,1.9992491006851196,0.1427498757839203,0.0014274987624958158,5,2,10
7076,2927,3477,0.0,0.009999999776482582,7.005972385406494,0.8579960465431213,0.008579960092902184,5,8,40
7077,4248,4289,0.0,0.009999999776482582,2.042573928833008,0.1489391326904297,0.0014893913175910711,5,3,15
7078,3477,4248,0.0,0.009999999776482582,7.005972385406494,0.8579960465431213,0.008579960092902184,5,8,40
7079,3974,4202,0.0,0.009999999776482582,6.832657337188721,0.8332367539405823,0.008332367055118084,5,7,35
7080,3974,4248,0.0,0.009999999776482582,6.832657337188721,0.8332367539405823,0.008332367055118084,5,7,35
7081,3880,4290,0.0,0.009999999776482582,2.3023204803466797,0.1860457807779312,0.0018604578217491508,5,3,15
7082,4189,4286,0.0,0.009999999776482582,2.0676844120025635,0.1525263488292694,0.001525263418443501,5,3,15
7083,3804,4286,0.0,0.009999999776482582,2.0676844120025635,0.1525263488292694,0.001525263418443501,5,3,15
7084,3804,4292,0.0,0.009999999776482582,1.9996463060379028,0.14280661940574646,0.0014280661707744002,5,2,10
7085,2928,4292,0.0,0.009999999776482582,1.9996463060379028,0.14280661940574646,0.0014280661707744002,5,2,10
7086,2928,3477,0.0,0.009999999776482582,7.005972385406494,0.8579960465431213,0.008579960092902184,5,8,40
7087,3880,4038,0.0,0.009999999776482582,2.164698839187622,0.16638554632663727,0.0016638553934171796,5,3,15
7088,3825,4292,0.0,0.009999999776482582,1.9996463060379028,0.14280661940574646,0.0014280661707744002,5,2,10
7089,4185,4292,0.0,0.009999999776482582,1.9996463060379028,0.14280661940574646,0.0014280661707744002,5,2,10
7090,3974,4185,0.0,0.009999999776482582,6.832657337188721,0.8332367539405823,0.008332367055118084,5,7,35
7091,4728,4751,0.9999998807907104,0.9999998807907104,2.7138843536376953,0.2448406219482422,0.2448405921459198,5,3,15
7092,4738,4740,0.0,0.009999999776482582,3.0474328994750977,0.2924904227256775,0.002924904227256775,5,4,20
7093,4738,4755,0.0,0.009999999776482582,2.6554770469665527,0.2364967167377472,0.00236496701836586,5,3,15
7094,4728,4755,0.5,0.5049999952316284,2.7138843536376953,0.2448406219482422,0.12364451587200165,5,3,15
7095,4739,4743,0.0,0.009999999776482582,3.454153299331665,0.35059332847595215,0.0035059330984950066,5,4,20
7096,4743,4755,0.5,0.5049999952316284,2.6554770469665527,0.2364967167377472,0.11943084001541138,5,3,15
7097,4755,5243,0.5,0.5049999952316284,2.6554770469665527,0.2364967167377472,0.11943084001541138,5,3,15
7098,4739,5243,0.0,0.009999999776482582,3.454153299331665,0.35059332847595215,0.0035059330984950066,5,4,20
7099,4728,4833,0.9999998807907104,0.9999998807907104,2.840679168701172,0.2629541754722595,0.26295414566993713,5,3,15
7100,4756,4833,0.9999998807907104,0.9999998807907104,2.840679168701172,0.2629541754722595,0.26295414566993713,5,3,15
7101,4744,4756,0.0,0.009999999776482582,2.5293774604797363,0.21848249435424805,0.002184824785217643,5,3,15
7102,4744,5243,0.5,0.5049999952316284,2.1605007648468018,0.16578581929206848,0.0837218388915062,5,3,15
7103,4735,5243,0.0,0.009999999776482582,2.35280179977417,0.1932574063539505,0.0019325739704072475,5,3,15
7104,4728,4757,0.0,0.009999999776482582,2.7138843536376953,0.2448406219482422,0.00244840607047081,5,3,15
7105,4757,4758,0.5,0.5049999952316284,1.9088327884674072,0.12983325123786926,0.0655657947063446,5,2,10
7106,4752,4758,0.0,0.009999999776482582,2.3217835426330566,0.18882621824741364,0.0018882621079683304,5,3,15
7107,4752,4755,0.0,0.009999999776482582,2.6554770469665527,0.2364967167377472,0.00236496701836586,5,3,15
7108,3433,4755,0.0,0.009999999776482582,2.6554770469665527,0.2364967167377472,0.00236496701836586,5,3,15
7109,3433,4728,0.5,0.5049999952316284,2.7138843536376953,0.2448406219482422,0.12364451587200165,5,3,15
7110,4741,4757,0.9999998807907104,0.9999998807907104,2.7872681617736816,0.25532403588294983,0.25532400608062744,5,3,15
7111,4757,5244,0.0,0.009999999776482582,3.010859489440918,0.2872656285762787,0.0028726563323289156,5,4,20
7112,4739,5244,0.0,0.009999999776482582,3.454153299331665,0.35059332847595215,0.0035059330984950066,5,4,20
7113,4728,4754,0.9999998807907104,0.9999998807907104,2.7138843536376953,0.2448406219482422,0.2448405921459198,5,3,15
7114,4754,5245,0.9999998807907104,0.9999998807907104,2.197021484375,0.1710030734539032,0.171003058552742,5,3,15
7115,5243,5245,0.0,0.009999999776482582,2.0726895332336426,0.153241366147995,0.0015324136475101113,5,3,15
7116,4737,5243,0.0,0.009999999776482582,1.8904449939727783,0.12720642983913422,0.0012720642844215035,5,2,10
7117,4741,4752,0.5,0.5049999952316284,2.7872681617736816,0.25532403588294983,0.12893863022327423,5,3,15
7118,4752,4756,0.0,0.009999999776482582,2.5293774604797363,0.21848249435424805,0.002184824785217643,5,3,15
7119,4756,5244,0.5,0.5049999952316284,3.010859489440918,0.2872656285762787,0.14506913721561432,5,4,20
7120,4741,5244,0.0,0.009999999776482582,3.010859489440918,0.2872656285762787,0.0028726563323289156,5,4,20
7121,4741,4751,0.0,0.009999999776482582,2.7872681617736816,0.25532403588294983,0.0025532403960824013,5,3,15
7122,4751,4833,0.0,0.009999999776482582,2.840679168701172,0.2629541754722595,0.002629541791975498,5,3,15
7123,5244,5245,0.9999998807907104,0.9999998807907104,3.010859489440918,0.2872656285762787,0.2872655987739563,5,4,20
7124,4755,5245,0.0,0.009999999776482582,2.6554770469665527,0.2364967167377472,0.00236496701836586,5,3,15
7125,4755,4833,0.9999998807907104,0.9999998807907104,2.840679168701172,0.2629541754722595,0.26295414566993713,5,3,15
7126,4741,5245,0.5,0.5049999952316284,2.7872681617736816,0.25532403588294983,0.12893863022327423,5,3,15
7127,3433,5245,0.0,0.009999999776482582,2.4976630210876465,0.21395185589790344,0.00213951850309968,5,3,15
7128,4728,4750,0.0,0.009999999776482582,2.7138843536376953,0.2448406219482422,0.00244840607047081,5,3,15
7129,4745,4750,0.5,0.5049999952316284,1.7716063261032104,0.1102294772863388,0.05566588416695595,5,2,10
7130,4728,4745,0.9999998807907104,0.9999998807907104,2.7138843536376953,0.2448406219482422,0.2448405921459198,5,3,15
7131,4741,4755,0.0,0.009999999776482582,2.7872681617736816,0.25532403588294983,0.0025532403960824013,5,3,15
7132,4728,5244,0.9999998807907104,0.9999998807907104,3.010859489440918,0.2872656285762787,0.2872655987739563,5,4,20
7133,4737,5245,0.0,0.009999999776482582,2.0726895332336426,0.153241366147995,0.0015324136475101113,5,3,15
7134,4739,4750,0.0,0.009999999776482582,3.454153299331665,0.35059332847595215,0.0035059330984950066,5,4,20
7135,4743,4750,0.0,0.009999999776482582,2.1514086723327637,0.16448695957660675,0.0016448695678263903,5,3,15
7136,4728,4743,0.5,0.5049999952316284,2.7138843536376953,0.2448406219482422,0.12364451587200165,5,3,15
7137,4741,4758,0.0,0.009999999776482582,2.7872681617736816,0.25532403588294983,0.0025532403960824013,5,3,15
7138,4758,5245,0.0,0.009999999776482582,2.0726895332336426,0.153241366147995,0.0015324136475101113,5,3,15
7139,4728,5245,0.9999998807907104,0.9999998807907104,2.7138843536376953,0.2448406219482422,0.2448405921459198,5,3,15
7140,4728,4758,0.5,0.5049999952316284,2.7138843536376953,0.2448406219482422,0.12364451587200165,5,3,15
7141,4758,5246,0.0,0.009999999776482582,2.7082386016845703,0.244034081697464,0.00244034081697464,5,3,15
7142,4728,5246,0.9999998807907104,0.9999998807907104,2.7138843536376953,0.2448406219482422,0.2448405921459198,5,3,15
7143,4728,4738,0.5,0.5049999952316284,2.7138843536376953,0.2448406219482422,0.12364451587200165,5,3,15
7144,4738,4751,0.5,0.5049999952316284,2.3497486114501953,0.19282123446464539,0.09737472236156464,5,3,15
7145,4749,5246,0.0,0.009999999776482582,2.7082386016845703,0.244034081697464,0.00244034081697464,5,3,15
7146,4728,4749,0.0,0.009999999776482582,2.7138843536376953,0.2448406219482422,0.00244840607047081,5,3,15
7147,2929,4728,0.0,0.009999999776482582,2.7138843536376953,0.2448406219482422,0.00244840607047081,5,3,15
7148,2929,4757,0.0,0.009999999776482582,1.9088327884674072,0.12983325123786926,0.0012983324704691768,5,2,10
7149,4746,4757,0.0,0.009999999776482582,1.9088327884674072,0.12983325123786926,0.0012983324704691768,5,2,10
7150,4741,4746,0.0,0.009999999776482582,2.7872681617736816,0.25532403588294983,0.0025532403960824013,5,3,15
7151,4728,4747,0.9999998807907104,0.9999998807907104,2.7138843536376953,0.2448406219482422,0.2448405921459198,5,3,15
7152,4747,5244,0.0,0.009999999776482582,3.010859489440918,0.2872656285762787,0.0028726563323289156,5,4,20
7153,4728,4748,0.0,0.009999999776482582,2.9073009490966797,0.2724715769290924,0.002724715741351247,5,3,15
7154,4748,4751,0.0,0.009999999776482582,2.9073009490966797,0.2724715769290924,0.002724715741351247,5,3,15
7155,4742,4751,0.5,0.5049999952316284,2.2981529235839844,0.18545041978359222,0.09365246444940567,5,3,15
7156,4728,4742,0.0,0.009999999776482582,2.7138843536376953,0.2448406219482422,0.00244840607047081,5,3,15
7157,4749,4750,0.0,0.009999999776482582,1.7938352823257446,0.11340504139661789,0.0011340504279360175,5,2,10
7158,4750,4758,0.5,0.5049999952316284,1.7716063261032104,0.1102294772863388,0.05566588416695595,5,2,10
7159,4728,4752,0.0,0.009999999776482582,2.7138843536376953,0.2448406219482422,0.00244840607047081,5,3,15
7160,4750,4752,0.0,0.009999999776482582,2.3217835426330566,0.18882621824741364,0.0018882621079683304,5,3,15
7161,4745,4758,0.0,0.009999999776482582,1.555341124534607,0.07933444529771805,0.0007933444576337934,5,2,10
7162,4747,4752,0.0,0.009999999776482582,2.3217835426330566,0.18882621824741364,0.0018882621079683304,5,3,15
7163,4728,4744,0.0,0.009999999776482582,2.7138843536376953,0.2448406219482422,0.00244840607047081,5,3,15
7164,4738,5243,0.5,0.5049999952316284,2.3497486114501953,0.19282123446464539,0.09737472236156464,5,3,15
7165,4738,4742,0.5,0.5049999952316284,2.3497486114501953,0.19282123446464539,0.09737472236156464,5,3,15
7166,4737,4742,0.0,0.009999999776482582,2.286496877670288,0.18378527462482452,0.0018378527602180839,5,3,15
7167,4743,5244,0.0,0.009999999776482582,3.010859489440918,0.2872656285762787,0.0028726563323289156,5,4,20
7168,4739,4748,0.0,0.009999999776482582,3.454153299331665,0.35059332847595215,0.0035059330984950066,5,4,20
7169,4748,4754,0.0,0.009999999776482582,2.9073009490966797,0.2724715769290924,0.002724715741351247,5,3,15
7170,4739,4754,0.0,0.009999999776482582,3.454153299331665,0.35059332847595215,0.0035059330984950066,5,4,20
7171,4747,5246,0.0,0.009999999776482582,2.7082386016845703,0.244034081697464,0.00244034081697464,5,3,15
7172,5245,5246,0.0,0.009999999776482582,2.7082386016845703,0.244034081697464,0.00244034081697464,5,3,15
7173,4747,4759,0.0,0.009999999776482582,1.851933240890503,0.12170474976301193,0.0012170474510639906,5,2,10
7174,4759,5245,0.0,0.009999999776482582,2.0726895332336426,0.153241366147995,0.0015324136475101113,5,3,15
7175,4755,5244,0.0,0.009999999776482582,3.010859489440918,0.2872656285762787,0.0028726563323289156,5,4,20
7176,4755,4756,0.5,0.5049999952316284,2.6554770469665527,0.2364967167377472,0.11943084001541138,5,3,15
7177,4728,4756,0.9999998807907104,0.9999998807907104,2.7138843536376953,0.2448406219482422,0.2448405921459198,5,3,15
7178,4744,4751,0.0,0.009999999776482582,2.2981529235839844,0.18545041978359222,0.0018545041093602777,5,3,15
7179,2930,2931,0.0,0.009999999776482582,1.2426189184188843,0.034659843891859055,0.00034659841912798584,5,2,10
7180,2931,2932,0.0,0.009999999776482582,1.3329312801361084,0.047561611980199814,0.00047561610699631274,5,2,10
7181,2932,2933,0.0,0.009999999776482582,3.2629799842834473,0.3232828676700592,0.003232828574255109,5,4,20
7182,2933,2934,0.0,0.009999999776482582,3.2629799842834473,0.3232828676700592,0.003232828574255109,5,4,20
7183,2934,4255,0.0,0.009999999776482582,1.0345815420150757,0.004940220154821873,4.9402198783354834e-05,5,2,10
7184,2935,4228,0.0,0.009999999776482582,3.2045412063598633,0.31493446230888367,0.0031493445858359337,5,4,20
7185,2935,2936,0.0,0.009999999776482582,1.519558072090149,0.07422257959842682,0.0007422257913276553,5,2,10
7186,2936,2937,0.0,0.009999999776482582,1.2726260423660278,0.03894657641649246,0.0003894657420460135,5,2,10
7187,2937,5247,0.0,0.009999999776482582,1.4288709163665771,0.06126727536320686,0.0006126727676019073,5,2,10
7188,2938,5247,0.0,0.009999999776482582,1.600274920463562,0.08575356006622314,0.0008575355750508606,5,2,10
7189,2938,2939,0.0,0.009999999776482582,1.600274920463562,0.08575356006622314,0.0008575355750508606,5,2,10
7190,2939,2940,0.0,0.009999999776482582,1.1331595182418823,0.019022788852453232,0.00019022788910660893,5,2,10
7191,2940,2941,0.0,0.009999999776482582,1.0975929498672485,0.013941849581897259,0.00013941849465481937,5,2,10
7192,2942,3713,0.0,0.009999999776482582,1.9553420543670654,0.13647744059562683,0.001364774419926107,5,2,10
7193,2942,4246,0.0,0.009999999776482582,2.0301833152770996,0.14716903865337372,0.0014716903679072857,5,3,15
7194,4205,4246,0.0,0.009999999776482582,4.139744281768799,0.44853490591049194,0.004485349170863628,5,5,25
7195,4754,4833,0.0,0.009999999776482582,2.840679168701172,0.2629541754722595,0.002629541791975498,5,3,15
7196,4745,5244,0.0,0.009999999776482582,3.010859489440918,0.2872656285762787,0.0028726563323289156,5,4,20
7197,4739,4745,0.0,0.009999999776482582,3.454153299331665,0.35059332847595215,0.0035059330984950066,5,4,20
7198,4728,5243,0.5,0.5049999952316284,2.7138843536376953,0.2448406219482422,0.12364451587200165,5,3,15
7199,4750,4757,0.0,0.009999999776482582,1.9088327884674072,0.12983325123786926,0.0012983324704691768,5,2,10
7200,4746,4758,0.0,0.009999999776482582,1.8154008388519287,0.1164858341217041,0.0011648583458736539,5,2,10
7201,4739,4758,0.0,0.009999999776482582,3.454153299331665,0.35059332847595215,0.0035059330984950066,5,4,20
7202,4739,4759,0.0,0.009999999776482582,3.454153299331665,0.35059332847595215,0.0035059330984950066,5,4,20
7203,4759,5244,0.0,0.009999999776482582,3.010859489440918,0.2872656285762787,0.0028726563323289156,5,4,20
7204,4752,4754,0.0,0.009999999776482582,2.3217835426330566,0.18882621824741364,0.0018882621079683304,5,3,15
7205,5243,5246,0.0,0.009999999776482582,2.7082386016845703,0.244034081697464,0.00244034081697464,5,3,15
7206,4744,4833,0.0,0.009999999776482582,2.840679168701172,0.2629541754722595,0.002629541791975498,5,3,15
7207,4738,4744,0.0,0.009999999776482582,2.3497486114501953,0.19282123446464539,0.0019282123539596796,5,3,15
7208,4738,5248,0.0,0.009999999776482582,2.3497486114501953,0.19282123446464539,0.0019282123539596796,5,3,15
7209,4755,5248,0.5,0.5049999952316284,2.6554770469665527,0.2364967167377472,0.11943084001541138,5,3,15
7210,4833,5243,0.5,0.5049999952316284,2.840679168701172,0.2629541754722595,0.13279186189174652,5,3,15
7211,4742,4744,0.0,0.009999999776482582,2.286496877670288,0.18378527462482452,0.0018378527602180839,5,3,15
7212,4833,5244,0.0,0.009999999776482582,3.010859489440918,0.2872656285762787,0.0028726563323289156,5,4,20
7213,4743,4754,0.0,0.009999999776482582,2.197021484375,0.1710030734539032,0.0017100307159125805,5,3,15
7214,4741,4750,0.0,0.009999999776482582,2.7872681617736816,0.25532403588294983,0.0025532403960824013,5,3,15
7215,3434,4750,0.0,0.009999999776482582,1.7814778089523315,0.11163968592882156,0.0011163968592882156,5,2,10
7216,3434,4728,0.0,0.009999999776482582,2.7138843536376953,0.2448406219482422,0.00244840607047081,5,3,15
7217,4745,4755,0.0,0.009999999776482582,2.6554770469665527,0.2364967167377472,0.00236496701836586,5,3,15
7218,4728,5248,0.5,0.5049999952316284,2.7138843536376953,0.2448406219482422,0.12364451587200165,5,3,15
7219,4741,4754,0.0,0.009999999776482582,2.7872681617736816,0.25532403588294983,0.0025532403960824013,5,3,15
7220,4754,5246,0.0,0.009999999776482582,2.7082386016845703,0.244034081697464,0.00244034081697464,5,3,15
7221,4833,5245,0.0,0.009999999776482582,2.840679168701172,0.2629541754722595,0.002629541791975498,5,3,15
7222,4728,4746,0.0,0.009999999776482582,2.7138843536376953,0.2448406219482422,0.00244840607047081,5,3,15
7223,4745,4746,0.0,0.009999999776482582,1.8154008388519287,0.1164858341217041,0.0011648583458736539,5,2,10
7224,4745,5243,0.0,0.009999999776482582,1.8904449939727783,0.12720642983913422,0.0012720642844215035,5,2,10
7225,4751,4756,0.0,0.009999999776482582,2.5293774604797363,0.21848249435424805,0.002184824785217643,5,3,15
7226,4740,4742,0.0,0.009999999776482582,3.0474328994750977,0.2924904227256775,0.002924904227256775,5,4,20
7227,4739,4756,0.0,0.009999999776482582,3.454153299331665,0.35059332847595215,0.0035059330984950066,5,4,20
7228,4739,4751,0.0,0.009999999776482582,3.454153299331665,0.35059332847595215,0.0035059330984950066,5,4,20
7229,4751,5243,0.0,0.009999999776482582,2.2981529235839844,0.18545041978359222,0.0018545041093602777,5,3,15
7230,4739,4747,0.0,0.009999999776482582,3.454153299331665,0.35059332847595215,0.0035059330984950066,5,4,20
7231,3434,4747,0.0,0.009999999776482582,1.851933240890503,0.12170474976301193,0.0012170474510639906,5,2,10
7232,3434,4748,0.0,0.009999999776482582,2.9073009490966797,0.2724715769290924,0.002724715741351247,5,3,15
7233,4739,5246,0.0,0.009999999776482582,3.454153299331665,0.35059332847595215,0.0035059330984950066,5,4,20
7234,4743,5246,0.0,0.009999999776482582,2.7082386016845703,0.244034081697464,0.00244034081697464,5,3,15
7235,2943,4032,0.0,0.009999999776482582,1.9093097448349,0.12990139424800873,0.0012990139657631516,5,2,10
7236,2943,4013,0.0,0.009999999776482582,1.9038885831832886,0.12912693619728088,0.001291269320063293,5,2,10
7237,4013,4032,0.0,0.009999999776482582,1.9093097448349,0.12990139424800873,0.0012990139657631516,5,2,10
7238,2944,3463,0.0,0.009999999776482582,1.5853307247161865,0.08361867815256119,0.0008361867512576282,5,2,10
7239,2944,2945,0.0,0.009999999776482582,1.383528232574463,0.054789748042821884,0.0005478974780999124,5,2,10
7240,2945,2946,0.0,0.009999999776482582,1.3776189088821411,0.05394556000828743,0.0005394555628299713,5,2,10
7241,2084,4834,0.0,0.009999999776482582,1.7380399703979492,0.10543428361415863,0.0010543428361415863,5,2,10
7242,4035,4834,0.0,0.009999999776482582,3.2193410396575928,0.31704872846603394,0.0031704872380942106,5,4,20
7243,3652,4035,0.0,0.009999999776482582,3.2193410396575928,0.31704872846603394,0.0031704872380942106,5,4,20
7244,2947,4218,0.0,0.009999999776482582,2.1808714866638184,0.16869592666625977,0.001686959178186953,5,3,15
7245,2947,2948,0.0,0.009999999776482582,1.3500233888626099,0.05000334233045578,0.00050003343494609,5,2,10
7246,2948,4808,0.0,0.009999999776482582,2.641127109527588,0.23444673418998718,0.0023444672115147114,5,3,15
7247,4697,4872,0.5,0.5049999952316284,4.547475814819336,0.5067822337150574,0.2559250295162201,5,5,25
7248,2949,4697,0.0,0.009999999776482582,2.36478853225708,0.1949697881937027,0.0019496978493407369,5,3,15
7249,2949,4218,0.0,0.009999999776482582,2.36478853225708,0.1949697881937027,0.0019496978493407369,5,3,15
7250,3631,4123,0.0,0.009999999776482582,3.086937427520752,0.298133909702301,0.0029813391156494617,5,4,20
7251,4102,4218,0.0,0.009999999776482582,2.452547788619995,0.20750682055950165,0.002075068186968565,5,3,15
7252,3479,4349,0.0,0.009999999776482582,2.558157444000244,0.22259391844272614,0.0022259391844272614,5,3,15
7253,4349,4378,0.0,0.009999999776482582,2.6299681663513184,0.23285259306430817,0.0023285257630050182,5,3,15
7254,2950,4378,0.0,0.009999999776482582,2.6299681663513184,0.23285259306430817,0.0023285257630050182,5,3,15
7255,2951,4378,0.0,0.009999999776482582,2.6299681663513184,0.23285259306430817,0.0023285257630050182,5,3,15
7256,2951,2952,0.0,0.009999999776482582,1.3785868883132935,0.054083842784166336,0.0005408384022302926,5,2,10
7257,2952,2953,0.0,0.009999999776482582,1.5534130334854126,0.07905900478363037,0.0007905900129117072,5,2,10
7258,2954,2955,0.0,0.009999999776482582,2.3788509368896484,0.19697870314121246,0.001969787059351802,5,3,15
7259,2955,2956,0.0,0.009999999776482582,1.441318392753601,0.06304548680782318,0.0006304548587650061,5,2,10
7260,2956,2957,0.0,0.009999999776482582,1.473398208618164,0.06762831658124924,0.0006762831471860409,5,2,10
7261,2957,2958,0.0,0.009999999776482582,1.473398208618164,0.06762831658124924,0.0006762831471860409,5,2,10
7262,2958,3464,0.0,0.009999999776482582,1.3330103158950806,0.04757290333509445,0.00047572902985848486,5,2,10
7263,2959,3504,0.0,0.009999999776482582,2.6543467044830322,0.23633524775505066,0.0023633523378521204,5,3,15
7264,2959,2960,0.0,0.009999999776482582,1.922869086265564,0.13183844089508057,0.0013183844275772572,5,2,10
7265,2960,4707,0.0,0.009999999776482582,2.0958685874938965,0.15655265748500824,0.001565526588819921,5,3,15
7266,2084,3767,0.0,0.009999999776482582,2.6315231323242188,0.23307473957538605,0.0023307474330067635,5,3,15
7267,3435,3767,0.0,0.009999999776482582,2.6315231323242188,0.23307473957538605,0.0023307474330067635,5,3,15
7268,2084,3435,0.0,0.009999999776482582,1.7380399703979492,0.10543428361415863,0.0010543428361415863,5,2,10
7269,3473,3582,0.0,0.009999999776482582,2.800828695297241,0.2572612464427948,0.0025726123712956905,5,3,15
7270,3582,4761,0.0,0.009999999776482582,2.446744918823242,0.20667783915996552,0.002066778251901269,5,3,15
7271,3659,4761,0.0,0.009999999776482582,2.446744918823242,0.20667783915996552,0.002066778251901269,5,3,15
7272,2961,2962,0.0,0.009999999776482582,1.9680843353271484,0.13829776644706726,0.0013829775853082538,5,2,10
7273,2962,2963,0.0,0.009999999776482582,1.9680843353271484,0.13829776644706726,0.0013829775853082538,5,2,10
7274,2963,2964,0.0,0.009999999776482582,2.591022253036499,0.2272888869047165,0.002272888785228133,5,3,15
7275,2964,2965,0.0,0.009999999776482582,2.591022253036499,0.2272888869047165,0.002272888785228133,5,3,15
7276,3436,3463,0.0,0.009999999776482582,1.5853307247161865,0.08361867815256119,0.0008361867512576282,5,2,10
7277,2966,3436,0.0,0.009999999776482582,1.2907419204711914,0.04153456166386604,0.0004153455956839025,5,2,10
7278,2966,2967,0.0,0.009999999776482582,1.3898262977600098,0.05568947270512581,0.000556894694454968,5,2,10
7279,2967,2968,0.0,0.009999999776482582,1.3898262977600098,0.05568947270512581,0.000556894694454968,5,2,10
7280,2968,2969,0.0,0.009999999776482582,2.457676649093628,0.20823952555656433,0.0020823951344937086,5,3,15
7281,2969,3855,0.0,0.009999999776482582,2.457676649093628,0.20823952555656433,0.0020823951344937086,5,3,15
7282,2970,3968,0.0,0.009999999776482582,2.039259910583496,0.14846570789813995,0.0014846570556983352,5,3,15
7283,2970,2971,0.0,0.009999999776482582,2.039259910583496,0.14846570789813995,0.0014846570556983352,5,3,15
7284,2971,3968,0.0,0.009999999776482582,1.7783067226409912,0.1111866757273674,0.0011118667898699641,5,2,10
7285,3887,4762,0.0,0.009999999776482582,4.032148361206055,0.4331640601158142,0.004331640433520079,5,5,25
7286,3605,4762,0.0,0.009999999776482582,1.9292373657226562,0.13274820148944855,0.0013274819357320666,5,2,10
7287,3605,3887,0.5,0.5049999952316284,4.032148361206055,0.4331640601158142,0.21874785423278809,5,5,25
7288,3887,3988,0.0,0.009999999776482582,4.032148361206055,0.4331640601158142,0.004331640433520079,5,5,25
7289,3605,3988,0.5,0.5049999952316284,2.364989995956421,0.1949985772371292,0.09847427904605865,5,3,15
7290,3458,3605,0.0,0.009999999776482582,4.615525722503662,0.5165036916732788,0.005165036767721176,5,5,25
7291,3458,3988,0.0,0.009999999776482582,4.615525722503662,0.5165036916732788,0.005165036767721176,5,5,25
7292,4216,4396,0.0,0.009999999776482582,4.5445876121521,0.5063696503639221,0.005063696298748255,5,5,25
7293,2972,3846,0.0,0.009999999776482582,2.943727493286133,0.2776753604412079,0.0027767536230385303,5,3,15
7294,2972,4217,0.0,0.009999999776482582,1.9532442092895508,0.13617774844169617,0.0013617774238809943,5,2,10
7295,3512,5249,0.0,0.009999999776482582,1.874722957611084,0.12496042251586914,0.0012496041599661112,5,2,10
7296,3846,5249,0.0,0.009999999776482582,2.943727493286133,0.2776753604412079,0.0027767536230385303,5,3,15
7297,2973,3846,0.0,0.009999999776482582,3.029365062713623,0.289909303188324,0.0028990928549319506,5,4,20
7298,2973,2974,0.0,0.009999999776482582,3.029365062713623,0.289909303188324,0.0028990928549319506,5,4,20
7299,2974,3846,0.0,0.009999999776482582,2.943727493286133,0.2776753604412079,0.0027767536230385303,5,3,15
7300,3846,4720,0.0,0.009999999776482582,2.943727493286133,0.2776753604412079,0.0027767536230385303,5,3,15
7301,2975,4720,0.0,0.009999999776482582,2.938904285430908,0.27698633074760437,0.0027698632329702377,5,3,15
7302,2975,3768,0.0,0.009999999776482582,1.6199114322662354,0.08855877816677094,0.0008855877676978707,5,2,10
7303,3768,4217,0.0,0.009999999776482582,1.902038812637329,0.12886269390583038,0.0012886269250884652,5,2,10
7304,3489,3652,0.0,0.009999999776482582,2.7842164039611816,0.25488805770874023,0.002548880409449339,5,3,15
7305,2976,3489,0.0,0.009999999776482582,2.7842164039611816,0.25488805770874023,0.002548880409449339,5,3,15
7306,2976,3806,0.0,0.009999999776482582,2.6093153953552246,0.22990219295024872,0.002299021929502487,5,3,15
7307,2084,4128,0.0,0.009999999776482582,1.7380399703979492,0.10543428361415863,0.0010543428361415863,5,2,10
7308,4128,4834,0.0,0.009999999776482582,1.7135813236236572,0.10194019228219986,0.00101940194144845,5,2,10
7309,2977,4181,0.0,0.009999999776482582,2.302846908569336,0.18612098693847656,0.0018612098647281528,5,3,15
7310,2977,2978,0.0,0.009999999776482582,1.3519684076309204,0.05028120055794716,0.0005028119776397943,5,2,10
7311,2978,3520,0.0,0.009999999776482582,3.8250794410705566,0.40358278155326843,0.004035827703773975,5,4,20
7312,2979,3487,0.0,0.009999999776482582,2.0668084621429443,0.15240120887756348,0.0015240120701491833,5,3,15
7313,2979,2980,0.0,0.009999999776482582,1.737684726715088,0.10538353025913239,0.0010538352653384209,5,2,10
7314,2980,3806,0.0,0.009999999776482582,2.597141742706299,0.22816310822963715,0.0022816311102360487,5,3,15
7315,2981,4760,0.0,0.009999999776482582,2.1059601306915283,0.15799430012702942,0.0015799429966136813,5,3,15
7316,2981,3437,0.0,0.009999999776482582,2.1059601306915283,0.15799430012702942,0.0015799429966136813,5,3,15
7317,3437,4760,0.5,0.5049999952316284,1.20565927028656,0.029379894956946373,0.014836846850812435,5,2,10
7318,4760,4761,0.0,0.009999999776482582,2.446744918823242,0.20667783915996552,0.002066778251901269,5,3,15
7319,2982,4761,0.0,0.009999999776482582,2.446744918823242,0.20667783915996552,0.002066778251901269,5,3,15
7320,2982,3437,0.0,0.009999999776482582,1.4858031272888184,0.06940044462680817,0.0006940044113434851,5,2,10
7321,3713,4189,0.0,0.009999999776482582,1.982775092124939,0.14039644598960876,0.0014039644738659263,5,2,10
7322,4038,4189,0.0,0.009999999776482582,1.982775092124939,0.14039644598960876,0.0014039644738659263,5,2,10
7323,4038,4204,0.0,0.009999999776482582,2.026674270629883,0.1466677486896515,0.001466677407734096,5,3,15
7324,3804,4247,0.0,0.009999999776482582,2.0013339519500732,0.14304770529270172,0.0014304770156741142,5,3,15
7325,4038,4286,0.0,0.009999999776482582,2.0676844120025635,0.1525263488292694,0.001525263418443501,5,3,15
7326,4245,4286,0.0,0.009999999776482582,2.0676844120025635,0.1525263488292694,0.001525263418443501,5,3,15
7327,2983,4835,0.0,0.009999999776482582,3.521023988723755,0.36014628410339355,0.0036014628130942583,5,4,20
7328,2983,2984,0.0,0.009999999776482582,3.521023988723755,0.36014628410339355,0.0036014628130942583,5,4,20
7329,2984,4835,0.0,0.009999999776482582,1.3775570392608643,0.05393671989440918,0.0005393672036007047,5,2,10
7330,2985,3460,0.0,0.009999999776482582,4.174483299255371,0.45349761843681335,0.004534976091235876,5,5,25
7331,2985,2986,0.0,0.009999999776482582,3.6813881397247314,0.3830554485321045,0.0038305544294416904,5,4,20
7332,2986,2987,0.0,0.009999999776482582,3.6813881397247314,0.3830554485321045,0.0038305544294416904,5,4,20
7333,2988,3612,0.0,0.009999999776482582,1.7361102104187012,0.10515860468149185,0.0010515860049054027,5,2,10
7334,2988,2989,0.0,0.009999999776482582,1.3963322639465332,0.05661889538168907,0.000566188944503665,5,2,10
7335,2989,2990,0.0,0.009999999776482582,1.6367594003677368,0.0909656286239624,0.000909656286239624,5,2,10
7336,2991,2992,0.0,0.009999999776482582,1.6394541263580322,0.09135059267282486,0.0009135059081017971,5,2,10
7337,2992,2993,0.0,0.009999999776482582,2.5155844688415527,0.216512069106102,0.0021651205606758595,5,3,15
7338,2993,2994,0.0,0.009999999776482582,2.5155844688415527,0.216512069106102,0.0021651205606758595,5,3,15
7339,3802,4727,0.0,0.009999999776482582,2.3654637336730957,0.19506624341011047,0.001950662350282073,5,3,15
7340,2995,3802,0.0,0.009999999776482582,1.3817660808563232,0.05453801155090332,0.0005453801131807268,5,2,10
7341,2995,2996,0.0,0.009999999776482582,1.6515450477600098,0.09307786077260971,0.0009307785658165812,5,2,10
7342,2084,2996,0.0,0.009999999776482582,1.7380399703979492,0.10543428361415863,0.0010543428361415863,5,2,10
7343,3558,5250,0.0,0.009999999776482582,2.1497230529785156,0.16424615681171417,0.0016424615168944001,5,3,15
7344,2997,3558,0.0,0.009999999776482582,2.1497230529785156,0.16424615681171417,0.0016424615168944001,5,3,15
7345,2997,3777,0.0,0.009999999776482582,7.127651214599609,0.8753787279129028,0.00875378679484129,5,8,40
7346,2998,2999,0.0,0.009999999776482582,1.2903327941894531,0.041476111859083176,0.0004147611034568399,5,2,10
7347,2999,3000,0.0,0.009999999776482582,2.121023654937744,0.16014623641967773,0.0016014623688533902,5,3,15
7348,3000,3001,0.0,0.009999999776482582,2.121023654937744,0.16014623641967773,0.0016014623688533902,5,3,15
7349,3001,3002,0.0,0.009999999776482582,1.2701642513275146,0.038594894111156464,0.00038594892248511314,5,2,10
7350,3002,4624,0.0,0.009999999776482582,2.21852970123291,0.1740756779909134,0.0017407567938789725,5,3,15
7351,3003,4623,0.0,0.009999999776482582,3.179199695587158,0.31131425499916077,0.0031131424475461245,5,4,20
7352,3003,3004,0.0,0.009999999776482582,4.507451057434082,0.5010644197463989,0.005010643973946571,5,5,25
7353,3004,4623,0.0,0.009999999776482582,4.507451057434082,0.5010644197463989,0.005010643973946571,5,5,25
7354,3005,4623,0.0,0.009999999776482582,3.179199695587158,0.31131425499916077,0.0031131424475461245,5,4,20
7355,3005,4765,0.0,0.009999999776482582,1.635325312614441,0.09076076000928879,0.0009076075511984527,5,2,10
7356,3006,4765,0.0,0.009999999776482582,1.9395809173583984,0.13422584533691406,0.0013422584161162376,5,2,10
7357,3006,4623,0.0,0.009999999776482582,3.179199695587158,0.31131425499916077,0.0031131424475461245,5,4,20
7358,3007,4624,0.0,0.009999999776482582,2.21852970123291,0.1740756779909134,0.0017407567938789725,5,3,15
7359,3007,3008,0.0,0.009999999776482582,2.4754037857055664,0.21077196300029755,0.0021077196579426527,5,3,15
7360,3008,4624,0.0,0.009999999776482582,2.4754037857055664,0.21077196300029755,0.0021077196579426527,5,3,15
7361,3009,3831,0.0,0.009999999776482582,2.261784553527832,0.18025493621826172,0.0018025493482127786,5,3,15
7362,3009,4766,0.0,0.009999999776482582,2.0400867462158203,0.1485838145017624,0.0014858380891382694,5,3,15
7363,3621,4766,0.0,0.009999999776482582,1.964543342590332,0.13779190182685852,0.001377918990328908,5,2,10
7364,3010,4376,0.0,0.009999999776482582,1.8964619636535645,0.12806598842144012,0.0012806598097085953,5,2,10
7365,3010,3011,0.0,0.009999999776482582,1.7189857959747314,0.10271225869655609,0.0010271226055920124,5,2,10
7366,3011,3676,0.0,0.009999999776482582,1.103852391242981,0.014836056157946587,0.00014836055925115943,5,2,10
7367,3771,4768,0.9999998807907104,0.9999998807907104,2.1152219772338867,0.15931741893291473,0.15931740403175354,5,3,15
7368,3012,4768,0.0,0.009999999776482582,2.0451011657714844,0.14930017292499542,0.0014930017059668899,5,3,15
7369,3012,3771,0.0,0.009999999776482582,2.1152219772338867,0.15931741893291473,0.0015931741800159216,5,3,15
7370,3013,3771,0.0,0.009999999776482582,2.1152219772338867,0.15931741893291473,0.0015931741800159216,5,3,15
7371,3013,3014,0.0,0.009999999776482582,3.2412211894989014,0.3201744556427002,0.003201744519174099,5,4,20
7372,3014,3771,0.0,0.009999999776482582,3.2412211894989014,0.3201744556427002,0.003201744519174099,5,4,20
7373,3015,3771,0.0,0.009999999776482582,2.1152219772338867,0.15931741893291473,0.0015931741800159216,5,3,15
7374,3015,3016,0.0,0.009999999776482582,2.5438942909240723,0.2205563336610794,0.0022055632434785366,5,3,15
7375,3016,3771,0.0,0.009999999776482582,2.5438942909240723,0.2205563336610794,0.0022055632434785366,5,3,15
7376,3017,3018,0.0,0.009999999776482582,1.0250388383865356,0.0035769769456237555,3.5769768146565184e-05,5,2,10
7377,3018,3019,0.0,0.009999999776482582,1.0250388383865356,0.0035769769456237555,3.5769768146565184e-05,5,2,10
7378,3019,3020,0.0,0.009999999776482582,1.3065099716186523,0.043787140399217606,0.0004378714074846357,5,2,10
7379,3020,3668,0.0,0.009999999776482582,1.8798165321350098,0.1256880760192871,0.0012568806996569037,5,2,10
7380,3021,4768,0.0,0.009999999776482582,1.9127291440963745,0.13038988411426544,0.0013038988690823317,5,2,10
7381,3021,3022,0.0,0.009999999776482582,1.9127291440963745,0.13038988411426544,0.0013038988690823317,5,2,10
7382,3022,4768,0.0,0.009999999776482582,1.6665689945220947,0.09522414207458496,0.0009522414184175432,5,2,10
7383,3771,3838,0.0,0.009999999776482582,2.1152219772338867,0.15931741893291473,0.0015931741800159216,5,3,15
7384,3838,4768,0.0,0.009999999776482582,1.877060890197754,0.12529441714286804,0.001252944115549326,5,2,10
7385,3023,3024,0.0,0.009999999776482582,2.57085919380188,0.22440846264362335,0.002244084607809782,5,3,15
7386,3024,3025,0.0,0.009999999776482582,2.4952192306518555,0.21360275149345398,0.002136027440428734,5,3,15
7387,3025,3770,0.0,0.009999999776482582,2.4952192306518555,0.21360275149345398,0.002136027440428734,5,3,15
7388,3026,3779,0.0,0.009999999776482582,2.6623306274414062,0.23747579753398895,0.0023747580125927925,5,3,15
7389,3026,4468,0.0,0.009999999776482582,1.85489022731781,0.12212717533111572,0.0012212716974318027,5,2,10
7390,3932,4468,0.0,0.009999999776482582,1.85489022731781,0.12212717533111572,0.0012212716974318027,5,2,10
7391,3482,5251,0.0,0.009999999776482582,2.407444953918457,0.20106355845928192,0.0020106355659663677,5,3,15
7392,3027,5251,0.0,0.009999999776482582,1.3560035228729248,0.05085764452815056,0.0005085764569230378,5,2,10
7393,3027,3834,0.0,0.009999999776482582,2.1131069660186768,0.15901528298854828,0.0015901527367532253,5,3,15
7394,3755,3834,0.0,0.009999999776482582,5.155153751373291,0.593593418598175,0.005935933906584978,5,6,30
7395,3028,3465,0.0,0.009999999776482582,2.602825880050659,0.22897513210773468,0.002289751311764121,5,3,15
7396,3028,3029,0.0,0.009999999776482582,1.1055445671081543,0.015077794902026653,0.0001507779525127262,5,2,10
7397,3029,5252,0.0,0.009999999776482582,1.079233169555664,0.011319024488329887,0.00011319023906253278,5,2,10
7398,3439,3794,0.5,0.5049999952316284,7.308557033538818,0.9012224078178406,0.4551173150539398,5,8,40
7399,3439,4499,0.0,0.009999999776482582,1.1370453834533691,0.019577911123633385,0.00019577911007218063,5,2,10
7400,3438,3439,0.0,0.009999999776482582,1.3038264513015747,0.04340377822518349,0.0004340377636253834,5,2,10
7401,3438,3794,0.0,0.009999999776482582,7.308557033538818,0.9012224078178406,0.009012224152684212,5,8,40
7402,3030,3794,0.0,0.009999999776482582,7.308557033538818,0.9012224078178406,0.009012224152684212,5,8,40
7403,3030,5110,0.0,0.009999999776482582,1.8406156301498413,0.12008794397115707,0.0012008794583380222,5,2,10
7404,3794,4500,0.0,0.009999999776482582,7.308557033538818,0.9012224078178406,0.009012224152684212,5,8,40
7405,4500,5110,0.0,0.009999999776482582,1.964103102684021,0.13772901892662048,0.0013772901147603989,5,2,10
7406,3031,3772,0.0,0.009999999776482582,2.2949068546295166,0.18498669564723969,0.0018498669378459454,5,3,15
7407,3031,3032,0.0,0.009999999776482582,1.4601294994354248,0.06573278456926346,0.0006573278224095702,5,2,10
7408,3032,3608,0.0,0.009999999776482582,2.357255458831787,0.1938936412334442,0.001938936416991055,5,3,15
7409,3033,3596,0.0,0.009999999776482582,3.484771490097046,0.3549673557281494,0.0035496733617037535,5,4,20
7410,3033,3034,0.0,0.009999999776482582,2.730955123901367,0.2472793012857437,0.00247279298491776,5,3,15
7411,3034,3596,0.0,0.009999999776482582,3.484771490097046,0.3549673557281494,0.0035496733617037535,5,4,20
7412,3035,3596,0.0,0.009999999776482582,3.484771490097046,0.3549673557281494,0.0035496733617037535,5,4,20
7413,3035,3508,0.0,0.009999999776482582,1.9821665287017822,0.14030949771404266,0.0014030949678272009,5,2,10
7414,3440,3508,0.0,0.009999999776482582,1.8248109817504883,0.11783014237880707,0.0011783014051616192,5,2,10
7415,3440,3854,0.0,0.009999999776482582,1.8248109817504883,0.11783014237880707,0.0011783014051616192,5,2,10
7416,3036,3844,0.0,0.009999999776482582,5.723102569580078,0.6747289299964905,0.006747289095073938,5,6,30
7417,3037,3844,0.0,0.009999999776482582,2.483304023742676,0.21190057694911957,0.0021190056577324867,5,3,15
7418,3038,3844,0.0,0.009999999776482582,2.8204145431518555,0.2600592076778412,0.0026005920954048634,5,3,15
7419,3038,3039,0.0,0.009999999776482582,3.848206043243408,0.40688657760620117,0.004068865906447172,5,4,20
7420,3040,3579,0.0,0.009999999776482582,4.735535621643066,0.5336479544639587,0.0053364792838692665,5,5,25
7421,3040,4036,0.0,0.009999999776482582,4.735535621643066,0.5336479544639587,0.0053364792838692665,5,5,25
7422,4036,5253,0.0,0.009999999776482582,2.024644136428833,0.14637772738933563,0.0014637772692367435,5,3,15
7423,3041,3901,0.0,0.009999999776482582,7.007259845733643,0.8581799864768982,0.008581799454987049,5,8,40
7424,3041,3042,0.0,0.009999999776482582,1.7334166765213013,0.10477381199598312,0.001047738129273057,5,2,10
7425,3042,3608,0.0,0.009999999776482582,2.357255458831787,0.1938936412334442,0.001938936416991055,5,3,15
7426,3043,3466,0.0,0.009999999776482582,2.805361747741699,0.25790882110595703,0.0025790880899876356,5,3,15
7427,3043,3915,0.0,0.009999999776482582,2.5988759994506836,0.22841085493564606,0.002284108428284526,5,3,15
7428,3044,3858,0.0,0.009999999776482582,2.3117687702178955,0.18739554286003113,0.001873955363407731,5,3,15
7429,3044,3045,0.0,0.009999999776482582,2.3117687702178955,0.18739554286003113,0.001873955363407731,5,3,15
7430,3045,3046,0.0,0.009999999776482582,3.0782008171081543,0.29688581824302673,0.002968858228996396,5,4,20
7431,3046,3858,0.0,0.009999999776482582,3.0782008171081543,0.29688581824302673,0.002968858228996396,5,4,20
7432,3047,3675,0.0,0.009999999776482582,5.481402397155762,0.6402003169059753,0.006402003113180399,5,6,30
7433,3047,4697,0.0,0.009999999776482582,3.9145660400390625,0.4163665771484375,0.004163665696978569,5,4,20
7434,3048,4697,0.0,0.009999999776482582,1.5881104469299316,0.08401577919721603,0.0008401577943004668,5,2,10
7435,3048,4808,0.0,0.009999999776482582,2.641127109527588,0.23444673418998718,0.0023444672115147114,5,3,15
7436,3675,4102,0.0,0.009999999776482582,5.481402397155762,0.6402003169059753,0.006402003113180399,5,6,30
7437,3049,4102,0.0,0.009999999776482582,2.5734894275665283,0.22478421032428741,0.002247842028737068,5,3,15
7438,3049,4872,0.0,0.009999999776482582,4.547475814819336,0.5067822337150574,0.005067822057753801,5,5,25
7439,4123,4218,0.0,0.009999999776482582,2.606485366821289,0.22949790954589844,0.0022949790582060814,5,3,15
7440,3050,4123,0.0,0.009999999776482582,2.606485366821289,0.22949790954589844,0.0022949790582060814,5,3,15
7441,3050,4872,0.0,0.009999999776482582,4.547475814819336,0.5067822337150574,0.005067822057753801,5,5,25
7442,4775,5254,0.0,0.009999999776482582,3.2477288246154785,0.32110410928726196,0.0032110409811139107,5,4,20
7443,3051,5254,0.0,0.009999999776482582,1.268541932106018,0.03836313262581825,0.0003836313262581825,5,2,10
7444,3052,4775,0.0,0.009999999776482582,3.2477288246154785,0.32110410928726196,0.0032110409811139107,5,4,20
7445,3052,3441,0.0,0.009999999776482582,2.140643835067749,0.1629491150379181,0.0016294911038130522,5,3,15
7446,3441,4775,0.0,0.009999999776482582,3.2477288246154785,0.32110410928726196,0.0032110409811139107,5,4,20
7447,3053,3054,0.0,0.009999999776482582,1.7699657678604126,0.10999511182308197,0.0010999510996043682,5,2,10
7448,3054,3055,0.0,0.009999999776482582,1.2423722743988037,0.0346246100962162,0.0003462460881564766,5,2,10
7449,3055,3056,0.0,0.009999999776482582,1.5833470821380615,0.08333529531955719,0.000833352911286056,5,2,10
7450,3056,3057,0.0,0.009999999776482582,1.5833470821380615,0.08333529531955719,0.000833352911286056,5,2,10
7451,3057,5255,0.0,0.009999999776482582,1.5257893800735474,0.07511276751756668,0.0007511276635341346,5,2,10
7452,3058,5255,0.0,0.009999999776482582,1.5257893800735474,0.07511276751756668,0.0007511276635341346,5,2,10
7453,3058,3059,0.0,0.009999999776482582,1.1291487216949463,0.018449816852808,0.00018449815979693085,5,2,10
7454,3059,3060,0.0,0.009999999776482582,1.348336935043335,0.04976242035627365,0.0004976242198608816,5,2,10
7455,3060,3061,0.0,0.009999999776482582,1.5233428478240967,0.07476326078176498,0.0007476325845345855,5,2,10
7456,3061,3934,0.0,0.009999999776482582,1.5233428478240967,0.07476326078176498,0.0007476325845345855,5,2,10
7457,3062,3934,0.0,0.009999999776482582,1.3070905208587646,0.043870072811841965,0.00043870072113350034,5,2,10
7458,3062,3063,0.0,0.009999999776482582,1.3070905208587646,0.043870072811841965,0.00043870072113350034,5,2,10
7459,3063,3064,0.0,0.009999999776482582,3.4075028896331787,0.3439289927482605,0.003439289750531316,5,4,20
7460,3064,3065,0.0,0.009999999776482582,3.4075028896331787,0.3439289927482605,0.003439289750531316,5,4,20
7461,3065,4776,0.0,0.009999999776482582,1.2129426002502441,0.030420372262597084,0.0003042037133127451,5,2,10
7462,3066,4776,0.0,0.009999999776482582,1.6037993431091309,0.08625704795122147,0.0008625704795122147,5,2,10
7463,3066,5255,0.0,0.009999999776482582,1.6037993431091309,0.08625704795122147,0.0008625704795122147,5,2,10
7464,3934,4660,0.0,0.009999999776482582,1.464231252670288,0.06631875038146973,0.0006631874712184072,5,2,10
7465,3067,3934,0.0,0.009999999776482582,1.2032673358917236,0.029038190841674805,0.00029038189677521586,5,2,10
7466,3067,3655,0.0,0.009999999776482582,3.6426124572753906,0.3775160610675812,0.00377516052685678,5,4,20
7467,3068,5255,0.0,0.009999999776482582,2.872561454772949,0.26750877499580383,0.002675087656825781,5,3,15
7468,3068,3069,0.0,0.009999999776482582,2.872561454772949,0.26750877499580383,0.002675087656825781,5,3,15
7469,3069,3070,0.0,0.009999999776482582,1.188951849937439,0.026993121951818466,0.0002699312171898782,5,2,10
7470,3070,3071,0.0,0.009999999776482582,1.0860460996627808,0.01229230035096407,0.00012292299652472138,5,2,10
7471,3442,5256,0.0,0.009999999776482582,1.508999228477478,0.0727141723036766,0.0007271416834555566,5,2,10
7472,3072,3442,0.0,0.009999999776482582,1.1602848768234253,0.022897839546203613,0.00022897838789504021,5,2,10
7473,3072,5256,0.0,0.009999999776482582,1.508999228477478,0.0727141723036766,0.0007271416834555566,5,2,10
7474,4605,5256,0.5,0.5049999952316284,1.508999228477478,0.0727141723036766,0.03672065585851669,5,2,10
7475,3073,4605,0.0,0.009999999776482582,5.730011940002441,0.675715982913971,0.0067571597173810005,5,6,30
7476,3073,5256,0.0,0.009999999776482582,5.730011940002441,0.675715982913971,0.0067571597173810005,5,6,30
7477,3074,5256,0.0,0.009999999776482582,1.508999228477478,0.0727141723036766,0.0007271416834555566,5,2,10
7478,3074,3075,0.0,0.009999999776482582,1.3723366260528564,0.05319094657897949,0.0005319094634614885,5,2,10
7479,3075,5256,0.0,0.009999999776482582,1.508999228477478,0.0727141723036766,0.0007271416834555566,5,2,10
7480,3444,4605,0.0,0.009999999776482582,1.5221644639968872,0.07459492236375809,0.000745949218980968,5,2,10
7481,3443,3444,0.0,0.009999999776482582,2.5958433151245117,0.22797761857509613,0.0022797761484980583,5,3,15
7482,3443,5256,0.0,0.009999999776482582,2.5958433151245117,0.22797761857509613,0.0022797761484980583,5,3,15
7483,3076,4294,0.0,0.009999999776482582,2.0971646308898926,0.1567378044128418,0.0015673780580982566,5,3,15
7484,3076,3077,0.0,0.009999999776482582,2.754678249359131,0.25066831707954407,0.002506683114916086,5,3,15
7485,3077,5257,0.0,0.009999999776482582,2.754678249359131,0.25066831707954407,0.002506683114916086,5,3,15
7486,3078,3079,0.0,0.009999999776482582,1.6528732776641846,0.09326761215925217,0.0009326760773546994,5,2,10
7487,3079,3080,0.0,0.009999999776482582,5.0383992195129395,0.5769141912460327,0.00576914194971323,5,6,30
7488,3080,3081,0.0,0.009999999776482582,5.0383992195129395,0.5769141912460327,0.00576914194971323,5,6,30
7489,3081,4836,0.0,0.009999999776482582,1.7686132192611694,0.10980188846588135,0.0010980188380926847,5,2,10
7490,3082,4836,0.0,0.009999999776482582,1.7686132192611694,0.10980188846588135,0.0010980188380926847,5,2,10
7491,3082,4777,0.0,0.009999999776482582,1.3245919942855835,0.046370286494493484,0.0004637028614524752,5,2,10
7492,3083,4777,0.0,0.009999999776482582,1.8097021579742432,0.11567173898220062,0.0011567173060029745,5,2,10
7493,3083,3084,0.0,0.009999999776482582,1.8712317943572998,0.12446168810129166,0.0012446168111637235,5,2,10
7494,3084,3085,0.0,0.009999999776482582,2.1462817192077637,0.16375453770160675,0.0016375452978536487,5,3,15
7495,3085,3086,0.0,0.009999999776482582,2.1462817192077637,0.16375453770160675,0.0016375452978536487,5,3,15
7496,3086,5258,0.0,0.009999999776482582,1.0145002603530884,0.0020714658312499523,2.0714658603537828e-05,5,2,10
7497,3087,5258,0.0,0.009999999776482582,1.0062938928604126,0.0008991275681182742,8.99127553566359e-06,5,2,10
7498,3087,3088,0.0,0.009999999776482582,1.5703181028366089,0.08147401362657547,0.0008147401385940611,5,2,10
7499,3088,3089,0.0,0.009999999776482582,1.5703181028366089,0.08147401362657547,0.0008147401385940611,5,2,10
7500,3089,3090,0.0,0.009999999776482582,1.8357917070388794,0.1193988174200058,0.001193988136947155,5,2,10
7501,3090,3091,0.0,0.009999999776482582,1.8357917070388794,0.1193988174200058,0.001193988136947155,5,2,10
7502,3091,5258,0.0,0.009999999776482582,1.0300164222717285,0.004288060124963522,4.2880601540673524e-05,5,2,10
7503,3092,5258,0.0,0.009999999776482582,1.0197199583053589,0.0028171369340270758,2.8171369194751605e-05,5,2,10
7504,3092,3093,0.0,0.009999999776482582,1.0197199583053589,0.0028171369340270758,2.8171369194751605e-05,5,2,10
7505,3093,5258,0.0,0.009999999776482582,1.0158348083496094,0.002262115478515625,2.2621154130320065e-05,5,2,10
7506,3094,3095,0.0,0.009999999776482582,2.753817558288574,0.25054535269737244,0.00250545353628695,5,3,15
7507,3095,3096,0.0,0.009999999776482582,2.753817558288574,0.25054535269737244,0.00250545353628695,5,3,15
7508,3096,3445,0.0,0.009999999776482582,1.5374799966812134,0.07678285986185074,0.0007678286056034267,5,2,10
7509,3097,3445,0.0,0.009999999776482582,1.371748447418213,0.053106922656297684,0.0005310692358762026,5,2,10
7510,3098,4836,0.0,0.009999999776482582,1.7686132192611694,0.10980188846588135,0.0010980188380926847,5,2,10
7511,3098,3099,0.0,0.009999999776482582,1.2954658269882202,0.042209405452013016,0.00042209404637105763,5,2,10
7512,3099,4836,0.0,0.009999999776482582,1.7686132192611694,0.10980188846588135,0.0010980188380926847,5,2,10
7513,3100,4836,0.0,0.009999999776482582,1.7686132192611694,0.10980188846588135,0.0010980188380926847,5,2,10
7514,3100,3101,0.0,0.009999999776482582,1.5134732723236084,0.07335332781076431,0.0007335332338698208,5,2,10
7515,3101,4836,0.0,0.009999999776482582,1.7686132192611694,0.10980188846588135,0.0010980188380926847,5,2,10
7516,3102,4836,0.0,0.009999999776482582,1.7686132192611694,0.10980188846588135,0.0010980188380926847,5,2,10
7517,3102,3103,0.0,0.009999999776482582,1.4411836862564087,0.06302624195814133,0.0006302624242380261,5,2,10
7518,3103,4836,0.0,0.009999999776482582,1.7686132192611694,0.10980188846588135,0.0010980188380926847,5,2,10
7519,3104,3105,0.0,0.009999999776482582,2.66158127784729,0.23736874759197235,0.002373687457293272,5,3,15
7520,3105,3106,0.0,0.009999999776482582,1.4411969184875488,0.06302813440561295,0.000630281341727823,5,2,10
7521,3106,3107,0.0,0.009999999776482582,1.4411969184875488,0.06302813440561295,0.000630281341727823,5,2,10
7522,3107,3108,0.0,0.009999999776482582,2.039637327194214,0.1485196202993393,0.0014851961750537157,5,3,15
7523,3108,3109,0.0,0.009999999776482582,2.039637327194214,0.1485196202993393,0.0014851961750537157,5,3,15
7524,3109,3110,0.0,0.009999999776482582,2.053400754928589,0.1504858285188675,0.0015048582572489977,5,3,15
7525,3110,3111,0.0,0.009999999776482582,2.053400754928589,0.1504858285188675,0.0015048582572489977,5,3,15
7526,3111,3112,0.0,0.009999999776482582,1.5458505153656006,0.07797864824533463,0.000779786438215524,5,2,10
7527,3112,3113,0.0,0.009999999776482582,1.0406023263931274,0.00580033240839839,5.800332291983068e-05,5,2,10
7528,3113,3114,0.0,0.009999999776482582,1.4085094928741455,0.05835849791765213,0.0005835849442519248,5,2,10
7529,3114,3115,0.0,0.009999999776482582,1.9340403079986572,0.13343432545661926,0.0013343432219699025,5,2,10
7530,3115,3116,0.0,0.009999999776482582,1.9340403079986572,0.13343432545661926,0.0013343432219699025,5,2,10
7531,3116,3117,0.0,0.009999999776482582,1.7415999174118042,0.10594284534454346,0.001059428439475596,5,2,10
7532,3118,4892,0.0,0.009999999776482582,1.9252175092697144,0.13217392563819885,0.0013217392843216658,5,2,10
7533,3118,3119,0.0,0.009999999776482582,3.6746826171875,0.3820975124835968,0.0038209750782698393,5,4,20
7534,3119,4892,0.0,0.009999999776482582,3.6746826171875,0.3820975124835968,0.0038209750782698393,5,4,20
7535,3120,4892,0.0,0.009999999776482582,1.5276224613189697,0.07537464052438736,0.0007537463679909706,5,2,10
7536,3120,3121,0.0,0.009999999776482582,1.8180660009384155,0.1168665736913681,0.0011686657089740038,5,2,10
7537,3121,3122,0.0,0.009999999776482582,2.4412996768951416,0.20589995384216309,0.002058999380096793,5,3,15
7538,3122,4892,0.0,0.009999999776482582,2.4412996768951416,0.20589995384216309,0.002058999380096793,5,3,15
7539,3123,4892,0.0,0.009999999776482582,1.5276224613189697,0.07537464052438736,0.0007537463679909706,5,2,10
7540,3123,3124,0.0,0.009999999776482582,1.592407464981079,0.08462963998317719,0.000846296374220401,5,2,10
7541,3124,4892,0.0,0.009999999776482582,1.592407464981079,0.08462963998317719,0.000846296374220401,5,2,10
7542,4892,5259,0.0,0.009999999776482582,1.5276224613189697,0.07537464052438736,0.0007537463679909706,5,2,10
7543,3125,5259,0.0,0.009999999776482582,4.989597320556641,0.5699424743652344,0.005699424538761377,5,5,25
7544,3125,3126,0.0,0.009999999776482582,4.989597320556641,0.5699424743652344,0.005699424538761377,5,5,25
7545,3126,3127,0.0,0.009999999776482582,1.379417896270752,0.05420255661010742,0.0005420255474746227,5,2,10
7546,3127,4892,0.0,0.009999999776482582,1.5276224613189697,0.07537464052438736,0.0007537463679909706,5,2,10
7547,3128,4892,0.0,0.009999999776482582,1.9530227184295654,0.13614609837532043,0.0013614610070362687,5,2,10
7548,3128,3129,0.0,0.009999999776482582,2.4273717403411865,0.2039102464914322,0.0020391023717820644,5,3,15
7549,3129,4892,0.0,0.009999999776482582,2.4273717403411865,0.2039102464914322,0.0020391023717820644,5,3,15
7550,3130,4892,0.0,0.009999999776482582,3.2062697410583496,0.3151814043521881,0.0031518139876425266,5,4,20
7551,3130,3131,0.0,0.009999999776482582,3.2062697410583496,0.3151814043521881,0.0031518139876425266,5,4,20
7552,3131,4892,0.0,0.009999999776482582,2.193162679672241,0.1704518049955368,0.0017045179847627878,5,3,15
7553,3132,4892,0.0,0.009999999776482582,2.3948092460632324,0.1992584615945816,0.0019925846718251705,5,3,15
7554,3132,3133,0.0,0.009999999776482582,2.3948092460632324,0.1992584615945816,0.0019925846718251705,5,3,15
7555,3133,4892,0.0,0.009999999776482582,1.5461655855178833,0.07802365720272064,0.0007802365580573678,5,2,10
7556,3886,4784,0.5,0.5049999952316284,2.7853424549102783,0.255048930644989,0.128799706697464,5,3,15
7557,3134,4784,0.0,0.009999999776482582,4.349607467651367,0.4785153567790985,0.004785153549164534,5,5,25
7558,3134,4384,0.0,0.009999999776482582,4.349607467651367,0.4785153567790985,0.004785153549164534,5,5,25
7559,4278,4384,0.0,0.009999999776482582,4.147529125213623,0.4496470093727112,0.004496470093727112,5,5,25
7560,4239,4384,0.0,0.009999999776482582,3.159393787384033,0.308484822511673,0.0030848481692373753,5,4,20
7561,4384,4784,0.0,0.009999999776482582,3.159393787384033,0.308484822511673,0.0030848481692373753,5,4,20
7562,3499,4784,0.0,0.009999999776482582,2.7853424549102783,0.255048930644989,0.002550489269196987,5,3,15
7563,4236,4384,0.0,0.009999999776482582,4.8052659034729,0.5436094403266907,0.005436094477772713,5,5,25
7564,3135,4236,0.0,0.009999999776482582,4.8052659034729,0.5436094403266907,0.005436094477772713,5,5,25
7565,3135,4784,0.0,0.009999999776482582,3.0580825805664062,0.29401180148124695,0.002940117847174406,5,4,20
7566,3972,4769,0.0,0.009999999776482582,1.1048227548599243,0.014974678866565228,0.00014974678924772888,5,2,10
7567,3446,4769,0.5,0.5049999952316284,1.1048227548599243,0.014974678866565228,0.007562212646007538,5,2,10
7568,3447,4411,0.0,0.009999999776482582,1.4517749547958374,0.06453927606344223,0.0006453927489928901,5,2,10
7569,3136,3447,0.0,0.009999999776482582,1.4517749547958374,0.06453927606344223,0.0006453927489928901,5,2,10
7570,3136,3137,0.0,0.009999999776482582,1.3619916439056396,0.051713090389966965,0.0005171308876015246,5,2,10
7571,3137,3447,0.0,0.009999999776482582,1.4517749547958374,0.06453927606344223,0.0006453927489928901,5,2,10
7572,3447,4332,0.0,0.009999999776482582,1.4517749547958374,0.06453927606344223,0.0006453927489928901,5,2,10
7573,3138,3139,0.0,0.009999999776482582,1.6373251676559448,0.09104645252227783,0.0009104644996114075,5,2,10
7574,3139,3140,0.0,0.009999999776482582,1.6373251676559448,0.09104645252227783,0.0009104644996114075,5,2,10
7575,3140,3141,0.0,0.009999999776482582,1.0136693716049194,0.0019527673721313477,1.9527673430275172e-05,5,2,10
7576,3142,3775,0.0,0.009999999776482582,1.8176782131195068,0.11681117117404938,0.0011681116884574294,5,2,10
7577,3142,3143,0.0,0.009999999776482582,1.8176782131195068,0.11681117117404938,0.0011681116884574294,5,2,10
7578,3143,4625,0.0,0.009999999776482582,1.4432049989700317,0.0633149966597557,0.0006331499316729605,5,2,10
7579,4529,4657,0.0,0.009999999776482582,2.0428500175476074,0.1489785760641098,0.0014897857327014208,5,3,15
7580,3144,3145,0.0,0.009999999776482582,3.2048215866088867,0.31497451663017273,0.0031497450545430183,5,4,20
7581,3145,3146,0.0,0.009999999776482582,3.2048215866088867,0.31497451663017273,0.0031497450545430183,5,4,20
7582,3146,3147,0.0,0.009999999776482582,2.9992573261260986,0.2856082022190094,0.0028560820501297712,5,3,15
7583,3147,3668,0.0,0.009999999776482582,2.9992573261260986,0.2856082022190094,0.0028560820501297712,5,3,15
7584,3148,5260,0.0,0.009999999776482582,2.4602274894714355,0.20860393345355988,0.002086039399728179,5,3,15
7585,3148,3149,0.0,0.009999999776482582,2.4602274894714355,0.20860393345355988,0.002086039399728179,5,3,15
7586,3149,5260,0.0,0.009999999776482582,1.960101842880249,0.1371574103832245,0.0013715741224586964,5,2,10
7587,3150,3831,0.0,0.009999999776482582,2.261784553527832,0.18025493621826172,0.0018025493482127786,5,3,15
7588,3150,3850,0.0,0.009999999776482582,2.508122444152832,0.21544606983661652,0.0021544606424868107,5,3,15
7589,3453,3850,0.0,0.009999999776482582,5.32999324798584,0.6185704469680786,0.006185704376548529,5,6,30
7590,4359,5109,0.0,0.009999999776482582,1.965758204460144,0.13796545565128326,0.001379654509946704,5,2,10
7591,3151,5109,0.0,0.009999999776482582,2.1568450927734375,0.1652635782957077,0.001652635750360787,5,3,15
7592,3151,4599,0.0,0.009999999776482582,2.1568450927734375,0.1652635782957077,0.001652635750360787,5,3,15
7593,3638,4599,0.0,0.009999999776482582,1.9659974575042725,0.13799963891506195,0.0013799963053315878,5,2,10
7594,3448,5109,0.0,0.009999999776482582,1.9477598667144775,0.13539426028728485,0.0013539425563067198,5,2,10
7595,3152,3448,0.0,0.009999999776482582,1.9477598667144775,0.13539426028728485,0.0013539425563067198,5,2,10
7596,3152,5109,0.0,0.009999999776482582,1.524806022644043,0.07497228682041168,0.000749722879845649,5,2,10
7597,3153,3493,0.0,0.009999999776482582,5.357282638549805,0.6224689483642578,0.006224689539521933,5,6,30
7598,3153,3154,0.0,0.009999999776482582,2.209554433822632,0.17279349267482758,0.0017279349267482758,5,3,15
7599,3154,3493,0.0,0.009999999776482582,5.357282638549805,0.6224689483642578,0.006224689539521933,5,6,30
7600,3155,4040,0.0,0.009999999776482582,2.868265390396118,0.266895055770874,0.0026689504738897085,5,3,15
7601,3155,3615,0.0,0.009999999776482582,1.5827877521514893,0.08325539529323578,0.0008325539529323578,5,2,10
7602,3492,4779,0.0,0.009999999776482582,2.998826265335083,0.28554660081863403,0.002855465980246663,5,3,15
7603,4766,4779,0.0,0.009999999776482582,1.1630728244781494,0.023296117782592773,0.00023296117433346808,5,2,10
7604,3901,4766,0.0,0.009999999776482582,7.007259845733643,0.8581799864768982,0.008581799454987049,5,8,40
7605,3156,3831,0.0,0.009999999776482582,2.261784553527832,0.18025493621826172,0.0018025493482127786,5,3,15
7606,3156,3157,0.0,0.009999999776482582,4.000844955444336,0.42869213223457336,0.004286921117454767,5,5,25
7607,3157,3621,0.0,0.009999999776482582,4.000844955444336,0.42869213223457336,0.004286921117454767,5,5,25
7608,3158,3159,0.0,0.009999999776482582,1.0000543594360352,7.76563410909148e-06,7.765633824874385e-08,5,2,10
7609,3159,3160,0.0,0.009999999776482582,1.0030057430267334,0.00042939186096191406,4.293918664188823e-06,5,2,10
7610,3160,3475,0.0,0.009999999776482582,1.9699389934539795,0.13856270909309387,0.001385627081617713,5,2,10
7611,3161,3599,0.0,0.009999999776482582,3.415264844894409,0.3450378477573395,0.0034503783099353313,5,4,20
7612,3161,3162,0.0,0.009999999776482582,3.415264844894409,0.3450378477573395,0.0034503783099353313,5,4,20
7613,3162,3599,0.0,0.009999999776482582,2.4544382095336914,0.20777688920497894,0.0020777687896043062,5,3,15
7614,3163,3510,0.0,0.009999999776482582,1.0043935775756836,0.0006276539643295109,6.276539352256805e-06,5,2,10
7615,3163,3164,0.0,0.009999999776482582,1.0496262311935425,0.007089461665600538,7.089461723808199e-05,5,2,10
7616,3164,3808,0.0,0.009999999776482582,1.427246332168579,0.061035189777612686,0.0006103519117459655,5,2,10
7617,3165,3676,0.0,0.009999999776482582,1.0728436708450317,0.010406238958239555,0.00010406239016447216,5,2,10
7618,3165,3619,0.0,0.009999999776482582,1.1381739377975464,0.01973913423717022,0.00019739133131224662,5,2,10
7619,3449,3777,0.0,0.009999999776482582,7.127651214599609,0.8753787279129028,0.00875378679484129,5,8,40
7620,3166,3567,0.0,0.009999999776482582,1.0043212175369263,0.0006173168076202273,6.173168003442697e-06,5,2,10
7621,3166,3167,0.0,0.009999999776482582,1.0043212175369263,0.0006173168076202273,6.173168003442697e-06,5,2,10
7622,3167,3567,0.0,0.009999999776482582,1.002376914024353,0.00033955913386307657,3.3955911931116134e-06,5,2,10
7623,3567,3793,0.0,0.009999999776482582,1.0361381769180298,0.005162596702575684,5.162596426089294e-05,5,2,10
7624,3484,3568,0.0,0.009999999776482582,1.4759975671768188,0.06799965351819992,0.0006799965049140155,5,2,10
7625,3168,3461,0.0,0.009999999776482582,2.2118172645568848,0.1731167584657669,0.001731167547404766,5,3,15
7626,3168,3169,0.0,0.009999999776482582,1.6631919145584106,0.09474170207977295,0.0009474169928580523,5,2,10
7627,3169,3630,0.0,0.009999999776482582,1.7199723720550537,0.1028531938791275,0.0010285319294780493,5,2,10
7628,3170,3510,0.0,0.009999999776482582,1.2789982557296753,0.039856892079114914,0.000398568925447762,5,2,10
7629,3170,3171,0.0,0.009999999776482582,1.2789982557296753,0.039856892079114914,0.000398568925447762,5,2,10
7630,3171,3970,0.0,0.009999999776482582,2.17219877243042,0.1674569696187973,0.0016745696775615215,5,3,15
7631,3172,3510,0.0,0.009999999776482582,1.0084609985351562,0.0012087140930816531,1.2087140930816531e-05,5,2,10
7632,3172,3173,0.0,0.009999999776482582,1.0129472017288208,0.0018496002303436399,1.849600266723428e-05,5,2,10
7633,3173,3821,0.0,0.009999999776482582,2.423452615737915,0.20335038006305695,0.0020335037261247635,5,3,15
7634,3174,3666,0.0,0.009999999776482582,5.345047950744629,0.620721161365509,0.006207211408764124,5,6,30
7635,3174,4174,0.0,0.009999999776482582,3.74387788772583,0.3919825553894043,0.0039198254235088825,5,4,20
7636,3175,4174,0.0,0.009999999776482582,1.9314360618591309,0.13306228816509247,0.0013306228211149573,5,2,10
7637,3175,3978,0.0,0.009999999776482582,1.9314360618591309,0.13306228816509247,0.0013306228211149573,5,2,10
7638,3779,4511,0.0,0.009999999776482582,2.6623306274414062,0.23747579753398895,0.0023747580125927925,5,3,15
7639,4098,4511,0.0,0.009999999776482582,1.2335025072097778,0.03335750102996826,0.0003335750079713762,5,2,10
7640,4001,4098,0.0,0.009999999776482582,3.1007909774780273,0.3001129925251007,0.0030011299531906843,5,4,20
7641,3176,3510,0.0,0.009999999776482582,1.0420634746551514,0.006009067874401808,6.009067874401808e-05,5,2,10
7642,3176,3177,0.0,0.009999999776482582,1.1034122705459595,0.014773181639611721,0.00014773181464988738,5,2,10
7643,3177,3474,0.0,0.009999999776482582,1.1034122705459595,0.014773181639611721,0.00014773181464988738,5,2,10
7644,3178,3470,0.0,0.009999999776482582,1.1278620958328247,0.018266012892127037,0.00018266012193635106,5,2,10
7645,3178,3179,0.0,0.009999999776482582,1.2196182012557983,0.03137402981519699,0.00031374028185382485,5,2,10
7646,3179,3180,0.0,0.009999999776482582,1.2196182012557983,0.03137402981519699,0.00031374028185382485,5,2,10
