edge_id,src,dst,w_raw,w_norm,severity,severity_norm_mean,severity_norm,R_ij,P_level,C_level,RiskLevel
0,3392,4348,0.0,0.009999999776482582,3.774486541748047,0.39635521173477173,0.39635521173477173,0.003963551949709654,1,4,4
1,3391,4348,0.0,0.009999999776482582,2.3966639041900635,0.1995234191417694,0.1995234191417694,0.001995234051719308,1,3,3
2,3391,4255,0.0,0.009999999776482582,5.1217851638793945,0.5888264775276184,0.5888264775276184,0.005888264626264572,1,6,6
3,3391,3395,0.4999999701976776,0.5049999952316284,2.2359771728515625,0.1765681654214859,0.1765681654214859,0.08916692435741425,5,3,15
4,3395,4255,0.4999999701976776,0.5049999952316284,5.1217851638793945,0.5888264775276184,0.5888264775276184,0.29735738039016724,5,6,30
5,3398,4255,0.0,0.009999999776482582,5.1217851638793945,0.5888264775276184,0.5888264775276184,0.005888264626264572,1,6,6
6,3398,4348,0.0,0.009999999776482582,2.3966639041900635,0.1995234191417694,0.1995234191417694,0.001995234051719308,1,3,3
7,3399,4255,0.0,0.009999999776482582,5.1217851638793945,0.5888264775276184,0.5888264775276184,0.005888264626264572,1,6,6
8,3399,3401,0.0,0.009999999776482582,2.3642454147338867,0.19489219784736633,0.19489219784736633,0.0019489219412207603,1,3,3
9,3401,4246,0.4999999701976776,0.5049999952316284,2.3642454147338867,0.19489219784736633,0.19489219784736633,0.09842056035995483,5,3,15
10,0,4255,0.0,0.009999999776482582,5.1217851638793945,0.5888264775276184,0.5888264775276184,0.005888264626264572,1,6,6
11,0,1,0.0,0.009999999776482582,1.8810319900512695,0.12586171925067902,0.12586171925067902,0.0012586171505972743,1,2,2
12,1,3401,0.0,0.009999999776482582,2.3642454147338867,0.19489219784736633,0.19489219784736633,0.0019489219412207603,1,3,3
13,3396,3401,0.0,0.009999999776482582,2.4348554611206055,0.20497934520244598,0.20497934520244598,0.002049793489277363,1,3,3
14,2,4255,0.0,0.009999999776482582,5.1217851638793945,0.5888264775276184,0.5888264775276184,0.005888264626264572,1,6,6
15,2,3401,0.0,0.009999999776482582,2.800670862197876,0.2572386860847473,0.2572386860847473,0.00257238675840199,1,3,3
16,3,4246,0.0,0.009999999776482582,2.3528385162353516,0.19326265156269073,0.19326265156269073,0.0019326264737173915,1,3,3
17,3,4,0.0,0.009999999776482582,1.9224612712860107,0.13178017735481262,0.13178017735481262,0.0013178017688915133,1,2,2
18,4,4246,0.0,0.009999999776482582,2.3528385162353516,0.19326265156269073,0.19326265156269073,0.0019326264737173915,1,3,3
19,3391,4246,0.0,0.009999999776482582,2.3528385162353516,0.19326265156269073,0.19326265156269073,0.0019326264737173915,1,3,3
20,3395,3396,0.0,0.009999999776482582,2.4348554611206055,0.20497934520244598,0.20497934520244598,0.002049793489277363,1,3,3
21,5,4246,0.0,0.009999999776482582,2.3528385162353516,0.19326265156269073,0.19326265156269073,0.0019326264737173915,1,3,3
22,5,6,0.0,0.009999999776482582,2.070103645324707,0.15287195146083832,0.15287195146083832,0.0015287194401025772,1,3,3
23,6,3394,0.0,0.009999999776482582,2.1125118732452393,0.15893027186393738,0.15893027186393738,0.001589302672073245,1,3,3
24,7,3394,0.0,0.009999999776482582,2.1125118732452393,0.15893027186393738,0.15893027186393738,0.001589302672073245,1,3,3
25,3390,4255,0.0,0.009999999776482582,5.1217851638793945,0.5888264775276184,0.5888264775276184,0.005888264626264572,1,6,6
26,3390,3395,0.0,0.009999999776482582,1.6628479957580566,0.09469257295131683,0.09469257295131683,0.0009469257201999426,1,2,2
27,3188,3189,0.0,0.009999999776482582,2.884145736694336,0.26916366815567017,0.26916366815567017,0.002691636560484767,1,3,3
28,8,3189,0.0,0.009999999776482582,1.1390407085418701,0.019862959161400795,0.019862959161400795,0.0001986295828828588,1,2,2
29,8,3397,0.0,0.009999999776482582,1.5530353784561157,0.07900505512952805,0.07900505512952805,0.0007900505443103611,1,2,2
30,3188,3405,0.0,0.009999999776482582,2.884145736694336,0.26916366815567017,0.26916366815567017,0.002691636560484767,1,3,3
31,3405,3406,1.0,1.0,1.0006771087646484,9.672982560005039e-05,9.672982560005039e-05,9.672982560005039e-05,5,2,10
32,3375,3406,0.0,0.009999999776482582,1.0000256299972534,3.661428081613849e-06,3.661428081613849e-06,3.661428138457268e-08,1,2,2
33,9,3188,0.0,0.009999999776482582,2.884145736694336,0.26916366815567017,0.26916366815567017,0.002691636560484767,1,3,3
34,9,3404,0.0,0.009999999776482582,1.1700419187545776,0.02429170347750187,0.02429170347750187,0.00024291702720802277,1,2,2
35,3404,3407,0.4999999701976776,0.5049999952316284,2.0200741291046143,0.14572487771511078,0.14572487771511078,0.07359106093645096,5,3,15
36,3187,3189,1.0,1.0,5.219306945800781,0.6027581095695496,0.6027581095695496,0.6027581095695496,5,6,30
37,10,3189,0.0,0.009999999776482582,1.106734037399292,0.01524771936237812,0.01524771936237812,0.0001524771942058578,1,2,2
38,10,3397,0.0,0.009999999776482582,1.5530353784561157,0.07900505512952805,0.07900505512952805,0.0007900505443103611,1,2,2
39,11,3187,0.0,0.009999999776482582,5.219306945800781,0.6027581095695496,0.6027581095695496,0.006027581170201302,1,6,6
40,11,12,0.0,0.009999999776482582,1.1173912286758423,0.016770174726843834,0.016770174726843834,0.00016770174261182547,1,2,2
41,12,3187,0.0,0.009999999776482582,5.219306945800781,0.6027581095695496,0.6027581095695496,0.006027581170201302,1,6,6
42,13,3187,0.0,0.009999999776482582,5.219306945800781,0.6027581095695496,0.6027581095695496,0.006027581170201302,1,6,6
43,13,14,0.0,0.009999999776482582,1.1408140659332275,0.020116295665502548,0.020116295665502548,0.00020116295490879565,1,2,2
44,14,3187,0.0,0.009999999776482582,5.219306945800781,0.6027581095695496,0.6027581095695496,0.006027581170201302,1,6,6
45,3187,3408,0.0,0.009999999776482582,5.219306945800781,0.6027581095695496,0.6027581095695496,0.006027581170201302,1,6,6
46,3404,3408,0.0,0.009999999776482582,1.3557319641113281,0.050818853080272675,0.050818853080272675,0.0005081885028630495,1,2,2
47,3187,3404,0.0,0.009999999776482582,5.219306945800781,0.6027581095695496,0.6027581095695496,0.006027581170201302,1,6,6
48,15,16,0.0,0.009999999776482582,1.6641377210617065,0.09487681835889816,0.09487681835889816,0.0009487681672908366,1,2,2
49,16,17,0.0,0.009999999776482582,1.5890607833862305,0.08415154367685318,0.08415154367685318,0.0008415154297836125,1,2,2
50,17,3082,0.0,0.009999999776482582,1.4817306995391846,0.06881867349147797,0.06881867349147797,0.0006881867302581668,1,2,2
51,18,3197,0.0,0.009999999776482582,1.9609564542770386,0.13727949559688568,0.13727949559688568,0.0013727949699386954,1,2,2
52,18,19,0.0,0.009999999776482582,1.9609564542770386,0.13727949559688568,0.13727949559688568,0.0013727949699386954,1,2,2
53,19,3197,0.0,0.009999999776482582,1.7218466997146606,0.10312096029520035,0.10312096029520035,0.0010312095982953906,1,2,2
54,20,4349,0.0,0.009999999776482582,1.6929900646209717,0.09899858385324478,0.09899858385324478,0.0009899857686832547,1,2,2
55,21,4349,0.0,0.009999999776482582,1.4472630023956299,0.06389471143484116,0.06389471143484116,0.0006389471236616373,1,2,2
56,22,23,0.0,0.009999999776482582,1.266096830368042,0.03801383450627327,0.03801383450627327,0.00038013834273442626,1,2,2
57,23,24,0.0,0.009999999776482582,1.5059607028961182,0.07228010147809982,0.07228010147809982,0.0007228010217659175,1,2,2
58,24,25,0.0,0.009999999776482582,1.5059607028961182,0.07228010147809982,0.07228010147809982,0.0007228010217659175,1,2,2
59,25,26,0.0,0.009999999776482582,1.5143386125564575,0.07347694784402847,0.07347694784402847,0.000734769448172301,1,2,2
60,27,3442,0.0,0.009999999776482582,4.090150356292725,0.4414500594139099,0.4414500594139099,0.004414500668644905,1,5,5
61,27,28,0.0,0.009999999776482582,4.090150356292725,0.4414500594139099,0.4414500594139099,0.004414500668644905,1,5,5
62,28,29,0.0,0.009999999776482582,1.757514476776123,0.10821635276079178,0.10821635276079178,0.0010821635369211435,1,2,2
63,30,3351,0.0,0.009999999776482582,4.757808685302734,0.5368298292160034,0.5368298292160034,0.005368298385292292,1,5,5
64,30,31,0.0,0.009999999776482582,1.2094128131866455,0.02991611696779728,0.02991611696779728,0.00029916115454398096,1,2,2
65,31,3351,0.0,0.009999999776482582,4.757808685302734,0.5368298292160034,0.5368298292160034,0.005368298385292292,1,5,5
66,32,3351,0.0,0.009999999776482582,4.757808685302734,0.5368298292160034,0.5368298292160034,0.005368298385292292,1,5,5
67,32,33,0.0,0.009999999776482582,1.7090870141983032,0.10129814594984055,0.10129814594984055,0.001012981403619051,1,2,2
68,33,3351,0.0,0.009999999776482582,4.757808685302734,0.5368298292160034,0.5368298292160034,0.005368298385292292,1,5,5
69,3351,3445,0.0,0.009999999776482582,4.757808685302734,0.5368298292160034,0.5368298292160034,0.005368298385292292,1,5,5
70,34,3445,0.0,0.009999999776482582,1.3333988189697266,0.04762840270996094,0.04762840270996094,0.0004762840108014643,1,2,2
71,34,3351,0.0,0.009999999776482582,4.757808685302734,0.5368298292160034,0.5368298292160034,0.005368298385292292,1,5,5
72,35,3351,0.0,0.009999999776482582,4.757808685302734,0.5368298292160034,0.5368298292160034,0.005368298385292292,1,5,5
73,35,3445,0.0,0.009999999776482582,1.2792259454727173,0.03988942131400108,0.03988942131400108,0.00039889418985694647,1,2,2
74,36,3445,0.0,0.009999999776482582,1.2792259454727173,0.03988942131400108,0.03988942131400108,0.00039889418985694647,1,2,2
75,36,3351,0.0,0.009999999776482582,4.757808685302734,0.5368298292160034,0.5368298292160034,0.005368298385292292,1,5,5
76,37,38,0.0,0.009999999776482582,1.340546727180481,0.04864953085780144,0.04864953085780144,0.00048649529344402254,1,2,2
77,38,39,0.0,0.009999999776482582,1.2695379257202148,0.03850541636347771,0.03850541636347771,0.0003850541543215513,1,2,2
78,39,40,0.0,0.009999999776482582,1.027769923210144,0.003967131953686476,0.003967131953686476,3.967131851823069e-05,1,2,2
79,40,2821,0.0,0.009999999776482582,1.037945032119751,0.0054207188077270985,0.0054207188077270985,5.420718662207946e-05,1,2,2
80,41,42,0.0,0.009999999776482582,1.1904264688491821,0.02720378153026104,0.02720378153026104,0.0002720378106459975,1,2,2
81,42,43,0.0,0.009999999776482582,1.1899096965789795,0.02712995745241642,0.02712995745241642,0.000271299562882632,1,2,2
82,43,3351,0.0,0.009999999776482582,4.757808685302734,0.5368298292160034,0.5368298292160034,0.005368298385292292,1,5,5
83,44,3351,0.0,0.009999999776482582,4.757808685302734,0.5368298292160034,0.5368298292160034,0.005368298385292292,1,5,5
84,44,45,0.0,0.009999999776482582,1.3282601833343506,0.04689431190490723,0.04689431190490723,0.0004689431225415319,1,2,2
85,45,3445,0.0,0.009999999776482582,1.2826449871063232,0.04037785530090332,0.04037785530090332,0.0004037785402033478,1,2,2
86,46,3445,0.0,0.009999999776482582,1.2792259454727173,0.03988942131400108,0.03988942131400108,0.00039889418985694647,1,2,2
87,46,3351,0.0,0.009999999776482582,4.757808685302734,0.5368298292160034,0.5368298292160034,0.005368298385292292,1,5,5
88,47,3351,0.0,0.009999999776482582,4.757808685302734,0.5368298292160034,0.5368298292160034,0.005368298385292292,1,5,5
89,47,48,0.0,0.009999999776482582,2.068362236022949,0.15262317657470703,0.15262317657470703,0.0015262317610904574,1,3,3
90,48,3351,0.0,0.009999999776482582,4.757808685302734,0.5368298292160034,0.5368298292160034,0.005368298385292292,1,5,5
91,49,2822,0.0,0.009999999776482582,2.0875802040100098,0.1553685963153839,0.1553685963153839,0.0015536859864369035,1,3,3
92,49,4350,0.0,0.009999999776482582,1.5359455347061157,0.07656364887952805,0.07656364887952805,0.0007656364468857646,1,2,2
93,3462,4350,0.0,0.009999999776482582,1.5359455347061157,0.07656364887952805,0.07656364887952805,0.0007656364468857646,1,2,2
94,50,4350,0.0,0.009999999776482582,1.5359455347061157,0.07656364887952805,0.07656364887952805,0.0007656364468857646,1,2,2
95,3091,4350,0.0,0.009999999776482582,1.5359455347061157,0.07656364887952805,0.07656364887952805,0.0007656364468857646,1,2,2
96,51,3091,0.0,0.009999999776482582,1.3753116130828857,0.05361594632267952,0.05361594632267952,0.0005361594376154244,1,2,2
97,51,2822,0.0,0.009999999776482582,2.0875802040100098,0.1553685963153839,0.1553685963153839,0.0015536859864369035,1,3,3
98,52,2822,0.0,0.009999999776482582,2.0875802040100098,0.1553685963153839,0.1553685963153839,0.0015536859864369035,1,3,3
99,52,3462,0.0,0.009999999776482582,1.1627143621444702,0.023244908079504967,0.023244908079504967,0.00023244907788466662,1,2,2
100,53,3462,0.0,0.009999999776482582,1.1781299114227295,0.02544713020324707,0.02544713020324707,0.00025447129155509174,1,2,2
101,53,54,0.0,0.009999999776482582,1.1781299114227295,0.02544713020324707,0.02544713020324707,0.00025447129155509174,1,2,2
102,54,55,0.0,0.009999999776482582,1.0904731750488281,0.01292473915964365,0.01292473915964365,0.00012924738985020667,1,2,2
103,55,56,0.0,0.009999999776482582,1.0904731750488281,0.01292473915964365,0.01292473915964365,0.00012924738985020667,1,2,2
104,56,57,0.0,0.009999999776482582,1.5821444988250732,0.08316349983215332,0.08316349983215332,0.000831634970381856,1,2,2
105,57,3475,0.0,0.009999999776482582,6.79606294631958,0.8280090093612671,0.8280090093612671,0.008280090056359768,1,7,7
106,58,3475,0.0,0.009999999776482582,6.79606294631958,0.8280090093612671,0.8280090093612671,0.008280090056359768,1,7,7
107,58,59,0.0,0.009999999776482582,1.075260043144226,0.010751434601843357,0.010751434601843357,0.00010751434456324205,1,2,2
108,59,3475,0.0,0.009999999776482582,6.79606294631958,0.8280090093612671,0.8280090093612671,0.008280090056359768,1,7,7
109,3563,3572,1.0,1.0,2.816661834716797,0.2595231235027313,0.2595231235027313,0.2595231235027313,5,3,15
110,3562,3563,1.0,1.0,3.0332727432250977,0.2904675304889679,0.2904675304889679,0.2904675304889679,5,4,20
111,60,3562,0.0,0.009999999776482582,3.0332727432250977,0.2904675304889679,0.2904675304889679,0.0029046752024441957,1,4,4
112,60,3563,0.0,0.009999999776482582,2.816661834716797,0.2595231235027313,0.2595231235027313,0.002595231169834733,1,3,3
113,3562,3572,1.0,1.0,3.0332727432250977,0.2904675304889679,0.2904675304889679,0.2904675304889679,5,4,20
114,3464,3562,1.0,1.0,3.0332727432250977,0.2904675304889679,0.2904675304889679,0.2904675304889679,5,4,20
115,61,4128,0.0,0.009999999776482582,1.092910647392273,0.013272949494421482,0.013272949494421482,0.00013272948854137212,1,2,2
116,61,62,0.0,0.009999999776482582,1.0458109378814697,0.006544419564306736,0.006544419564306736,6.544419738929719e-05,1,2,2
117,62,63,0.0,0.009999999776482582,1.0458109378814697,0.006544419564306736,0.006544419564306736,6.544419738929719e-05,1,2,2
118,64,65,0.0,0.009999999776482582,1.1847031116485596,0.026386158540844917,0.026386158540844917,0.00026386158424429595,1,2,2
119,65,3449,0.0,0.009999999776482582,1.3904179334640503,0.05577399209141731,0.05577399209141731,0.0005577399278990924,1,2,2
120,66,3449,0.0,0.009999999776482582,1.7922141551971436,0.11317344754934311,0.11317344754934311,0.0011317344615235925,1,2,2
121,67,3449,0.0,0.009999999776482582,1.3904179334640503,0.05577399209141731,0.05577399209141731,0.0005577399278990924,1,2,2
122,68,3351,0.0,0.009999999776482582,4.757808685302734,0.5368298292160034,0.5368298292160034,0.005368298385292292,1,5,5
123,68,3463,0.0,0.009999999776482582,1.13933527469635,0.01990504004061222,0.01990504004061222,0.00019905039516743273,1,2,2
124,69,3463,0.0,0.009999999776482582,1.1963030099868774,0.028043286874890327,0.028043286874890327,0.0002804328687489033,1,2,2
125,69,3351,0.0,0.009999999776482582,4.757808685302734,0.5368298292160034,0.5368298292160034,0.005368298385292292,1,5,5
126,70,3351,0.0,0.009999999776482582,4.757808685302734,0.5368298292160034,0.5368298292160034,0.005368298385292292,1,5,5
127,70,3480,0.0,0.009999999776482582,1.3050631284713745,0.043580446392297745,0.043580446392297745,0.0004358044534455985,1,2,2
128,3351,3480,0.0,0.009999999776482582,4.757808685302734,0.5368298292160034,0.5368298292160034,0.005368298385292292,1,5,5
129,3450,4268,0.0,0.009999999776482582,1.609163522720337,0.08702336251735687,0.08702336251735687,0.0008702336344867945,1,2,2
130,71,4268,0.0,0.009999999776482582,1.376934289932251,0.05384775623679161,0.05384775623679161,0.0005384775577113032,1,2,2
131,71,72,0.0,0.009999999776482582,1.2808715105056763,0.040124502032995224,0.040124502032995224,0.0004012450226582587,1,2,2
132,72,4268,0.0,0.009999999776482582,1.376934289932251,0.05384775623679161,0.05384775623679161,0.0005384775577113032,1,2,2
133,73,3455,0.0,0.009999999776482582,1.9724128246307373,0.13891611993312836,0.13891611993312836,0.001389161217957735,1,2,2
134,73,74,0.0,0.009999999776482582,1.6815719604492188,0.09736742079257965,0.09736742079257965,0.0009736741776578128,1,2,2
135,74,3274,0.0,0.009999999776482582,3.282177448272705,0.3260253369808197,0.3260253369808197,0.003260253230109811,1,4,4
136,75,3225,0.0,0.009999999776482582,6.652153015136719,0.8074504137039185,0.8074504137039185,0.0080745043233037,1,7,7
137,75,3444,0.0,0.009999999776482582,1.549121618270874,0.07844594866037369,0.07844594866037369,0.000784459465648979,1,2,2
138,3225,3444,0.0,0.009999999776482582,6.652153015136719,0.8074504137039185,0.8074504137039185,0.0080745043233037,1,7,7
139,76,3351,0.0,0.009999999776482582,4.757808685302734,0.5368298292160034,0.5368298292160034,0.005368298385292292,1,5,5
140,76,77,0.0,0.009999999776482582,1.2856165170669556,0.04080235958099365,0.04080235958099365,0.0004080235958099365,1,2,2
141,77,78,0.0,0.009999999776482582,1.3207440376281738,0.04582057520747185,0.04582057520747185,0.00045820572995580733,1,2,2
142,79,80,0.0,0.009999999776482582,1.1547536849975586,0.022107670083642006,0.022107670083642006,0.000221076697926037,1,2,2
143,80,3445,0.0,0.009999999776482582,1.2792259454727173,0.03988942131400108,0.03988942131400108,0.00039889418985694647,1,2,2
144,81,3445,0.0,0.009999999776482582,1.2792259454727173,0.03988942131400108,0.03988942131400108,0.00039889418985694647,1,2,2
145,81,3351,0.0,0.009999999776482582,4.757808685302734,0.5368298292160034,0.5368298292160034,0.005368298385292292,1,5,5
146,82,3351,0.0,0.009999999776482582,4.757808685302734,0.5368298292160034,0.5368298292160034,0.005368298385292292,1,5,5
147,82,83,0.0,0.009999999776482582,1.7945997714996338,0.1135142520070076,0.1135142520070076,0.001135142520070076,1,2,2
148,83,84,0.0,0.009999999776482582,1.7945997714996338,0.1135142520070076,0.1135142520070076,0.001135142520070076,1,2,2
149,85,3094,0.0,0.009999999776482582,1.9264572858810425,0.13235104084014893,0.13235104084014893,0.0013235104270279408,1,2,2
150,85,86,0.0,0.009999999776482582,1.9264572858810425,0.13235104084014893,0.13235104084014893,0.0013235104270279408,1,2,2
151,86,87,0.0,0.009999999776482582,2.171245574951172,0.16732080280780792,0.16732080280780792,0.0016732079675421119,1,3,3
152,87,3470,0.0,0.009999999776482582,2.478747844696045,0.2112496942281723,0.2112496942281723,0.002112496877089143,1,3,3
153,2823,3995,0.0,0.009999999776482582,3.7291080951690674,0.38987258076667786,0.38987258076667786,0.003898725612089038,1,4,4
154,2823,4351,0.0,0.009999999776482582,1.2809748649597168,0.04013926535844803,0.04013926535844803,0.00040139263728633523,1,2,2
155,3995,4351,0.0,0.009999999776482582,3.7291080951690674,0.38987258076667786,0.38987258076667786,0.003898725612089038,1,4,4
156,88,3995,0.0,0.009999999776482582,3.7291080951690674,0.38987258076667786,0.38987258076667786,0.003898725612089038,1,4,4
157,88,89,0.0,0.009999999776482582,1.295919418334961,0.04227420315146446,0.04227420315146446,0.00042274201405234635,1,2,2
158,89,3995,0.0,0.009999999776482582,3.7291080951690674,0.38987258076667786,0.38987258076667786,0.003898725612089038,1,4,4
159,90,3274,0.0,0.009999999776482582,3.282177448272705,0.3260253369808197,0.3260253369808197,0.003260253230109811,1,4,4
160,90,91,0.0,0.009999999776482582,1.5076470375061035,0.07252100855112076,0.07252100855112076,0.0007252100622281432,1,2,2
161,91,3198,0.0,0.009999999776482582,6.814609527587891,0.830658495426178,0.830658495426178,0.008306584320962429,1,7,7
162,3198,3485,0.4999999701976776,0.5049999952316284,6.814609527587891,0.830658495426178,0.830658495426178,0.4194825291633606,5,7,35
163,3459,3485,0.4999999701976776,0.5049999952316284,1.8181962966918945,0.11688518524169922,0.11688518524169922,0.059027016162872314,5,2,10
164,3198,3459,0.0,0.009999999776482582,6.814609527587891,0.830658495426178,0.830658495426178,0.008306584320962429,1,7,7
165,92,3459,0.0,0.009999999776482582,1.8181962966918945,0.11688518524169922,0.11688518524169922,0.001168851857073605,1,2,2
166,92,3198,0.0,0.009999999776482582,6.814609527587891,0.830658495426178,0.830658495426178,0.008306584320962429,1,7,7
167,93,3351,0.0,0.009999999776482582,4.757808685302734,0.5368298292160034,0.5368298292160034,0.005368298385292292,1,5,5
168,93,94,0.0,0.009999999776482582,1.318373203277588,0.045481886714696884,0.045481886714696884,0.0004548188589978963,1,2,2
169,94,3351,0.0,0.009999999776482582,4.757808685302734,0.5368298292160034,0.5368298292160034,0.005368298385292292,1,5,5
170,95,96,0.0,0.009999999776482582,1.4369653463363647,0.062423620373010635,0.062423620373010635,0.0006242361851036549,1,2,2
171,96,97,0.0,0.009999999776482582,1.4369653463363647,0.062423620373010635,0.062423620373010635,0.0006242361851036549,1,2,2
172,97,98,0.0,0.009999999776482582,1.180016040802002,0.025716576725244522,0.025716576725244522,0.0002571657532826066,1,2,2
173,98,99,0.0,0.009999999776482582,1.4541449546813965,0.06487785279750824,0.06487785279750824,0.0006487785140052438,1,2,2
174,100,101,0.0,0.009999999776482582,1.9799036979675293,0.13998624682426453,0.13998624682426453,0.0013998624635860324,1,2,2
175,101,102,0.0,0.009999999776482582,1.9799036979675293,0.13998624682426453,0.13998624682426453,0.0013998624635860324,1,2,2
176,102,103,0.0,0.009999999776482582,1.5839807987213135,0.08342582732439041,0.08342582732439041,0.0008342582732439041,1,2,2
177,103,104,0.0,0.009999999776482582,1.663665771484375,0.0948093980550766,0.0948093980550766,0.0009480939479544759,1,2,2
178,104,105,0.0,0.009999999776482582,1.6794360876083374,0.09706229716539383,0.09706229716539383,0.0009706229320727289,1,2,2
179,105,106,0.0,0.009999999776482582,1.6794360876083374,0.09706229716539383,0.09706229716539383,0.0009706229320727289,1,2,2
180,107,108,0.0,0.009999999776482582,1.3643600940704346,0.052051443606615067,0.052051443606615067,0.0005205144407227635,1,2,2
181,108,109,0.0,0.009999999776482582,1.1944503784179688,0.02777862548828125,0.02777862548828125,0.0002777862537186593,1,2,2
182,109,110,0.0,0.009999999776482582,1.2138400077819824,0.030548572540283203,0.030548572540283203,0.00030548570794053376,1,2,2
183,110,111,0.0,0.009999999776482582,1.2138400077819824,0.030548572540283203,0.030548572540283203,0.00030548570794053376,1,2,2
184,112,113,0.0,0.009999999776482582,1.3539048433303833,0.050557833164930344,0.050557833164930344,0.0005055782967247069,1,2,2
185,113,114,0.0,0.009999999776482582,1.3127096891403198,0.04467281326651573,0.04467281326651573,0.00044672811054624617,1,2,2
186,114,3225,0.0,0.009999999776482582,6.652153015136719,0.8074504137039185,0.8074504137039185,0.0080745043233037,1,7,7
187,115,3225,0.0,0.009999999776482582,6.652153015136719,0.8074504137039185,0.8074504137039185,0.0080745043233037,1,7,7
188,115,116,0.0,0.009999999776482582,1.294285774230957,0.04204082489013672,0.04204082489013672,0.0004204082360956818,1,2,2
189,116,117,0.0,0.009999999776482582,1.294285774230957,0.04204082489013672,0.04204082489013672,0.0004204082360956818,1,2,2
190,117,3225,0.0,0.009999999776482582,6.652153015136719,0.8074504137039185,0.8074504137039185,0.0080745043233037,1,7,7
191,118,119,0.0,0.009999999776482582,1.210641622543335,0.0300916600972414,0.0300916600972414,0.0003009165811818093,1,2,2
192,119,2824,0.0,0.009999999776482582,1.7477699518203735,0.10682427883148193,0.10682427883148193,0.0010682427091524005,1,2,2
193,2824,2825,0.4999999701976776,0.5049999952316284,1.8307781219482422,0.11868258565664291,0.11868258565664291,0.05993470549583435,5,2,10
194,2825,3443,0.4999999701976776,0.5049999952316284,1.8307781219482422,0.11868258565664291,0.11868258565664291,0.05993470549583435,5,2,10
195,120,3443,0.0,0.009999999776482582,1.9684196710586548,0.13834567368030548,0.13834567368030548,0.0013834567507728934,1,2,2
196,120,121,0.0,0.009999999776482582,1.9684196710586548,0.13834567368030548,0.13834567368030548,0.0013834567507728934,1,2,2
197,121,3445,0.0,0.009999999776482582,1.2792259454727173,0.03988942131400108,0.03988942131400108,0.00039889418985694647,1,2,2
198,3443,3445,0.0,0.009999999776482582,1.6096540689468384,0.08709343522787094,0.08709343522787094,0.0008709343383088708,1,2,2
199,122,3443,0.0,0.009999999776482582,3.272273063659668,0.3246104419231415,0.3246104419231415,0.003246104344725609,1,4,4
200,122,2824,0.0,0.009999999776482582,3.272273063659668,0.3246104419231415,0.3246104419231415,0.003246104344725609,1,4,4
201,123,3443,0.0,0.009999999776482582,1.9657669067382812,0.13796670734882355,0.13796670734882355,0.0013796670828014612,1,2,2
202,123,124,0.0,0.009999999776482582,1.9657669067382812,0.13796670734882355,0.13796670734882355,0.0013796670828014612,1,2,2
203,125,4352,0.0,0.009999999776482582,1.30344820022583,0.0433497428894043,0.0433497428894043,0.00043349742190912366,1,2,2
204,125,126,0.0,0.009999999776482582,1.314598560333252,0.04494265094399452,0.04494265094399452,0.0004494265012908727,1,2,2
205,126,4352,0.0,0.009999999776482582,1.314598560333252,0.04494265094399452,0.04494265094399452,0.0004494265012908727,1,2,2
206,127,3134,0.0,0.009999999776482582,2.31124210357666,0.1873203068971634,0.1873203068971634,0.0018732029711827636,1,3,3
207,127,128,0.0,0.009999999776482582,1.9471211433410645,0.13530302047729492,0.13530302047729492,0.001353030209429562,1,2,2
208,128,129,0.0,0.009999999776482582,1.9471211433410645,0.13530302047729492,0.13530302047729492,0.001353030209429562,1,2,2
209,129,3200,0.0,0.009999999776482582,1.8163563013076782,0.11662232875823975,0.11662232875823975,0.0011662233155220747,1,2,2
210,130,3482,0.0,0.009999999776482582,4.455838203430176,0.49369117617607117,0.49369117617607117,0.004936911631375551,1,5,5
211,3233,3482,0.0,0.009999999776482582,4.455838203430176,0.49369117617607117,0.49369117617607117,0.004936911631375551,1,5,5
212,3141,3233,0.0,0.009999999776482582,1.9546235799789429,0.1363748013973236,0.1363748013973236,0.0013637479860335588,1,2,2
213,3233,3483,0.0,0.009999999776482582,1.9546235799789429,0.1363748013973236,0.1363748013973236,0.0013637479860335588,1,2,2
214,131,3483,0.0,0.009999999776482582,1.4668433666229248,0.06669191271066666,0.06669191271066666,0.0006669191061519086,1,2,2
215,131,132,0.0,0.009999999776482582,1.0602952241897583,0.008613603189587593,0.008613603189587593,8.613603131379932e-05,1,2,2
216,132,3233,0.0,0.009999999776482582,1.9546235799789429,0.1363748013973236,0.1363748013973236,0.0013637479860335588,1,2,2
217,3233,3305,0.0,0.009999999776482582,1.9546235799789429,0.1363748013973236,0.1363748013973236,0.0013637479860335588,1,2,2
218,133,3274,0.0,0.009999999776482582,3.282177448272705,0.3260253369808197,0.3260253369808197,0.003260253230109811,1,4,4
219,133,3459,0.0,0.009999999776482582,1.8181962966918945,0.11688518524169922,0.11688518524169922,0.001168851857073605,1,2,2
220,3201,3459,0.0,0.009999999776482582,2.8508119583129883,0.26440170407295227,0.26440170407295227,0.0026440168730914593,1,3,3
221,134,3485,0.0,0.009999999776482582,1.6484594345092773,0.0926370620727539,0.0926370620727539,0.0009263706160709262,1,2,2
222,135,3485,0.0,0.009999999776482582,2.378293037414551,0.19689901173114777,0.19689901173114777,0.0019689900800585747,1,3,3
223,135,136,0.0,0.009999999776482582,2.378293037414551,0.19689901173114777,0.19689901173114777,0.0019689900800585747,1,3,3
224,136,3274,0.0,0.009999999776482582,3.282177448272705,0.3260253369808197,0.3260253369808197,0.003260253230109811,1,4,4
225,137,3198,0.0,0.009999999776482582,6.814609527587891,0.830658495426178,0.830658495426178,0.008306584320962429,1,7,7
226,137,138,0.0,0.009999999776482582,2.024717330932617,0.1463881880044937,0.1463881880044937,0.001463881810195744,1,3,3
227,138,3198,0.0,0.009999999776482582,6.814609527587891,0.830658495426178,0.830658495426178,0.008306584320962429,1,7,7
228,3198,3486,0.0,0.009999999776482582,6.814609527587891,0.830658495426178,0.830658495426178,0.008306584320962429,1,7,7
229,139,3486,0.0,0.009999999776482582,1.7622629404067993,0.1088947057723999,0.1088947057723999,0.001088947057723999,1,2,2
230,139,140,0.0,0.009999999776482582,1.390160083770752,0.05573715642094612,0.05573715642094612,0.0005573715316131711,1,2,2
231,140,141,0.0,0.009999999776482582,1.777298927307129,0.11104270070791245,0.11104270070791245,0.0011104269651696086,1,2,2
232,141,3381,0.0,0.009999999776482582,4.358625888824463,0.4798037111759186,0.4798037111759186,0.004798037000000477,1,5,5
233,142,3174,0.0,0.009999999776482582,1.751617431640625,0.1073739156126976,0.1073739156126976,0.0010737391421571374,1,2,2
234,142,143,0.0,0.009999999776482582,1.3450827598571777,0.04929753765463829,0.04929753765463829,0.0004929753486067057,1,2,2
235,143,144,0.0,0.009999999776482582,1.1148297786712646,0.016404254361987114,0.016404254361987114,0.0001640425471123308,1,2,2
236,144,3487,0.0,0.009999999776482582,7.2718963623046875,0.8959851861000061,0.8959851861000061,0.00895985122770071,1,8,8
237,3487,3488,1.0,1.0,7.2718963623046875,0.8959851861000061,0.8959851861000061,0.8959851861000061,5,8,40
238,145,3126,0.0,0.009999999776482582,1.8552054166793823,0.12217219918966293,0.12217219918966293,0.0012217219918966293,1,2,2
239,145,3452,0.0,0.009999999776482582,2.8808608055114746,0.2686944007873535,0.2686944007873535,0.0026869438588619232,1,3,3
240,2826,3126,0.0,0.009999999776482582,1.8552054166793823,0.12217219918966293,0.12217219918966293,0.0012217219918966293,1,2,2
241,2826,3452,0.0,0.009999999776482582,2.8808608055114746,0.2686944007873535,0.2686944007873535,0.0026869438588619232,1,3,3
242,146,3136,0.0,0.009999999776482582,5.684215545654297,0.6691736578941345,0.6691736578941345,0.0066917366348207,1,6,6
243,146,3142,0.0,0.009999999776482582,2.0969948768615723,0.1567135602235794,0.1567135602235794,0.001567135564982891,1,3,3
244,3093,3142,0.0,0.009999999776482582,1.9958703517913818,0.14226719737052917,0.14226719737052917,0.0014226719504222274,1,2,2
245,3473,4353,0.4999999701976776,0.5049999952316284,1.5963797569274902,0.08519710600376129,0.08519710600376129,0.043024539947509766,5,2,10
246,148,4353,0.0,0.009999999776482582,1.446681261062622,0.06381160765886307,0.06381160765886307,0.0006381160346791148,1,2,2
247,148,3491,0.0,0.009999999776482582,1.446681261062622,0.06381160765886307,0.06381160765886307,0.0006381160346791148,1,2,2
248,3472,3491,0.0,0.009999999776482582,3.912785530090332,0.4161122143268585,0.4161122143268585,0.004161122255027294,1,4,4
249,3107,4353,0.0,0.009999999776482582,1.9483184814453125,0.1354740709066391,0.1354740709066391,0.0013547406997531652,1,2,2
250,3492,4353,0.0,0.009999999776482582,1.5825817584991455,0.08322596549987793,0.08322596549987793,0.0008322596549987793,1,2,2
251,3107,3473,0.0,0.009999999776482582,1.9483184814453125,0.1354740709066391,0.1354740709066391,0.0013547406997531652,1,2,2
252,3250,4353,0.0,0.009999999776482582,6.943184852600098,0.8490263819694519,0.8490263819694519,0.008490263484418392,1,7,7
253,149,3250,0.0,0.009999999776482582,6.943184852600098,0.8490263819694519,0.8490263819694519,0.008490263484418392,1,7,7
254,149,2827,0.0,0.009999999776482582,3.7922372817993164,0.39889103174209595,0.39889103174209595,0.003988910000771284,1,4,4
255,2827,3110,0.0,0.009999999776482582,3.7922372817993164,0.39889103174209595,0.39889103174209595,0.003988910000771284,1,4,4
256,3274,3459,0.0,0.009999999776482582,3.282177448272705,0.3260253369808197,0.3260253369808197,0.003260253230109811,1,4,4
257,150,3459,0.0,0.009999999776482582,1.8181962966918945,0.11688518524169922,0.11688518524169922,0.001168851857073605,1,2,2
258,150,3274,0.0,0.009999999776482582,3.282177448272705,0.3260253369808197,0.3260253369808197,0.003260253230109811,1,4,4
259,3418,3490,0.0,0.009999999776482582,3.565641164779663,0.3665201663970947,0.3665201663970947,0.003665201598778367,1,4,4
260,151,3490,0.0,0.009999999776482582,2.6304755210876465,0.23292507231235504,0.23292507231235504,0.0023292505647987127,1,3,3
261,151,152,0.0,0.009999999776482582,2.6304755210876465,0.23292507231235504,0.23292507231235504,0.0023292505647987127,1,3,3
262,152,3423,0.0,0.009999999776482582,1.9234259128570557,0.13191798329353333,0.13191798329353333,0.0013191797770559788,1,2,2
263,153,154,0.0,0.009999999776482582,2.065067768096924,0.15215253829956055,0.15215253829956055,0.0015215253224596381,1,3,3
264,154,155,0.0,0.009999999776482582,2.065067768096924,0.15215253829956055,0.15215253829956055,0.0015215253224596381,1,3,3
265,155,156,0.0,0.009999999776482582,1.7382385730743408,0.10546265542507172,0.10546265542507172,0.0010546265402808785,1,2,2
266,156,157,0.0,0.009999999776482582,1.5247000455856323,0.07495714724063873,0.07495714724063873,0.0007495714817196131,1,2,2
267,157,158,0.0,0.009999999776482582,1.1416845321655273,0.020240647718310356,0.020240647718310356,0.00020240647427272052,1,2,2
268,158,159,0.0,0.009999999776482582,1.203357219696045,0.029051031917333603,0.029051031917333603,0.000290510302875191,1,2,2
269,159,2828,0.0,0.009999999776482582,1.6031098365783691,0.08615855127573013,0.08615855127573013,0.000861585489474237,1,2,2
270,160,2828,0.0,0.009999999776482582,1.6031098365783691,0.08615855127573013,0.08615855127573013,0.000861585489474237,1,2,2
271,160,161,0.0,0.009999999776482582,1.598381757736206,0.0854831114411354,0.0854831114411354,0.0008548310725018382,1,2,2
272,161,2828,0.0,0.009999999776482582,1.6031098365783691,0.08615855127573013,0.08615855127573013,0.000861585489474237,1,2,2
273,162,163,0.0,0.009999999776482582,1.4491617679595947,0.06416596472263336,0.06416596472263336,0.0006416596588678658,1,2,2
274,163,3449,0.0,0.009999999776482582,1.4491617679595947,0.06416596472263336,0.06416596472263336,0.0006416596588678658,1,2,2
275,164,3449,0.0,0.009999999776482582,1.3904179334640503,0.05577399209141731,0.05577399209141731,0.0005577399278990924,1,2,2
276,165,3494,0.0,0.009999999776482582,1.1491219997406006,0.021303143352270126,0.021303143352270126,0.00021303142420947552,1,2,2
277,165,166,0.0,0.009999999776482582,1.1491219997406006,0.021303143352270126,0.021303143352270126,0.00021303142420947552,1,2,2
278,166,3494,0.0,0.009999999776482582,1.1120201349258423,0.016002876684069633,0.016002876684069633,0.0001600287650944665,1,2,2
279,167,3494,0.0,0.009999999776482582,1.3799227476119995,0.054274678230285645,0.054274678230285645,0.0005427467986010015,1,2,2
280,167,168,0.0,0.009999999776482582,1.3799227476119995,0.054274678230285645,0.054274678230285645,0.0005427467986010015,1,2,2
281,168,3494,0.0,0.009999999776482582,1.1664141416549683,0.023773448541760445,0.023773448541760445,0.00023773447901476175,1,2,2
282,169,3387,0.0,0.009999999776482582,5.32706356048584,0.6181519627571106,0.6181519627571106,0.006181519478559494,1,6,6
283,169,170,0.0,0.009999999776482582,1.7835640907287598,0.11193772405385971,0.11193772405385971,0.001119377207942307,1,2,2
284,170,3429,0.0,0.009999999776482582,1.0798276662826538,0.011403952725231647,0.011403952725231647,0.00011403952521504834,1,2,2
285,171,3504,0.0,0.009999999776482582,2.1505651473999023,0.1643664538860321,0.1643664538860321,0.0016436645528301597,1,3,3
286,172,3504,0.0,0.009999999776482582,2.1505651473999023,0.1643664538860321,0.1643664538860321,0.0016436645528301597,1,3,3
287,172,173,0.0,0.009999999776482582,1.6412644386291504,0.09160920232534409,0.09160920232534409,0.0009160920162685215,1,2,2
288,173,174,0.0,0.009999999776482582,1.5653297901153564,0.0807613953948021,0.0807613953948021,0.0008076139492914081,1,2,2
289,174,3504,0.0,0.009999999776482582,2.1505651473999023,0.1643664538860321,0.1643664538860321,0.0016436645528301597,1,3,3
290,175,3351,0.0,0.009999999776482582,4.757808685302734,0.5368298292160034,0.5368298292160034,0.005368298385292292,1,5,5
291,175,3443,0.0,0.009999999776482582,1.748631238937378,0.10694731771945953,0.10694731771945953,0.0010694731026887894,1,2,2
292,3351,3443,0.0,0.009999999776482582,4.757808685302734,0.5368298292160034,0.5368298292160034,0.005368298385292292,1,5,5
293,176,3312,0.0,0.009999999776482582,2.711240291595459,0.24446289241313934,0.24446289241313934,0.002444628858938813,1,3,3
294,176,3505,0.0,0.009999999776482582,1.6859157085418701,0.09798795729875565,0.09798795729875565,0.0009798795217648149,1,2,2
295,3312,3505,0.0,0.009999999776482582,2.711240291595459,0.24446289241313934,0.24446289241313934,0.002444628858938813,1,3,3
296,3178,3298,0.0,0.009999999776482582,3.016408681869507,0.2880583703517914,0.2880583703517914,0.0028805837500840425,1,4,4
297,177,3178,0.0,0.009999999776482582,2.164971351623535,0.1664244830608368,0.1664244830608368,0.0016642448026686907,1,3,3
298,177,3535,0.0,0.009999999776482582,2.4584784507751465,0.20835407078266144,0.20835407078266144,0.0020835406612604856,1,3,3
299,178,3132,0.0,0.009999999776482582,2.005162000656128,0.14359457790851593,0.14359457790851593,0.0014359457418322563,1,3,3
300,178,179,0.0,0.009999999776482582,1.6501877307891846,0.09288395941257477,0.09288395941257477,0.0009288395522162318,1,2,2
301,179,3512,0.0,0.009999999776482582,2.5077781677246094,0.21539688110351562,0.21539688110351562,0.00215396867133677,1,3,3
302,180,3515,0.0,0.009999999776482582,2.07236647605896,0.15319521725177765,0.15319521725177765,0.0015319521771743894,1,3,3
303,180,3962,0.0,0.009999999776482582,2.07236647605896,0.15319521725177765,0.15319521725177765,0.0015319521771743894,1,3,3
304,3515,3962,0.4999999701976776,0.5049999952316284,1.6990410089492798,0.09986300021409988,0.09986300021409988,0.050430815666913986,5,2,10
305,181,3421,0.0,0.009999999776482582,5.032994270324707,0.5761420130729675,0.5761420130729675,0.005761419888585806,1,6,6
306,181,182,0.0,0.009999999776482582,1.1360265016555786,0.01943235658109188,0.01943235658109188,0.00019432355475146323,1,2,2
307,182,183,0.0,0.009999999776482582,1.0618669986724854,0.008838142268359661,0.008838142268359661,8.838142093736678e-05,1,2,2
308,184,185,0.0,0.009999999776482582,1.3150756359100342,0.04501080513000488,0.04501080513000488,0.0004501080547925085,1,2,2
309,185,186,0.0,0.009999999776482582,1.3150756359100342,0.04501080513000488,0.04501080513000488,0.0004501080547925085,1,2,2
310,186,3519,0.0,0.009999999776482582,1.6108289957046509,0.08726128190755844,0.08726128190755844,0.0008726128144189715,1,2,2
311,3334,3988,0.0,0.009999999776482582,1.4673562049865723,0.06676517426967621,0.06676517426967621,0.0006676517077721655,1,2,2
312,3168,3334,0.0,0.009999999776482582,1.4673562049865723,0.06676517426967621,0.06676517426967621,0.0006676517077721655,1,2,2
313,3168,3988,0.0,0.009999999776482582,1.062674641609192,0.008953520096838474,0.008953520096838474,8.95351986400783e-05,1,2,2
314,3521,3522,0.0,0.009999999776482582,2.177034854888916,0.16814783215522766,0.16814783215522766,0.0016814782284200191,1,3,3
315,187,3522,0.0,0.009999999776482582,1.6854629516601562,0.09792327880859375,0.09792327880859375,0.0009792327182367444,1,2,2
316,187,3250,0.0,0.009999999776482582,6.943184852600098,0.8490263819694519,0.8490263819694519,0.008490263484418392,1,7,7
317,188,189,0.0,0.009999999776482582,1.4070563316345215,0.05815090611577034,0.05815090611577034,0.0005815090262331069,1,2,2
318,189,190,0.0,0.009999999776482582,1.0360499620437622,0.005149994511157274,0.005149994511157274,5.1499944675015286e-05,1,2,2
319,190,3386,0.0,0.009999999776482582,1.0349862575531006,0.004998036660254002,0.004998036660254002,4.9980364565271884e-05,1,2,2
320,191,3524,0.0,0.009999999776482582,1.6449445486068726,0.09213493764400482,0.09213493764400482,0.0009213493322022259,1,2,2
321,191,192,0.0,0.009999999776482582,2.1180028915405273,0.1597146987915039,0.1597146987915039,0.0015971469692885876,1,3,3
322,192,3524,0.0,0.009999999776482582,2.1180028915405273,0.1597146987915039,0.1597146987915039,0.0015971469692885876,1,3,3
323,193,194,0.0,0.009999999776482582,1.0097777843475342,0.001396826351992786,0.001396826351992786,1.3968263374408707e-05,1,2,2
324,194,195,0.0,0.009999999776482582,1.2088035345077515,0.029829075559973717,0.029829075559973717,0.0002982907462865114,1,2,2
325,195,4265,0.0,0.009999999776482582,1.2088035345077515,0.029829075559973717,0.029829075559973717,0.0002982907462865114,1,2,2
326,196,4354,0.0,0.009999999776482582,1.0294103622436523,0.004201480187475681,0.004201480187475681,4.2014802602352574e-05,1,2,2
327,196,197,0.0,0.009999999776482582,1.1492935419082642,0.02132764831185341,0.02132764831185341,0.00021327647846192122,1,2,2
328,197,3335,0.0,0.009999999776482582,7.126559734344482,0.8752228021621704,0.8752228021621704,0.008752227760851383,1,8,8
329,198,4367,0.0,0.009999999776482582,2.090111255645752,0.15573017299175262,0.15573017299175262,0.0015573017299175262,1,3,3
330,198,199,0.0,0.009999999776482582,2.090111255645752,0.15573017299175262,0.15573017299175262,0.0015573017299175262,1,3,3
331,199,3312,0.0,0.009999999776482582,2.711240291595459,0.24446289241313934,0.24446289241313934,0.002444628858938813,1,3,3
332,200,201,0.0,0.009999999776482582,1.1075598001480103,0.01536568533629179,0.01536568533629179,0.00015365684521384537,1,2,2
333,201,202,0.0,0.009999999776482582,1.113840937614441,0.016262991353869438,0.016262991353869438,0.00016262990538962185,1,2,2
334,202,3377,0.0,0.009999999776482582,1.113840937614441,0.016262991353869438,0.016262991353869438,0.00016262990538962185,1,2,2
335,203,4090,0.0,0.009999999776482582,1.862901210784912,0.12327159941196442,0.12327159941196442,0.0012327160220593214,1,2,2
336,203,204,0.0,0.009999999776482582,1.862901210784912,0.12327159941196442,0.12327159941196442,0.0012327160220593214,1,2,2
337,204,4090,0.0,0.009999999776482582,1.608223557472229,0.08688908070325851,0.08688908070325851,0.0008688907837495208,1,2,2
338,205,206,0.0,0.009999999776482582,1.039366602897644,0.005623800214380026,0.005623800214380026,5.623800097964704e-05,1,2,2
339,206,207,0.0,0.009999999776482582,1.039366602897644,0.005623800214380026,0.005623800214380026,5.623800097964704e-05,1,2,2
340,207,208,0.0,0.009999999776482582,1.1561530828475952,0.022307584062218666,0.022307584062218666,0.00022307584004011005,1,2,2
341,208,209,0.0,0.009999999776482582,1.5478183031082153,0.07825975865125656,0.07825975865125656,0.0007825975771993399,1,2,2
342,209,210,0.0,0.009999999776482582,2.138108253479004,0.16258689761161804,0.16258689761161804,0.001625868957489729,1,3,3
343,210,211,0.0,0.009999999776482582,2.377913475036621,0.19684478640556335,0.19684478640556335,0.001968447817489505,1,3,3
344,211,212,0.0,0.009999999776482582,2.377913475036621,0.19684478640556335,0.19684478640556335,0.001968447817489505,1,3,3
345,213,3134,0.0,0.009999999776482582,2.31124210357666,0.1873203068971634,0.1873203068971634,0.0018732029711827636,1,3,3
346,213,214,0.0,0.009999999776482582,2.143364429473877,0.16333778202533722,0.16333778202533722,0.0016333777457475662,1,3,3
347,214,3134,0.0,0.009999999776482582,2.31124210357666,0.1873203068971634,0.1873203068971634,0.0018732029711827636,1,3,3
348,3500,4294,0.0,0.009999999776482582,2.731997489929199,0.24742820858955383,0.24742820858955383,0.0024742819368839264,1,3,3
349,215,4294,0.0,0.009999999776482582,1.487278699874878,0.06961124390363693,0.06961124390363693,0.0006961124017834663,1,2,2
350,215,3500,0.0,0.009999999776482582,2.731997489929199,0.24742820858955383,0.24742820858955383,0.0024742819368839264,1,3,3
351,3232,3351,1.0,1.0,4.757808685302734,0.5368298292160034,0.5368298292160034,0.5368298292160034,5,5,25
352,3139,3232,0.4999999701976776,0.5049999952316284,1.5546876192092896,0.07924108952283859,0.07924108952283859,0.04001674801111221,5,2,10
353,3139,3351,0.4999999701976776,0.5049999952316284,4.757808685302734,0.5368298292160034,0.5368298292160034,0.2710990607738495,5,5,25
354,216,3366,0.0,0.009999999776482582,1.7059922218322754,0.10085602849721909,0.10085602849721909,0.0010085602989420295,1,2,2
355,216,217,0.0,0.009999999776482582,2.1353862285614014,0.1621980369091034,0.1621980369091034,0.0016219803364947438,1,3,3
356,217,218,0.0,0.009999999776482582,2.1353862285614014,0.1621980369091034,0.1621980369091034,0.0016219803364947438,1,3,3
357,218,219,0.0,0.009999999776482582,1.3959457874298096,0.05656368285417557,0.05656368285417557,0.0005656368448399007,1,2,2
358,219,220,0.0,0.009999999776482582,3.375443696975708,0.33934909105300903,0.33934909105300903,0.0033934907987713814,1,4,4
359,221,4355,0.0,0.009999999776482582,1.7229654788970947,0.10328078269958496,0.10328078269958496,0.0010328077478334308,1,2,2
360,221,222,0.0,0.009999999776482582,2.7403736114501953,0.2486248016357422,0.2486248016357422,0.0024862480349838734,1,3,3
361,222,223,0.0,0.009999999776482582,2.7403736114501953,0.2486248016357422,0.2486248016357422,0.0024862480349838734,1,3,3
362,223,224,0.0,0.009999999776482582,3.6637871265411377,0.38054102659225464,0.38054102659225464,0.0038054101169109344,1,4,4
363,225,3133,0.0,0.009999999776482582,5.108450889587402,0.5869215726852417,0.5869215726852417,0.0058692158199846745,1,6,6
364,225,226,0.0,0.009999999776482582,1.593234896659851,0.08474784344434738,0.08474784344434738,0.0008474783971905708,1,2,2
365,226,227,0.0,0.009999999776482582,1.593234896659851,0.08474784344434738,0.08474784344434738,0.0008474783971905708,1,2,2
366,227,228,0.0,0.009999999776482582,1.9722163677215576,0.13888804614543915,0.13888804614543915,0.0013888804242014885,1,2,2
367,228,2829,0.0,0.009999999776482582,1.9722163677215576,0.13888804614543915,0.13888804614543915,0.0013888804242014885,1,2,2
368,2829,3529,0.0,0.009999999776482582,4.127561092376709,0.44679445028305054,0.44679445028305054,0.004467944614589214,1,5,5
369,229,3202,0.0,0.009999999776482582,2.0872933864593506,0.15532763302326202,0.15532763302326202,0.0015532763209193945,1,3,3
370,229,230,0.0,0.009999999776482582,1.8011583089828491,0.11445118486881256,0.11445118486881256,0.0011445118580013514,1,2,2
371,230,3542,0.0,0.009999999776482582,3.260655403137207,0.3229507803916931,0.3229507803916931,0.0032295077107846737,1,4,4
372,231,3136,0.0,0.009999999776482582,5.684215545654297,0.6691736578941345,0.6691736578941345,0.0066917366348207,1,6,6
373,231,232,0.0,0.009999999776482582,2.398189067840576,0.19974128901958466,0.19974128901958466,0.001997412880882621,1,3,3
374,232,3544,0.0,0.009999999776482582,4.270662784576416,0.46723753213882446,0.46723753213882446,0.004672375041991472,1,5,5
375,233,234,0.0,0.009999999776482582,1.4951863288879395,0.07074090093374252,0.07074090093374252,0.0007074089953675866,1,2,2
376,234,235,0.0,0.009999999776482582,1.4951863288879395,0.07074090093374252,0.07074090093374252,0.0007074089953675866,1,2,2
377,235,236,0.0,0.009999999776482582,1.7692813873291016,0.10989733785390854,0.10989733785390854,0.0010989733273163438,1,2,2
378,3237,4356,0.4999999701976776,0.5049999952316284,1.7951781749725342,0.11359687894582748,0.11359687894582748,0.057366423308849335,5,2,10
379,4335,4356,0.0,0.009999999776482582,1.6001250743865967,0.08573215454816818,0.08573215454816818,0.0008573215454816818,1,2,2
380,3681,4335,0.0,0.009999999776482582,1.710282325744629,0.10146890580654144,0.10146890580654144,0.0010146889835596085,1,2,2
381,3660,3681,0.0,0.009999999776482582,3.586358070373535,0.3694797158241272,0.3694797158241272,0.0036947971675544977,1,4,4
382,3237,4335,1.0,1.0,1.7951781749725342,0.11359687894582748,0.11359687894582748,0.11359687894582748,5,2,10
383,3553,4335,0.0,0.009999999776482582,2.3297150135040283,0.18995928764343262,0.18995928764343262,0.001899592811241746,1,3,3
384,3237,3553,0.0,0.009999999776482582,2.3297150135040283,0.18995928764343262,0.18995928764343262,0.001899592811241746,1,3,3
385,237,4356,0.0,0.009999999776482582,1.9738415479660034,0.1391202211380005,0.1391202211380005,0.0013912022113800049,1,2,2
386,237,3237,0.0,0.009999999776482582,1.9738415479660034,0.1391202211380005,0.1391202211380005,0.0013912022113800049,1,2,2
387,238,3410,0.0,0.009999999776482582,7.004092216491699,0.8577274680137634,0.8577274680137634,0.008577274158596992,1,8,8
388,238,239,0.0,0.009999999776482582,1.469928503036499,0.06713264435529709,0.06713264435529709,0.0006713264156132936,1,2,2
389,239,3410,0.0,0.009999999776482582,7.004092216491699,0.8577274680137634,0.8577274680137634,0.008577274158596992,1,8,8
390,240,241,0.0,0.009999999776482582,1.057236909866333,0.00817670114338398,0.00817670114338398,8.176700794138014e-05,1,2,2
391,241,242,0.0,0.009999999776482582,1.1142781972885132,0.016325457021594048,0.016325457021594048,0.00016325456090271473,1,2,2
392,242,3377,0.0,0.009999999776482582,1.1142781972885132,0.016325457021594048,0.016325457021594048,0.00016325456090271473,1,2,2
393,3108,3335,0.0,0.009999999776482582,7.126559734344482,0.8752228021621704,0.8752228021621704,0.008752227760851383,1,8,8
394,3108,3206,1.0,1.0,2.393531322479248,0.19907590746879578,0.19907590746879578,0.19907590746879578,5,3,15
395,3184,3206,0.0,0.009999999776482582,4.520293712615967,0.5028991103172302,0.5028991103172302,0.005028991028666496,1,5,5
396,3087,3217,0.4999999701976776,0.5049999952316284,2.2160747051239014,0.173724964261055,0.173724964261055,0.08773110806941986,5,3,15
397,243,3217,0.0,0.009999999776482582,2.0750346183776855,0.15357637405395508,0.15357637405395508,0.001535763731226325,1,3,3
398,244,3559,0.0,0.009999999776482582,1.2719030380249023,0.038843292742967606,0.038843292742967606,0.0003884329053107649,1,2,2
399,244,245,0.0,0.009999999776482582,1.2326983213424683,0.033242616802453995,0.033242616802453995,0.0003324261633679271,1,2,2
400,245,3464,0.0,0.009999999776482582,1.4337577819824219,0.061965398490428925,0.061965398490428925,0.0006196539616212249,1,2,2
401,3563,3564,0.0,0.009999999776482582,2.816661834716797,0.2595231235027313,0.2595231235027313,0.002595231169834733,1,3,3
402,3464,3563,0.0,0.009999999776482582,2.816661834716797,0.2595231235027313,0.2595231235027313,0.002595231169834733,1,3,3
403,246,3563,0.0,0.009999999776482582,2.816661834716797,0.2595231235027313,0.2595231235027313,0.002595231169834733,1,3,3
404,246,3572,0.0,0.009999999776482582,2.574594020843506,0.22494199872016907,0.22494199872016907,0.0022494199220091105,1,3,3
405,147,247,0.0,0.009999999776482582,2.076228141784668,0.15374687314033508,0.15374687314033508,0.0015374687500298023,1,3,3
406,247,3562,0.0,0.009999999776482582,3.0332727432250977,0.2904675304889679,0.2904675304889679,0.0029046752024441957,1,4,4
407,248,3464,0.0,0.009999999776482582,1.4337577819824219,0.061965398490428925,0.061965398490428925,0.0006196539616212249,1,2,2
408,248,249,0.0,0.009999999776482582,1.2600303888320923,0.037147197872400284,0.037147197872400284,0.00037147197872400284,1,2,2
409,249,3562,0.0,0.009999999776482582,3.0332727432250977,0.2904675304889679,0.2904675304889679,0.0029046752024441957,1,4,4
410,3561,3563,0.0,0.009999999776482582,2.816661834716797,0.2595231235027313,0.2595231235027313,0.002595231169834733,1,3,3
411,3561,3562,0.0,0.009999999776482582,3.0332727432250977,0.2904675304889679,0.2904675304889679,0.0029046752024441957,1,4,4
412,3565,3572,0.0,0.009999999776482582,2.574594020843506,0.22494199872016907,0.22494199872016907,0.0022494199220091105,1,3,3
413,3562,3565,0.0,0.009999999776482582,3.0332727432250977,0.2904675304889679,0.2904675304889679,0.0029046752024441957,1,4,4
414,3464,3559,0.4999999701976776,0.5049999952316284,1.4337577819824219,0.061965398490428925,0.061965398490428925,0.03129252418875694,5,2,10
415,3559,3562,0.4999999701976776,0.5049999952316284,3.0332727432250977,0.2904675304889679,0.2904675304889679,0.1466861069202423,5,4,20
416,250,3217,0.0,0.009999999776482582,1.628936767578125,0.0898481085896492,0.0898481085896492,0.0008984810556285083,1,2,2
417,250,3148,0.0,0.009999999776482582,3.2063488960266113,0.31519269943237305,0.31519269943237305,0.0031519269105046988,1,4,4
418,251,2830,0.0,0.009999999776482582,1.1680653095245361,0.024009330198168755,0.024009330198168755,0.00024009330081753433,1,2,2
419,251,252,0.0,0.009999999776482582,1.1680653095245361,0.024009330198168755,0.024009330198168755,0.00024009330081753433,1,2,2
420,252,2830,0.0,0.009999999776482582,1.0614725351333618,0.008781790733337402,0.008781790733337402,8.781790529610589e-05,1,2,2
421,2830,4359,0.0,0.009999999776482582,1.236680269241333,0.03381146863102913,0.03381146863102913,0.0003381146816536784,1,2,2
422,3335,4361,0.0,0.009999999776482582,7.126559734344482,0.8752228021621704,0.8752228021621704,0.008752227760851383,1,8,8
423,2831,4361,0.0,0.009999999776482582,1.5204875469207764,0.0743553638458252,0.0743553638458252,0.0007435536244884133,1,2,2
424,3527,4361,0.0,0.009999999776482582,2.7032525539398193,0.24332179129123688,0.24332179129123688,0.002433217829093337,1,3,3
425,253,3433,0.0,0.009999999776482582,4.114940643310547,0.4449915289878845,0.4449915289878845,0.004449915140867233,1,5,5
426,253,254,0.0,0.009999999776482582,4.114940643310547,0.4449915289878845,0.4449915289878845,0.004449915140867233,1,5,5
427,254,255,0.0,0.009999999776482582,1.3610575199127197,0.05157964676618576,0.05157964676618576,0.0005157964769750834,1,2,2
428,255,3377,0.0,0.009999999776482582,1.3610575199127197,0.05157964676618576,0.05157964676618576,0.0005157964769750834,1,2,2
429,256,3377,0.0,0.009999999776482582,1.0412300825119019,0.005890011787414551,0.005890011787414551,5.890011743758805e-05,1,2,2
430,256,257,0.0,0.009999999776482582,1.0412300825119019,0.005890011787414551,0.005890011787414551,5.890011743758805e-05,1,2,2
431,257,3425,0.0,0.009999999776482582,1.0226536989212036,0.003236242802813649,0.003236242802813649,3.2362426281906664e-05,1,2,2
432,258,3425,0.0,0.009999999776482582,1.017446517944336,0.002492359606549144,0.002492359606549144,2.4923596356529742e-05,1,2,2
433,258,259,0.0,0.009999999776482582,1.0191248655319214,0.002732123713940382,0.002732123713940382,2.7321237212163396e-05,1,2,2
434,259,260,0.0,0.009999999776482582,1.0935646295547485,0.013366376049816608,0.013366376049816608,0.00013366375060286373,1,2,2
435,260,3134,0.0,0.009999999776482582,2.31124210357666,0.1873203068971634,0.1873203068971634,0.0018732029711827636,1,3,3
436,261,3425,0.0,0.009999999776482582,1.6129226684570312,0.08756037801504135,0.08756037801504135,0.0008756037568673491,1,2,2
437,261,262,0.0,0.009999999776482582,1.8026388883590698,0.11466269940137863,0.11466269940137863,0.001146627007983625,1,2,2
438,262,3134,0.0,0.009999999776482582,2.31124210357666,0.1873203068971634,0.1873203068971634,0.0018732029711827636,1,3,3
439,263,3124,0.0,0.009999999776482582,2.2396233081817627,0.17708905041217804,0.17708905041217804,0.0017708904342725873,1,3,3
440,263,4016,0.0,0.009999999776482582,2.8449158668518066,0.26355940103530884,0.26355940103530884,0.002635593991726637,1,3,3
441,3604,4016,0.4999999701976776,0.5049999952316284,2.8449158668518066,0.26355940103530884,0.26355940103530884,0.13309749960899353,5,3,15
442,264,3604,0.0,0.009999999776482582,2.795441150665283,0.25649160146713257,0.25649160146713257,0.0025649159215390682,1,3,3
443,264,2832,0.0,0.009999999776482582,2.0056331157684326,0.14366187155246735,0.14366187155246735,0.0014366187388077378,1,3,3
444,265,2832,0.0,0.009999999776482582,1.209469199180603,0.029924171045422554,0.029924171045422554,0.0002992417139466852,1,2,2
445,265,266,0.0,0.009999999776482582,1.1655546426773071,0.02365066297352314,0.02365066297352314,0.0002365066175116226,1,2,2
446,266,3955,0.0,0.009999999776482582,1.3319220542907715,0.04741743579506874,0.04741743579506874,0.00047417436144314706,1,2,2
447,3124,3955,0.0,0.009999999776482582,2.2396233081817627,0.17708905041217804,0.17708905041217804,0.0017708904342725873,1,3,3
448,267,3124,0.0,0.009999999776482582,2.2396233081817627,0.17708905041217804,0.17708905041217804,0.0017708904342725873,1,3,3
449,267,3955,0.0,0.009999999776482582,1.3319220542907715,0.04741743579506874,0.04741743579506874,0.00047417436144314706,1,2,2
450,3250,3955,0.4999999701976776,0.5049999952316284,6.943184852600098,0.8490263819694519,0.8490263819694519,0.42875832319259644,5,7,35
451,2832,3250,0.0,0.009999999776482582,6.943184852600098,0.8490263819694519,0.8490263819694519,0.008490263484418392,1,7,7
452,2832,3955,0.0,0.009999999776482582,1.3319220542907715,0.04741743579506874,0.04741743579506874,0.00047417436144314706,1,2,2
453,3569,3955,0.0,0.009999999776482582,1.3319220542907715,0.04741743579506874,0.04741743579506874,0.00047417436144314706,1,2,2
454,3146,3568,0.0,0.009999999776482582,2.117751359939575,0.15967877209186554,0.15967877209186554,0.0015967877116054296,1,3,3
455,3568,3665,0.0,0.009999999776482582,2.117751359939575,0.15967877209186554,0.15967877209186554,0.0015967877116054296,1,3,3
456,3665,3955,0.4999999701976776,0.5049999952316284,1.3319220542907715,0.04741743579506874,0.04741743579506874,0.023945804685354233,5,2,10
457,268,3124,0.0,0.009999999776482582,2.2464616298675537,0.1780659407377243,0.1780659407377243,0.0017806593095883727,1,3,3
458,268,3665,0.0,0.009999999776482582,2.2464616298675537,0.1780659407377243,0.1780659407377243,0.0017806593095883727,1,3,3
459,3146,3955,0.0,0.009999999776482582,1.7692254781723022,0.10988935083150864,0.10988935083150864,0.0010988934664055705,1,2,2
460,3555,3608,0.0,0.009999999776482582,2.7964234352111816,0.25663191080093384,0.25663191080093384,0.0025663189589977264,1,3,3
461,269,3608,0.0,0.009999999776482582,2.7964234352111816,0.25663191080093384,0.25663191080093384,0.0025663189589977264,1,3,3
462,269,270,0.0,0.009999999776482582,2.313983201980591,0.18771187961101532,0.18771187961101532,0.0018771187169477344,1,3,3
463,270,3454,0.0,0.009999999776482582,3.2819461822509766,0.32599231600761414,0.32599231600761414,0.0032599230762571096,1,4,4
464,271,3436,0.0,0.009999999776482582,2.7115373611450195,0.24450533092021942,0.24450533092021942,0.002445053309202194,1,3,3
465,271,272,0.0,0.009999999776482582,2.070685863494873,0.15295512974262238,0.15295512974262238,0.0015295512275770307,1,3,3
466,272,3270,0.0,0.009999999776482582,1.5949956178665161,0.08499937504529953,0.08499937504529953,0.0008499937248416245,1,2,2
467,273,4198,0.0,0.009999999776482582,3.2882938385009766,0.32689911127090454,0.32689911127090454,0.003268991131335497,1,4,4
468,273,274,0.0,0.009999999776482582,1.7078635692596436,0.1011233702301979,0.1011233702301979,0.0010112336603924632,1,2,2
469,274,275,0.0,0.009999999776482582,1.7078635692596436,0.1011233702301979,0.1011233702301979,0.0010112336603924632,1,2,2
470,275,4198,0.0,0.009999999776482582,3.2882938385009766,0.32689911127090454,0.32689911127090454,0.003268991131335497,1,4,4
471,276,4198,0.0,0.009999999776482582,3.2882938385009766,0.32689911127090454,0.32689911127090454,0.003268991131335497,1,4,4
472,276,277,0.0,0.009999999776482582,2.9070558547973633,0.27243655920028687,0.27243655920028687,0.0027243655640631914,1,3,3
473,277,4198,0.0,0.009999999776482582,3.2882938385009766,0.32689911127090454,0.32689911127090454,0.003268991131335497,1,4,4
474,278,4198,0.0,0.009999999776482582,3.2882938385009766,0.32689911127090454,0.32689911127090454,0.003268991131335497,1,4,4
475,278,279,0.0,0.009999999776482582,1.5488851070404053,0.07841216027736664,0.07841216027736664,0.0007841215701773763,1,2,2
476,279,4198,0.0,0.009999999776482582,3.2882938385009766,0.32689911127090454,0.32689911127090454,0.003268991131335497,1,4,4
477,3211,3377,0.4999999701976776,0.5049999952316284,1.2107763290405273,0.030110904946923256,0.030110904946923256,0.015206007286906242,5,2,10
478,280,3211,0.0,0.009999999776482582,1.4769247770309448,0.06813210994005203,0.06813210994005203,0.0006813210784457624,1,2,2
479,280,3427,0.0,0.009999999776482582,1.4769247770309448,0.06813210994005203,0.06813210994005203,0.0006813210784457624,1,2,2
480,281,4362,0.0,0.009999999776482582,1.7908215522766113,0.11297450959682465,0.11297450959682465,0.001129745040088892,1,2,2
481,281,282,0.0,0.009999999776482582,1.7052412033081055,0.10074874013662338,0.10074874013662338,0.0010074874153360724,1,2,2
482,282,283,0.0,0.009999999776482582,1.796196460723877,0.11374235153198242,0.11374235153198242,0.0011374234454706311,1,2,2
483,283,4362,0.0,0.009999999776482582,1.796196460723877,0.11374235153198242,0.11374235153198242,0.0011374234454706311,1,2,2
484,284,3595,0.0,0.009999999776482582,1.406115174293518,0.05801645293831825,0.05801645293831825,0.0005801644874736667,1,2,2
485,284,285,0.0,0.009999999776482582,1.1257892847061157,0.017969897016882896,0.017969897016882896,0.00017969896725844592,1,2,2
486,285,286,0.0,0.009999999776482582,1.1321181058883667,0.018874015659093857,0.018874015659093857,0.00018874015950132161,1,2,2
487,286,3595,0.0,0.009999999776482582,1.406115174293518,0.05801645293831825,0.05801645293831825,0.0005801644874736667,1,2,2
488,3493,3578,0.0,0.009999999776482582,1.7281213998794556,0.10401733964681625,0.10401733964681625,0.001040173345245421,1,2,2
489,3136,3493,0.0,0.009999999776482582,5.684215545654297,0.6691736578941345,0.6691736578941345,0.0066917366348207,1,6,6
490,3277,3955,0.0,0.009999999776482582,4.994047164916992,0.5705781579017639,0.5705781579017639,0.005705781280994415,1,5,5
491,287,3955,0.0,0.009999999776482582,1.3319220542907715,0.04741743579506874,0.04741743579506874,0.00047417436144314706,1,2,2
492,287,3133,0.0,0.009999999776482582,5.108450889587402,0.5869215726852417,0.5869215726852417,0.0058692158199846745,1,6,6
493,3580,3955,0.0,0.009999999776482582,1.3319220542907715,0.04741743579506874,0.04741743579506874,0.00047417436144314706,1,2,2
494,3109,3955,0.0,0.009999999776482582,1.3319220542907715,0.04741743579506874,0.04741743579506874,0.00047417436144314706,1,2,2
495,288,289,0.0,0.009999999776482582,1.2025634050369263,0.028937628492712975,0.028937628492712975,0.00028937627212144434,1,2,2
496,289,290,0.0,0.009999999776482582,1.4031379222869873,0.05759113281965256,0.05759113281965256,0.0005759113118983805,1,2,2
497,290,3087,0.0,0.009999999776482582,2.2160747051239014,0.173724964261055,0.173724964261055,0.0017372495494782925,1,3,3
498,291,4207,0.0,0.009999999776482582,1.4685734510421753,0.06693906337022781,0.06693906337022781,0.0006693906034342945,1,2,2
499,291,292,0.0,0.009999999776482582,1.4685734510421753,0.06693906337022781,0.06693906337022781,0.0006693906034342945,1,2,2
500,292,3195,0.0,0.009999999776482582,5.761999130249023,0.6802855730056763,0.6802855730056763,0.006802855525165796,1,6,6
501,293,3204,0.0,0.009999999776482582,1.7527859210968018,0.10754084587097168,0.10754084587097168,0.0010754084214568138,1,2,2
502,293,294,0.0,0.009999999776482582,1.7527859210968018,0.10754084587097168,0.10754084587097168,0.0010754084214568138,1,2,2
503,294,3288,0.0,0.009999999776482582,1.5646404027938843,0.08066291362047195,0.08066291362047195,0.0008066291338764131,1,2,2
504,295,2833,0.0,0.009999999776482582,1.1951826810836792,0.027883240953087807,0.027883240953087807,0.0002788323909044266,1,2,2
505,295,296,0.0,0.009999999776482582,1.297193169593811,0.04245616868138313,0.04245616868138313,0.0004245616728439927,1,2,2
506,296,297,0.0,0.009999999776482582,1.297193169593811,0.04245616868138313,0.04245616868138313,0.0004245616728439927,1,2,2
507,298,3183,0.0,0.009999999776482582,2.0571439266204834,0.15102055668830872,0.15102055668830872,0.0015102055622264743,1,3,3
508,3183,3505,0.0,0.009999999776482582,2.0571439266204834,0.15102055668830872,0.15102055668830872,0.0015102055622264743,1,3,3
509,3183,3523,0.0,0.009999999776482582,2.0571439266204834,0.15102055668830872,0.15102055668830872,0.0015102055622264743,1,3,3
510,299,3227,0.0,0.009999999776482582,1.015049695968628,0.0021499565336853266,0.0021499565336853266,2.149956526409369e-05,1,2,2
511,299,300,0.0,0.009999999776482582,1.1004778146743774,0.014353973791003227,0.014353973791003227,0.00014353972801472992,1,2,2
512,300,3304,0.0,0.009999999776482582,1.7502012252807617,0.10717160254716873,0.10717160254716873,0.001071715960279107,1,2,2
513,3584,3585,0.0,0.009999999776482582,1.8762903213500977,0.1251843273639679,0.1251843273639679,0.0012518432922661304,1,2,2
514,2834,3585,0.0,0.009999999776482582,1.5071425437927246,0.07244893163442612,0.07244893163442612,0.0007244892767630517,1,2,2
515,2834,3304,0.0,0.009999999776482582,1.7502012252807617,0.10717160254716873,0.10717160254716873,0.001071715960279107,1,2,2
516,3304,3585,0.0,0.009999999776482582,1.7502012252807617,0.10717160254716873,0.10717160254716873,0.001071715960279107,1,2,2
517,2835,3585,0.0,0.009999999776482582,2.0041370391845703,0.143448144197464,0.143448144197464,0.0014344813534989953,1,3,3
518,2835,3304,0.0,0.009999999776482582,2.0041370391845703,0.143448144197464,0.143448144197464,0.0014344813534989953,1,3,3
519,3576,3595,0.4999999701976776,0.5049999952316284,1.406115174293518,0.05801645293831825,0.05801645293831825,0.029298309236764908,5,2,10
520,301,3576,0.0,0.009999999776482582,1.338047742843628,0.04829253628849983,0.04829253628849983,0.00048292535939253867,1,2,2
521,301,3595,0.0,0.009999999776482582,1.406115174293518,0.05801645293831825,0.05801645293831825,0.0005801644874736667,1,2,2
522,302,3576,0.0,0.009999999776482582,2.276949167251587,0.18242131173610687,0.18242131173610687,0.0018242130754515529,1,3,3
523,302,303,0.0,0.009999999776482582,2.276949167251587,0.18242131173610687,0.18242131173610687,0.0018242130754515529,1,3,3
524,303,304,0.0,0.009999999776482582,1.0232828855514526,0.0033261266071349382,0.0033261266071349382,3.326126534375362e-05,1,2,2
525,4291,4293,0.0,0.009999999776482582,1.4827162027359009,0.06895945966243744,0.06895945966243744,0.0006895945989526808,1,2,2
526,305,4293,0.0,0.009999999776482582,1.371816873550415,0.05311669781804085,0.05311669781804085,0.0005311669665388763,1,2,2
527,306,3588,0.0,0.009999999776482582,1.7795708179473877,0.11136726289987564,0.11136726289987564,0.0011136726243421435,1,2,2
528,306,307,0.0,0.009999999776482582,1.425500750541687,0.060785822570323944,0.060785822570323944,0.0006078582373447716,1,2,2
529,307,308,0.0,0.009999999776482582,1.9193581342697144,0.13133688271045685,0.13133688271045685,0.0013133687898516655,1,2,2
530,308,309,0.0,0.009999999776482582,1.9193581342697144,0.13133688271045685,0.13133688271045685,0.0013133687898516655,1,2,2
531,3291,3589,0.0,0.009999999776482582,2.0815083980560303,0.15450119972229004,0.15450119972229004,0.0015450119972229004,1,3,3
532,310,3291,0.0,0.009999999776482582,1.8352457284927368,0.1193208172917366,0.1193208172917366,0.0011932081542909145,1,2,2
533,310,311,0.0,0.009999999776482582,1.3801915645599365,0.05431308224797249,0.05431308224797249,0.0005431307945400476,1,2,2
534,311,312,0.0,0.009999999776482582,1.3801915645599365,0.05431308224797249,0.05431308224797249,0.0005431307945400476,1,2,2
535,313,3169,0.0,0.009999999776482582,2.132175922393799,0.16173942387104034,0.16173942387104034,0.0016173941548913717,1,3,3
536,313,314,0.0,0.009999999776482582,1.755568504333496,0.10793835669755936,0.10793835669755936,0.0010793835390359163,1,2,2
537,314,3590,0.0,0.009999999776482582,2.6847891807556152,0.2406841665506363,0.2406841665506363,0.0024068416096270084,1,3,3
538,3409,4364,0.0,0.009999999776482582,2.151681661605835,0.16452595591545105,0.16452595591545105,0.0016452595591545105,1,3,3
539,315,4364,0.0,0.009999999776482582,1.732753038406372,0.10467900335788727,0.10467900335788727,0.0010467900428920984,1,2,2
540,315,3409,0.0,0.009999999776482582,2.151681661605835,0.16452595591545105,0.16452595591545105,0.0016452595591545105,1,3,3
541,316,3237,0.0,0.009999999776482582,1.7951781749725342,0.11359687894582748,0.11359687894582748,0.0011359687196090817,1,2,2
542,316,317,0.0,0.009999999776482582,1.6364707946777344,0.09092439711093903,0.09092439711093903,0.000909243943169713,1,2,2
543,317,3237,0.0,0.009999999776482582,1.7951781749725342,0.11359687894582748,0.11359687894582748,0.0011359687196090817,1,2,2
544,318,3237,0.0,0.009999999776482582,1.7951781749725342,0.11359687894582748,0.11359687894582748,0.0011359687196090817,1,2,2
545,318,319,0.0,0.009999999776482582,1.2488195896148682,0.035545654594898224,0.035545654594898224,0.0003554565482772887,1,2,2
546,319,320,0.0,0.009999999776482582,1.2466399669647217,0.03523427993059158,0.03523427993059158,0.00035234278766438365,1,2,2
547,321,3191,0.0,0.009999999776482582,3.7095437049865723,0.387077659368515,0.387077659368515,0.0038707766216248274,1,4,4
548,321,322,0.0,0.009999999776482582,1.8445589542388916,0.12065128237009048,0.12065128237009048,0.0012065127957612276,1,2,2
549,322,3377,0.0,0.009999999776482582,1.0982013940811157,0.014028770849108696,0.014028770849108696,0.00014028770965524018,1,2,2
550,323,324,0.0,0.009999999776482582,1.1568189859390259,0.02240271307528019,0.02240271307528019,0.00022402712784241885,1,2,2
551,324,325,0.0,0.009999999776482582,1.124239206314087,0.017748458310961723,0.017748458310961723,0.00017748457321431488,1,2,2
552,325,3595,0.0,0.009999999776482582,1.406115174293518,0.05801645293831825,0.05801645293831825,0.0005801644874736667,1,2,2
553,326,3574,0.0,0.009999999776482582,2.647576332092285,0.2353680431842804,0.2353680431842804,0.002353680320084095,1,3,3
554,326,327,0.0,0.009999999776482582,2.3767635822296143,0.19668051600456238,0.19668051600456238,0.0019668051972985268,1,3,3
555,327,3572,0.0,0.009999999776482582,2.574594020843506,0.22494199872016907,0.22494199872016907,0.0022494199220091105,1,3,3
556,3596,3597,0.0,0.009999999776482582,2.091062545776367,0.15586607158184052,0.15586607158184052,0.001558660645969212,1,3,3
557,328,3597,0.0,0.009999999776482582,1.711175560951233,0.10159651190042496,0.10159651190042496,0.0010159651283174753,1,2,2
558,328,3190,0.0,0.009999999776482582,2.0987484455108643,0.15696406364440918,0.15696406364440918,0.001569640589877963,1,3,3
559,3136,3548,0.0,0.009999999776482582,5.684215545654297,0.6691736578941345,0.6691736578941345,0.0066917366348207,1,6,6
560,330,3548,0.0,0.009999999776482582,1.7939362525939941,0.11341946572065353,0.11341946572065353,0.001134194666519761,1,2,2
561,330,331,0.0,0.009999999776482582,1.3837456703186035,0.05482080951333046,0.05482080951333046,0.0005482080741785467,1,2,2
562,332,3607,0.0,0.009999999776482582,1.3043012619018555,0.04347160831093788,0.04347160831093788,0.00043471608660183847,1,2,2
563,332,2836,0.0,0.009999999776482582,1.085509181022644,0.012215597555041313,0.012215597555041313,0.0001221559796249494,1,2,2
564,333,2836,0.0,0.009999999776482582,1.2178229093551636,0.031117558479309082,0.031117558479309082,0.0003111755650024861,1,2,2
565,333,3607,0.0,0.009999999776482582,1.3043012619018555,0.04347160831093788,0.04347160831093788,0.00043471608660183847,1,2,2
566,334,335,0.0,0.009999999776482582,1.3602668046951294,0.0514666847884655,0.0514666847884655,0.0005146668408997357,1,2,2
567,335,2837,0.0,0.009999999776482582,1.3602668046951294,0.0514666847884655,0.0514666847884655,0.0005146668408997357,1,2,2
568,2837,3151,0.0,0.009999999776482582,2.083824396133423,0.15483205020427704,0.15483205020427704,0.0015483205206692219,1,3,3
569,336,337,0.0,0.009999999776482582,1.6408312320709229,0.09154731780290604,0.09154731780290604,0.0009154731524176896,1,2,2
570,337,338,0.0,0.009999999776482582,1.7240445613861084,0.10343493521213531,0.10343493521213531,0.001034349319525063,1,2,2
571,338,3230,0.0,0.009999999776482582,3.256291627883911,0.3223273754119873,0.3223273754119873,0.0032232736703008413,1,4,4
572,3230,3611,0.4999999701976776,0.5049999952316284,3.256291627883911,0.3223273754119873,0.3223273754119873,0.16277532279491425,5,4,20
573,2838,3611,0.4999999701976776,0.5049999952316284,2.1766037940979004,0.16808626055717468,0.16808626055717468,0.08488356322050095,5,3,15
574,2838,3230,0.4999999701976776,0.5049999952316284,3.256291627883911,0.3223273754119873,0.3223273754119873,0.16277532279491425,5,4,20
575,339,2839,0.0,0.009999999776482582,1.5998889207839966,0.08569841831922531,0.08569841831922531,0.0008569841738790274,1,2,2
576,339,3233,0.0,0.009999999776482582,1.9546235799789429,0.1363748013973236,0.1363748013973236,0.0013637479860335588,1,2,2
577,3233,3268,0.0,0.009999999776482582,2.618976354598999,0.2312823385000229,0.2312823385000229,0.0023128234315663576,1,3,3
578,340,341,0.0,0.009999999776482582,1.1704715490341187,0.02435307763516903,0.02435307763516903,0.00024353076878469437,1,2,2
579,341,3296,0.0,0.009999999776482582,1.357558250427246,0.051079750061035156,0.051079750061035156,0.0005107974866405129,1,2,2
580,342,3296,0.0,0.009999999776482582,1.357558250427246,0.051079750061035156,0.051079750061035156,0.0005107974866405129,1,2,2
581,342,343,0.0,0.009999999776482582,1.11256742477417,0.016081061214208603,0.016081061214208603,0.0001608106103958562,1,2,2
582,344,3214,0.0,0.009999999776482582,3.7877674102783203,0.3982524871826172,0.3982524871826172,0.00398252485319972,1,4,4
583,344,2840,0.0,0.009999999776482582,1.8296434879302979,0.11852049827575684,0.11852049827575684,0.0011852049501612782,1,2,2
584,2840,3214,0.4999999701976776,0.5049999952316284,3.7877674102783203,0.3982524871826172,0.3982524871826172,0.20111750066280365,5,4,20
585,345,3214,0.0,0.009999999776482582,3.7877674102783203,0.3982524871826172,0.3982524871826172,0.00398252485319972,1,4,4
586,345,2840,0.0,0.009999999776482582,1.8296434879302979,0.11852049827575684,0.11852049827575684,0.0011852049501612782,1,2,2
587,346,347,0.0,0.009999999776482582,1.8303980827331543,0.11862830072641373,0.11862830072641373,0.0011862829560413957,1,2,2
588,347,348,0.0,0.009999999776482582,1.8303980827331543,0.11862830072641373,0.11862830072641373,0.0011862829560413957,1,2,2
589,348,349,0.0,0.009999999776482582,1.5992283821105957,0.08560405671596527,0.08560405671596527,0.0008560405694879591,1,2,2
590,350,351,0.0,0.009999999776482582,1.502302646636963,0.07175751775503159,0.07175751775503159,0.0007175751379691064,1,2,2
591,351,352,0.0,0.009999999776482582,1.502302646636963,0.07175751775503159,0.07175751775503159,0.0007175751379691064,1,2,2
592,352,3214,0.0,0.009999999776482582,3.7877674102783203,0.3982524871826172,0.3982524871826172,0.00398252485319972,1,4,4
593,353,4365,0.0,0.009999999776482582,1.1978352069854736,0.028262171894311905,0.028262171894311905,0.0002826217096298933,1,2,2
594,353,4366,0.0,0.009999999776482582,1.1978352069854736,0.028262171894311905,0.028262171894311905,0.0002826217096298933,1,2,2
595,3440,4366,0.0,0.009999999776482582,1.0193076133728027,0.002758230548352003,0.002758230548352003,2.7582304028328508e-05,1,2,2
596,3254,3440,0.0,0.009999999776482582,1.8885273933410645,0.12693248689174652,0.12693248689174652,0.0012693247990682721,1,2,2
597,354,3254,0.0,0.009999999776482582,1.8885273933410645,0.12693248689174652,0.12693248689174652,0.0012693247990682721,1,2,2
598,354,3440,0.0,0.009999999776482582,1.2765357494354248,0.03950510546565056,0.03950510546565056,0.00039505105814896524,1,2,2
599,329,3613,0.0,0.009999999776482582,2.1464595794677734,0.16377994418144226,0.16377994418144226,0.0016377994325011969,1,3,3
600,355,3613,0.0,0.009999999776482582,2.0023446083068848,0.1431920826435089,0.1431920826435089,0.0014319207984954119,1,3,3
601,329,355,0.0,0.009999999776482582,2.1464595794677734,0.16377994418144226,0.16377994418144226,0.0016377994325011969,1,3,3
602,2841,4367,0.0,0.009999999776482582,1.0996521711349487,0.0142360245808959,0.0142360245808959,0.00014236023707780987,1,2,2
603,2841,3474,0.0,0.009999999776482582,1.0996521711349487,0.0142360245808959,0.0142360245808959,0.00014236023707780987,1,2,2
604,3312,3474,0.0,0.009999999776482582,2.711240291595459,0.24446289241313934,0.24446289241313934,0.002444628858938813,1,3,3
605,356,3190,0.0,0.009999999776482582,2.0987484455108643,0.15696406364440918,0.15696406364440918,0.001569640589877963,1,3,3
606,356,357,0.0,0.009999999776482582,1.7493213415145874,0.10704590380191803,0.10704590380191803,0.0010704590240493417,1,2,2
607,357,3237,0.0,0.009999999776482582,1.7951781749725342,0.11359687894582748,0.11359687894582748,0.0011359687196090817,1,2,2
608,358,3669,0.0,0.009999999776482582,1.4810876846313477,0.06872681528329849,0.06872681528329849,0.0006872681551612914,1,2,2
609,358,359,0.0,0.009999999776482582,1.3358391523361206,0.0479770228266716,0.0479770228266716,0.00047977021313272417,1,2,2
610,359,360,0.0,0.009999999776482582,1.2478114366531372,0.035401634871959686,0.035401634871959686,0.0003540163452271372,1,2,2
611,360,3237,0.0,0.009999999776482582,1.7951781749725342,0.11359687894582748,0.11359687894582748,0.0011359687196090817,1,2,2
612,3993,4221,0.0,0.009999999776482582,3.7381486892700195,0.391164094209671,0.391164094209671,0.003911640960723162,1,4,4
613,3615,4221,0.0,0.009999999776482582,2.511603355407715,0.2159433364868164,0.2159433364868164,0.0021594332065433264,1,3,3
614,3112,3615,0.0,0.009999999776482582,3.870565414428711,0.41008076071739197,0.41008076071739197,0.004100807476788759,1,4,4
615,3335,3722,0.0,0.009999999776482582,7.126559734344482,0.8752228021621704,0.8752228021621704,0.008752227760851383,1,8,8
616,3722,4221,0.0,0.009999999776482582,1.6437842845916748,0.09196918457746506,0.09196918457746506,0.000919691810850054,1,2,2
617,3335,4221,0.0,0.009999999776482582,7.126559734344482,0.8752228021621704,0.8752228021621704,0.008752227760851383,1,8,8
618,361,3983,0.0,0.009999999776482582,1.702181339263916,0.10031162202358246,0.10031162202358246,0.0010031162528321147,1,2,2
619,361,4221,0.0,0.009999999776482582,1.702181339263916,0.10031162202358246,0.10031162202358246,0.0010031162528321147,1,2,2
620,3612,4221,0.4999999701976776,0.5049999952316284,2.330977201461792,0.19013960659503937,0.19013960659503937,0.09602049738168716,5,3,15
621,4360,4369,0.0,0.009999999776482582,1.21524977684021,0.030749967321753502,0.030749967321753502,0.00030749966390430927,1,2,2
622,3722,4369,0.0,0.009999999776482582,1.4441735744476318,0.06345336884260178,0.06345336884260178,0.0006345337023958564,1,2,2
623,3722,4368,0.0,0.009999999776482582,3.7628672122955322,0.39469531178474426,0.39469531178474426,0.003946952987462282,1,4,4
624,3618,4368,0.0,0.009999999776482582,3.7628672122955322,0.39469531178474426,0.39469531178474426,0.003946952987462282,1,4,4
625,3618,4221,0.4999999701976776,0.5049999952316284,1.8000739812850952,0.11429627984762192,0.11429627984762192,0.05771962180733681,5,2,10
626,362,4221,0.0,0.009999999776482582,3.1167104244232178,0.30238720774650574,0.30238720774650574,0.0030238719191402197,1,4,4
627,362,3618,0.0,0.009999999776482582,3.1167104244232178,0.30238720774650574,0.30238720774650574,0.0030238719191402197,1,4,4
628,3618,4360,0.0,0.009999999776482582,1.8000739812850952,0.11429627984762192,0.11429627984762192,0.0011429627193138003,1,2,2
629,4368,4369,0.0,0.009999999776482582,3.7628672122955322,0.39469531178474426,0.39469531178474426,0.003946952987462282,1,4,4
630,363,4369,0.0,0.009999999776482582,1.501976728439331,0.07171095907688141,0.07171095907688141,0.0007171095930971205,1,2,2
631,363,3476,0.0,0.009999999776482582,2.4880428314208984,0.21257755160331726,0.21257755160331726,0.0021257754415273666,1,3,3
632,3476,3618,0.0,0.009999999776482582,2.4880428314208984,0.21257755160331726,0.21257755160331726,0.0021257754415273666,1,3,3
633,3612,3841,0.0,0.009999999776482582,3.2240869998931885,0.3177267014980316,0.3177267014980316,0.0031772670336067677,1,4,4
634,364,3841,0.0,0.009999999776482582,4.237006187438965,0.4624294638633728,0.4624294638633728,0.0046242945827543736,1,5,5
635,364,3612,0.0,0.009999999776482582,4.237006187438965,0.4624294638633728,0.4624294638633728,0.0046242945827543736,1,5,5
636,365,3612,0.0,0.009999999776482582,2.841794490814209,0.26311349868774414,0.26311349868774414,0.002631134819239378,1,3,3
637,365,4295,0.0,0.009999999776482582,2.841794490814209,0.26311349868774414,0.26311349868774414,0.002631134819239378,1,3,3
638,366,4295,0.0,0.009999999776482582,1.5575141906738281,0.07964488118886948,0.07964488118886948,0.0007964487886056304,1,2,2
639,366,367,0.0,0.009999999776482582,3.047882556915283,0.292554646730423,0.292554646730423,0.0029255463741719723,1,4,4
640,367,3993,0.0,0.009999999776482582,3.7381486892700195,0.391164094209671,0.391164094209671,0.003911640960723162,1,4,4
641,3254,4368,0.0,0.009999999776482582,3.7628672122955322,0.39469531178474426,0.39469531178474426,0.003946952987462282,1,4,4
642,3254,3619,0.0,0.009999999776482582,1.8885273933410645,0.12693248689174652,0.12693248689174652,0.0012693247990682721,1,2,2
643,2842,3619,0.0,0.009999999776482582,2.378526210784912,0.19693231582641602,0.19693231582641602,0.0019693230278789997,1,3,3
644,2842,3620,0.0,0.009999999776482582,2.378526210784912,0.19693231582641602,0.19693231582641602,0.0019693230278789997,1,3,3
645,368,369,0.0,0.009999999776482582,1.1988776922225952,0.028411099687218666,0.028411099687218666,0.0002841109817381948,1,2,2
646,369,370,0.0,0.009999999776482582,1.540511131286621,0.07721587270498276,0.07721587270498276,0.0007721587317064404,1,2,2
647,370,3678,0.0,0.009999999776482582,2.6883292198181152,0.2411898821592331,0.2411898821592331,0.0024118986912071705,1,3,3
648,3372,3479,0.0,0.009999999776482582,5.129682540893555,0.589954674243927,0.589954674243927,0.005899546667933464,1,6,6
649,3130,4098,0.0,0.009999999776482582,1.9979262351989746,0.14256088435649872,0.14256088435649872,0.0014256087597459555,1,2,2
650,371,3130,0.0,0.009999999776482582,1.6207256317138672,0.08867508918046951,0.08867508918046951,0.0008867508731782436,1,2,2
651,371,372,0.0,0.009999999776482582,2.104722738265991,0.1578175276517868,0.1578175276517868,0.0015781752299517393,1,3,3
652,372,373,0.0,0.009999999776482582,2.104722738265991,0.1578175276517868,0.1578175276517868,0.0015781752299517393,1,3,3
653,373,374,0.0,0.009999999776482582,2.016104221343994,0.14515773952007294,0.14515773952007294,0.001451577409170568,1,3,3
654,374,375,0.0,0.009999999776482582,1.4355601072311401,0.06222287192940712,0.06222287192940712,0.0006222287192940712,1,2,2
655,375,376,0.0,0.009999999776482582,1.4121204614639282,0.05887435004115105,0.05887435004115105,0.000588743481785059,1,2,2
656,376,377,0.0,0.009999999776482582,1.3276077508926392,0.04680110886693001,0.04680110886693001,0.000468011072371155,1,2,2
657,377,3130,0.0,0.009999999776482582,1.6207256317138672,0.08867508918046951,0.08867508918046951,0.0008867508731782436,1,2,2
658,378,3130,0.0,0.009999999776482582,1.6207256317138672,0.08867508918046951,0.08867508918046951,0.0008867508731782436,1,2,2
659,378,3646,0.0,0.009999999776482582,3.6519887447357178,0.37885552644729614,0.37885552644729614,0.003788555273786187,1,4,4
660,379,3621,0.0,0.009999999776482582,2.3977928161621094,0.19968469440937042,0.19968469440937042,0.0019968468695878983,1,3,3
661,3621,3622,0.0,0.009999999776482582,2.3977928161621094,0.19968469440937042,0.19968469440937042,0.0019968468695878983,1,3,3
662,380,3622,0.0,0.009999999776482582,1.6206653118133545,0.08866647630929947,0.08866647630929947,0.0008866647258400917,1,2,2
663,380,381,0.0,0.009999999776482582,1.248696208000183,0.0355280302464962,0.0355280302464962,0.0003552802954800427,1,2,2
664,381,382,0.0,0.009999999776482582,1.1576461791992188,0.0225208830088377,0.0225208830088377,0.0002252088306704536,1,2,2
665,383,384,0.0,0.009999999776482582,2.4027328491210938,0.20039041340351105,0.20039041340351105,0.0020039041992276907,1,3,3
666,384,385,0.0,0.009999999776482582,2.4027328491210938,0.20039041340351105,0.20039041340351105,0.0020039041992276907,1,3,3
667,385,3621,0.0,0.009999999776482582,2.3977928161621094,0.19968469440937042,0.19968469440937042,0.0019968468695878983,1,3,3
668,386,3621,0.0,0.009999999776482582,2.3977928161621094,0.19968469440937042,0.19968469440937042,0.0019968468695878983,1,3,3
669,386,3234,0.0,0.009999999776482582,2.3871660232543945,0.19816657900810242,0.19816657900810242,0.0019816658459603786,1,3,3
670,387,3234,0.0,0.009999999776482582,1.8813998699188232,0.12591426074504852,0.12591426074504852,0.0012591425329446793,1,2,2
671,387,3623,0.0,0.009999999776482582,1.8813998699188232,0.12591426074504852,0.12591426074504852,0.0012591425329446793,1,2,2
672,388,3623,0.0,0.009999999776482582,1.3860578536987305,0.05515112355351448,0.05515112355351448,0.0005515112425200641,1,2,2
673,389,3630,0.0,0.009999999776482582,2.0821123123168945,0.15458747744560242,0.15458747744560242,0.0015458747511729598,1,3,3
674,389,3239,0.0,0.009999999776482582,2.0821123123168945,0.15458747744560242,0.15458747744560242,0.0015458747511729598,1,3,3
675,3239,3624,0.0,0.009999999776482582,1.580151081085205,0.0828787237405777,0.0828787237405777,0.0008287872187793255,1,2,2
676,3614,3624,0.0,0.009999999776482582,1.596816062927246,0.08525943756103516,0.08525943756103516,0.0008525943849235773,1,2,2
677,390,3614,0.0,0.009999999776482582,2.148904323577881,0.16412918269634247,0.16412918269634247,0.001641291775740683,1,3,3
678,390,3630,0.0,0.009999999776482582,2.148904323577881,0.16412918269634247,0.16412918269634247,0.001641291775740683,1,3,3
679,391,3203,0.0,0.009999999776482582,1.3149981498718262,0.04499973729252815,0.04499973729252815,0.0004499973729252815,1,2,2
680,391,392,0.0,0.009999999776482582,1.842987060546875,0.1204267218708992,0.1204267218708992,0.001204267144203186,1,2,2
681,392,3172,0.0,0.009999999776482582,2.4604740142822266,0.20863914489746094,0.20863914489746094,0.0020863914396613836,1,3,3
682,4370,4371,1.0,1.0,2.457639217376709,0.20823417603969574,0.20823417603969574,0.20823417603969574,5,3,15
683,393,3130,0.0,0.009999999776482582,1.6207256317138672,0.08867508918046951,0.08867508918046951,0.0008867508731782436,1,2,2
684,393,394,0.0,0.009999999776482582,1.5874395370483398,0.0839199349284172,0.0839199349284172,0.0008391993469558656,1,2,2
685,394,3623,0.0,0.009999999776482582,1.2067747116088867,0.02953924424946308,0.02953924424946308,0.0002953924413304776,1,2,2
686,395,3149,0.0,0.009999999776482582,2.1180100440979004,0.15971572697162628,0.15971572697162628,0.0015971572138369083,1,3,3
687,395,3374,0.0,0.009999999776482582,1.5966907739639282,0.08524154126644135,0.08524154126644135,0.0008524153963662684,1,2,2
688,3374,4372,0.0,0.009999999776482582,1.5966907739639282,0.08524154126644135,0.08524154126644135,0.0008524153963662684,1,2,2
689,3149,4372,0.0,0.009999999776482582,2.1180100440979004,0.15971572697162628,0.15971572697162628,0.0015971572138369083,1,3,3
690,3621,3623,0.0,0.009999999776482582,2.3977928161621094,0.19968469440937042,0.19968469440937042,0.0019968468695878983,1,3,3
691,396,3623,0.0,0.009999999776482582,1.2067747116088867,0.02953924424946308,0.02953924424946308,0.0002953924413304776,1,2,2
692,396,3312,0.0,0.009999999776482582,2.711240291595459,0.24446289241313934,0.24446289241313934,0.002444628858938813,1,3,3
693,397,3312,0.0,0.009999999776482582,2.711240291595459,0.24446289241313934,0.24446289241313934,0.002444628858938813,1,3,3
694,397,3634,0.0,0.009999999776482582,1.5760678052902222,0.08229540288448334,0.08229540288448334,0.0008229539962485433,1,2,2
695,3312,3634,0.0,0.009999999776482582,2.711240291595459,0.24446289241313934,0.24446289241313934,0.002444628858938813,1,3,3
696,3130,3451,0.0,0.009999999776482582,1.9798208475112915,0.13997440040111542,0.13997440040111542,0.0013997439527884126,1,2,2
697,3130,3622,0.0,0.009999999776482582,1.6207256317138672,0.08867508918046951,0.08867508918046951,0.0008867508731782436,1,2,2
698,2843,3622,0.0,0.009999999776482582,1.6206653118133545,0.08866647630929947,0.08866647630929947,0.0008866647258400917,1,2,2
699,2843,3312,0.0,0.009999999776482582,2.711240291595459,0.24446289241313934,0.24446289241313934,0.002444628858938813,1,3,3
700,3633,3646,1.0,1.0,3.6519887447357178,0.37885552644729614,0.37885552644729614,0.37885552644729614,5,4,20
701,3234,3633,0.0,0.009999999776482582,1.3082199096679688,0.04403141513466835,0.04403141513466835,0.0004403141501825303,1,2,2
702,2844,3234,0.0,0.009999999776482582,1.624314308166504,0.08918775618076324,0.08918775618076324,0.0008918775129131973,1,2,2
703,2844,3646,0.0,0.009999999776482582,3.6519887447357178,0.37885552644729614,0.37885552644729614,0.003788555273786187,1,4,4
704,2845,3312,0.0,0.009999999776482582,2.711240291595459,0.24446289241313934,0.24446289241313934,0.002444628858938813,1,3,3
705,398,2845,0.0,0.009999999776482582,1.2962299585342407,0.04231856390833855,0.04231856390833855,0.00042318564373999834,1,2,2
706,398,399,0.0,0.009999999776482582,1.2925856113433838,0.0417979434132576,0.0417979434132576,0.000417979434132576,1,2,2
707,399,3646,0.0,0.009999999776482582,3.6519887447357178,0.37885552644729614,0.37885552644729614,0.003788555273786187,1,4,4
708,400,3646,0.0,0.009999999776482582,3.6519887447357178,0.37885552644729614,0.37885552644729614,0.003788555273786187,1,4,4
709,400,401,0.0,0.009999999776482582,1.1728146076202393,0.02468780055642128,0.02468780055642128,0.0002468779857736081,1,2,2
710,401,402,0.0,0.009999999776482582,1.2566053867340088,0.0366579107940197,0.0366579107940197,0.0003665791009552777,1,2,2
711,402,3633,0.0,0.009999999776482582,1.292095422744751,0.04172791913151741,0.04172791913151741,0.000417279195971787,1,2,2
712,403,3312,0.0,0.009999999776482582,2.711240291595459,0.24446289241313934,0.24446289241313934,0.002444628858938813,1,3,3
713,403,3623,0.0,0.009999999776482582,1.393552541732788,0.05622179061174393,0.05622179061174393,0.0005622179014608264,1,2,2
714,2845,3623,0.0,0.009999999776482582,1.2962299585342407,0.04231856390833855,0.04231856390833855,0.00042318564373999834,1,2,2
715,2845,3631,0.0,0.009999999776482582,1.2962299585342407,0.04231856390833855,0.04231856390833855,0.00042318564373999834,1,2,2
716,404,3631,0.0,0.009999999776482582,1.3824557065963745,0.054636530578136444,0.054636530578136444,0.0005463652778416872,1,2,2
717,404,405,0.0,0.009999999776482582,1.3824557065963745,0.054636530578136444,0.054636530578136444,0.0005463652778416872,1,2,2
718,405,406,0.0,0.009999999776482582,1.2998902797698975,0.04284146800637245,0.04284146800637245,0.00042841467075049877,1,2,2
719,406,407,0.0,0.009999999776482582,1.442856788635254,0.06326525658369064,0.06326525658369064,0.0006326525472104549,1,2,2
720,407,3646,0.0,0.009999999776482582,3.6519887447357178,0.37885552644729614,0.37885552644729614,0.003788555273786187,1,4,4
721,408,3646,0.0,0.009999999776482582,3.6519887447357178,0.37885552644729614,0.37885552644729614,0.003788555273786187,1,4,4
722,408,3633,0.0,0.009999999776482582,1.372576117515564,0.053225159645080566,0.053225159645080566,0.0005322516080923378,1,2,2
723,409,3646,0.0,0.009999999776482582,3.6519887447357178,0.37885552644729614,0.37885552644729614,0.003788555273786187,1,4,4
724,409,2844,0.0,0.009999999776482582,1.7861758470535278,0.11231083422899246,0.11231083422899246,0.0011231083190068603,1,2,2
725,2844,3621,0.0,0.009999999776482582,2.3977928161621094,0.19968469440937042,0.19968469440937042,0.0019968468695878983,1,3,3
726,3234,3621,0.0,0.009999999776482582,2.3977928161621094,0.19968469440937042,0.19968469440937042,0.0019968468695878983,1,3,3
727,3234,3646,1.0,1.0,3.6519887447357178,0.37885552644729614,0.37885552644729614,0.37885552644729614,5,4,20
728,3130,3646,0.0,0.009999999776482582,3.6519887447357178,0.37885552644729614,0.37885552644729614,0.003788555273786187,1,4,4
729,2843,3130,0.0,0.009999999776482582,1.6207256317138672,0.08867508918046951,0.08867508918046951,0.0008867508731782436,1,2,2
730,2843,3634,0.0,0.009999999776482582,1.3258683681488037,0.046552624553442,0.046552624553442,0.00046552624553442,1,2,2
731,3634,3646,0.4999999701976776,0.5049999952316284,3.6519887447357178,0.37885552644729614,0.37885552644729614,0.19132204353809357,5,4,20
732,3646,4022,0.0,0.009999999776482582,3.6519887447357178,0.37885552644729614,0.37885552644729614,0.003788555273786187,1,4,4
733,3622,4022,0.0,0.009999999776482582,1.6206653118133545,0.08866647630929947,0.08866647630929947,0.0008866647258400917,1,2,2
734,3622,3633,0.0,0.009999999776482582,1.6206653118133545,0.08866647630929947,0.08866647630929947,0.0008866647258400917,1,2,2
735,410,411,0.0,0.009999999776482582,1.1117031574249268,0.01595759391784668,0.01595759391784668,0.0001595759385963902,1,2,2
736,411,412,0.0,0.009999999776482582,1.1344846487045288,0.019212093204259872,0.019212093204259872,0.00019212093320675194,1,2,2
737,412,413,0.0,0.009999999776482582,1.3116703033447266,0.04452433064579964,0.04452433064579964,0.00044524329132400453,1,2,2
738,414,3646,0.0,0.009999999776482582,3.6519887447357178,0.37885552644729614,0.37885552644729614,0.003788555273786187,1,4,4
739,414,3633,0.0,0.009999999776482582,1.292095422744751,0.04172791913151741,0.04172791913151741,0.000417279195971787,1,2,2
740,3633,3634,0.0,0.009999999776482582,1.292095422744751,0.04172791913151741,0.04172791913151741,0.000417279195971787,1,2,2
741,415,3646,0.0,0.009999999776482582,3.6519887447357178,0.37885552644729614,0.37885552644729614,0.003788555273786187,1,4,4
742,415,416,0.0,0.009999999776482582,1.1545073986053467,0.022072484716773033,0.022072484716773033,0.00022072484716773033,1,2,2
743,416,3646,0.0,0.009999999776482582,3.6519887447357178,0.37885552644729614,0.37885552644729614,0.003788555273786187,1,4,4
744,417,3646,0.0,0.009999999776482582,3.6519887447357178,0.37885552644729614,0.37885552644729614,0.003788555273786187,1,4,4
745,417,3637,0.0,0.009999999776482582,1.8639386892318726,0.12341981381177902,0.12341981381177902,0.0012341981055215001,1,2,2
746,3637,3646,0.0,0.009999999776482582,3.6519887447357178,0.37885552644729614,0.37885552644729614,0.003788555273786187,1,4,4
747,418,419,0.0,0.009999999776482582,1.0945879220962524,0.013512560166418552,0.013512560166418552,0.00013512559235095978,1,2,2
748,419,420,0.0,0.009999999776482582,1.2519657611846924,0.035995107144117355,0.035995107144117355,0.00035995105281472206,1,2,2
749,420,3646,0.0,0.009999999776482582,3.6519887447357178,0.37885552644729614,0.37885552644729614,0.003788555273786187,1,4,4
750,421,3646,0.0,0.009999999776482582,3.6519887447357178,0.37885552644729614,0.37885552644729614,0.003788555273786187,1,4,4
751,421,3648,0.0,0.009999999776482582,1.282480001449585,0.04035428538918495,0.04035428538918495,0.00040354285738430917,1,2,2
752,3647,3648,0.4999999701976776,0.5049999952316284,1.3404505252838135,0.04863578826189041,0.04863578826189041,0.024561073631048203,5,2,10
753,3638,3647,0.0,0.009999999776482582,1.4201185703277588,0.0600169375538826,0.0600169375538826,0.0006001693545840681,1,2,2
754,3638,3646,0.0,0.009999999776482582,3.6519887447357178,0.37885552644729614,0.37885552644729614,0.003788555273786187,1,4,4
755,3234,4176,0.4999999701976776,0.5049999952316284,1.6414988040924072,0.09164268523454666,0.09164268523454666,0.046279557049274445,5,2,10
756,3646,4176,1.0,1.0,3.6519887447357178,0.37885552644729614,0.37885552644729614,0.37885552644729614,5,4,20
757,3646,3647,0.4999999701976776,0.5049999952316284,3.6519887447357178,0.37885552644729614,0.37885552644729614,0.19132204353809357,5,4,20
758,3647,3672,0.0,0.009999999776482582,1.3916608095169067,0.055951543152332306,0.055951543152332306,0.0005595154361799359,1,2,2
759,3646,3672,1.0,1.0,3.6519887447357178,0.37885552644729614,0.37885552644729614,0.37885552644729614,5,4,20
760,2846,3646,0.0,0.009999999776482582,3.6519887447357178,0.37885552644729614,0.37885552644729614,0.003788555273786187,1,4,4
761,422,2846,0.0,0.009999999776482582,1.8259928226470947,0.11799897253513336,0.11799897253513336,0.0011799896601587534,1,2,2
762,422,3648,0.0,0.009999999776482582,1.8259928226470947,0.11799897253513336,0.11799897253513336,0.0011799896601587534,1,2,2
763,3646,3648,0.4999999701976776,0.5049999952316284,3.6519887447357178,0.37885552644729614,0.37885552644729614,0.19132204353809357,5,4,20
764,3522,3646,1.0,1.0,3.6519887447357178,0.37885552644729614,0.37885552644729614,0.37885552644729614,5,4,20
765,3522,4176,0.4999999701976776,0.5049999952316284,1.6414988040924072,0.09164268523454666,0.09164268523454666,0.046279557049274445,5,2,10
766,3642,4176,0.0,0.009999999776482582,1.6414988040924072,0.09164268523454666,0.09164268523454666,0.0009164268267340958,1,2,2
767,3642,3646,0.4999999701976776,0.5049999952316284,3.6519887447357178,0.37885552644729614,0.37885552644729614,0.19132204353809357,5,4,20
768,423,3646,0.0,0.009999999776482582,3.6519887447357178,0.37885552644729614,0.37885552644729614,0.003788555273786187,1,4,4
769,423,3234,0.0,0.009999999776482582,1.3416874408721924,0.048812489956617355,0.048812489956617355,0.00048812487511895597,1,2,2
770,424,3646,0.0,0.009999999776482582,3.6519887447357178,0.37885552644729614,0.37885552644729614,0.003788555273786187,1,4,4
771,424,3234,0.0,0.009999999776482582,1.5690443515777588,0.0812920480966568,0.0812920480966568,0.0008129204506985843,1,2,2
772,425,3672,0.0,0.009999999776482582,1.676755428314209,0.09667934477329254,0.09667934477329254,0.0009667934500612319,1,2,2
773,425,3646,0.0,0.009999999776482582,3.6519887447357178,0.37885552644729614,0.37885552644729614,0.003788555273786187,1,4,4
774,3277,3647,0.0,0.009999999776482582,4.994047164916992,0.5705781579017639,0.5705781579017639,0.005705781280994415,1,5,5
775,3234,3647,0.0,0.009999999776482582,1.3404505252838135,0.04863578826189041,0.04863578826189041,0.00048635786515660584,1,2,2
776,3234,3642,0.0,0.009999999776482582,1.377700686454773,0.053957242518663406,0.053957242518663406,0.0005395723856054246,1,2,2
777,2847,3672,0.0,0.009999999776482582,1.7546985149383545,0.10781407356262207,0.10781407356262207,0.001078140689060092,1,2,2
778,2847,3646,0.0,0.009999999776482582,3.6519887447357178,0.37885552644729614,0.37885552644729614,0.003788555273786187,1,4,4
779,2846,3522,0.0,0.009999999776482582,1.6121928691864014,0.0874561220407486,0.0874561220407486,0.000874561199452728,1,2,2
780,426,3672,0.0,0.009999999776482582,1.3916608095169067,0.055951543152332306,0.055951543152332306,0.0005595154361799359,1,2,2
781,426,3646,0.0,0.009999999776482582,3.6519887447357178,0.37885552644729614,0.37885552644729614,0.003788555273786187,1,4,4
782,3640,3646,0.4999999701976776,0.5049999952316284,3.6519887447357178,0.37885552644729614,0.37885552644729614,0.19132204353809357,5,4,20
783,3640,3641,0.0,0.009999999776482582,1.41530179977417,0.0593288280069828,0.0593288280069828,0.0005932882777415216,1,2,2
784,3641,3646,0.4999999701976776,0.5049999952316284,3.6519887447357178,0.37885552644729614,0.37885552644729614,0.19132204353809357,5,4,20
785,427,3596,0.0,0.009999999776482582,2.091062545776367,0.15586607158184052,0.15586607158184052,0.001558660645969212,1,3,3
786,427,428,0.0,0.009999999776482582,1.4337060451507568,0.061958007514476776,0.061958007514476776,0.0006195800378918648,1,2,2
787,428,3651,0.0,0.009999999776482582,1.502123236656189,0.07173188775777817,0.07173188775777817,0.0007173188496381044,1,2,2
788,429,430,0.0,0.009999999776482582,1.2220784425735474,0.03172549232840538,0.03172549232840538,0.00031725491862744093,1,2,2
789,430,431,0.0,0.009999999776482582,1.1149969100952148,0.016428129747509956,0.016428129747509956,0.0001642813003854826,1,2,2
790,431,432,0.0,0.009999999776482582,1.1251235008239746,0.017874786630272865,0.017874786630272865,0.0001787478686310351,1,2,2
791,433,3582,0.0,0.009999999776482582,2.40897798538208,0.2012825757265091,0.2012825757265091,0.0020128258038312197,1,3,3
792,434,3582,0.0,0.009999999776482582,2.40897798538208,0.2012825757265091,0.2012825757265091,0.0020128258038312197,1,3,3
793,3639,3646,1.0,1.0,3.6519887447357178,0.37885552644729614,0.37885552644729614,0.37885552644729614,5,4,20
794,3639,3641,0.0,0.009999999776482582,1.3175100088119507,0.0453585721552372,0.0453585721552372,0.00045358570059761405,1,2,2
795,435,3646,0.0,0.009999999776482582,3.6519887447357178,0.37885552644729614,0.37885552644729614,0.003788555273786187,1,4,4
796,435,3639,0.0,0.009999999776482582,1.2726540565490723,0.03895058110356331,0.03895058110356331,0.00038950578891672194,1,2,2
797,436,3639,0.0,0.009999999776482582,1.2260032892227173,0.03228618577122688,0.03228618577122688,0.00032286185887642205,1,2,2
798,436,3646,0.0,0.009999999776482582,3.6519887447357178,0.37885552644729614,0.37885552644729614,0.003788555273786187,1,4,4
799,437,3646,0.0,0.009999999776482582,3.6519887447357178,0.37885552644729614,0.37885552644729614,0.003788555273786187,1,4,4
800,437,438,0.0,0.009999999776482582,1.4144275188446045,0.05920393019914627,0.05920393019914627,0.0005920393159613013,1,2,2
801,438,3646,0.0,0.009999999776482582,3.6519887447357178,0.37885552644729614,0.37885552644729614,0.003788555273786187,1,4,4
802,439,3648,0.0,0.009999999776482582,1.2594081163406372,0.03705830127000809,0.03705830127000809,0.0003705830022227019,1,2,2
803,439,3646,0.0,0.009999999776482582,3.6519887447357178,0.37885552644729614,0.37885552644729614,0.003788555273786187,1,4,4
804,440,3638,0.0,0.009999999776482582,1.4201185703277588,0.0600169375538826,0.0600169375538826,0.0006001693545840681,1,2,2
805,440,3647,0.0,0.009999999776482582,1.3404505252838135,0.04863578826189041,0.04863578826189041,0.00048635786515660584,1,2,2
806,441,3646,0.0,0.009999999776482582,3.6519887447357178,0.37885552644729614,0.37885552644729614,0.003788555273786187,1,4,4
807,441,3234,0.0,0.009999999776482582,1.3230202198028564,0.04614574462175369,0.04614574462175369,0.00046145744272507727,1,2,2
808,442,3646,0.0,0.009999999776482582,3.6519887447357178,0.37885552644729614,0.37885552644729614,0.003788555273786187,1,4,4
809,442,443,0.0,0.009999999776482582,1.063982367515564,0.009140337817370892,0.009140337817370892,9.140337351709604e-05,1,2,2
810,443,3646,0.0,0.009999999776482582,3.6519887447357178,0.37885552644729614,0.37885552644729614,0.003788555273786187,1,4,4
811,444,3354,0.0,0.009999999776482582,1.172790288925171,0.024684326723217964,0.024684326723217964,0.0002468432649038732,1,2,2
812,445,3354,0.0,0.009999999776482582,1.8567686080932617,0.12239551544189453,0.12239551544189453,0.0012239550705999136,1,2,2
813,445,446,0.0,0.009999999776482582,1.8567686080932617,0.12239551544189453,0.12239551544189453,0.0012239550705999136,1,2,2
814,3105,3643,0.0,0.009999999776482582,2.6258721351623535,0.23226745426654816,0.23226745426654816,0.002322674496099353,1,3,3
815,3105,4373,0.4999999701976776,0.5049999952316284,1.6600656509399414,0.09429509192705154,0.09429509192705154,0.04761902242898941,5,2,10
816,3105,3368,0.0,0.009999999776482582,1.6679896116256714,0.09542708843946457,0.09542708843946457,0.0009542708867229521,1,2,2
817,3085,3368,0.0,0.009999999776482582,2.540442943572998,0.22006328403949738,0.22006328403949738,0.0022006328217685223,1,3,3
818,3268,3653,0.0,0.009999999776482582,2.618976354598999,0.2312823385000229,0.2312823385000229,0.0023128234315663576,1,3,3
819,3105,3653,0.0,0.009999999776482582,1.6600656509399414,0.09429509192705154,0.09429509192705154,0.0009429508936591446,1,2,2
820,447,4373,0.0,0.009999999776482582,1.684768557548523,0.0978240817785263,0.0978240817785263,0.000978240743279457,1,2,2
821,447,3643,0.0,0.009999999776482582,2.6258721351623535,0.23226745426654816,0.23226745426654816,0.002322674496099353,1,3,3
822,448,3085,0.0,0.009999999776482582,2.540442943572998,0.22006328403949738,0.22006328403949738,0.0022006328217685223,1,3,3
823,448,3105,0.0,0.009999999776482582,1.6600656509399414,0.09429509192705154,0.09429509192705154,0.0009429508936591446,1,2,2
824,3105,3268,0.0,0.009999999776482582,2.618976354598999,0.2312823385000229,0.2312823385000229,0.0023128234315663576,1,3,3
825,449,3649,0.0,0.009999999776482582,4.902396202087402,0.5574851632118225,0.5574851632118225,0.005574851296842098,1,5,5
826,449,450,0.0,0.009999999776482582,1.7660713195800781,0.10943876206874847,0.10943876206874847,0.001094387611374259,1,2,2
827,450,3680,0.0,0.009999999776482582,1.7660713195800781,0.10943876206874847,0.10943876206874847,0.001094387611374259,1,2,2
828,3679,3680,1.0,1.0,1.617067575454712,0.08815251290798187,0.08815251290798187,0.08815251290798187,5,2,10
829,3660,3679,0.0,0.009999999776482582,3.586358070373535,0.3694797158241272,0.3694797158241272,0.0036947971675544977,1,4,4
830,451,3660,0.0,0.009999999776482582,3.586358070373535,0.3694797158241272,0.3694797158241272,0.0036947971675544977,1,4,4
831,451,3681,0.0,0.009999999776482582,1.710282325744629,0.10146890580654144,0.10146890580654144,0.0010146889835596085,1,2,2
832,3680,3681,0.0,0.009999999776482582,1.710282325744629,0.10146890580654144,0.10146890580654144,0.0010146889835596085,1,2,2
833,3649,3680,0.4999999701976776,0.5049999952316284,4.902396202087402,0.5574851632118225,0.5574851632118225,0.2815299928188324,5,5,25
834,3649,3679,0.4999999701976776,0.5049999952316284,4.902396202087402,0.5574851632118225,0.5574851632118225,0.2815299928188324,5,5,25
835,452,3680,0.0,0.009999999776482582,1.808949589729309,0.11556422710418701,0.11556422710418701,0.0011556422105059028,1,2,2
836,452,3649,0.0,0.009999999776482582,4.902396202087402,0.5574851632118225,0.5574851632118225,0.005574851296842098,1,5,5
837,453,3654,0.0,0.009999999776482582,1.9261213541030884,0.13230304419994354,0.13230304419994354,0.0013230304466560483,1,2,2
838,453,454,0.0,0.009999999776482582,1.4340977668762207,0.06201396510004997,0.06201396510004997,0.0006201396463438869,1,2,2
839,454,455,0.0,0.009999999776482582,1.4907407760620117,0.07010582834482193,0.07010582834482193,0.0007010582485236228,1,2,2
840,455,3349,0.0,0.009999999776482582,2.207235813140869,0.17246225476264954,0.17246225476264954,0.001724622561596334,1,3,3
841,3189,3404,0.0,0.009999999776482582,1.1700419187545776,0.02429170347750187,0.02429170347750187,0.00024291702720802277,1,2,2
842,456,3189,0.0,0.009999999776482582,1.1186656951904297,0.016952242702245712,0.016952242702245712,0.0001695224200375378,1,2,2
843,456,3407,0.0,0.009999999776482582,2.0200741291046143,0.14572487771511078,0.14572487771511078,0.001457248697988689,1,3,3
844,3187,3405,0.0,0.009999999776482582,5.219306945800781,0.6027581095695496,0.6027581095695496,0.006027581170201302,1,6,6
845,457,3405,0.0,0.009999999776482582,1.0439029932022095,0.0062718563713133335,0.0062718563713133335,6.271856545936316e-05,1,2,2
846,457,3187,0.0,0.009999999776482582,5.219306945800781,0.6027581095695496,0.6027581095695496,0.006027581170201302,1,6,6
847,3085,3105,0.0,0.009999999776482582,2.540442943572998,0.22006328403949738,0.22006328403949738,0.0022006328217685223,1,3,3
848,3105,3505,0.4999999701976776,0.5049999952316284,1.6600656509399414,0.09429509192705154,0.09429509192705154,0.04761902242898941,5,2,10
849,3505,3523,0.4999999701976776,0.5049999952316284,1.6939352750778198,0.09913361072540283,0.09913361072540283,0.050062473863363266,5,2,10
850,458,3188,0.0,0.009999999776482582,2.884145736694336,0.26916366815567017,0.26916366815567017,0.002691636560484767,1,3,3
851,458,459,0.0,0.009999999776482582,1.1254526376724243,0.017921805381774902,0.017921805381774902,0.00017921805556397885,1,2,2
852,459,3414,0.0,0.009999999776482582,2.3878231048583984,0.19826044142246246,0.19826044142246246,0.0019826043862849474,1,3,3
853,3188,3413,0.0,0.009999999776482582,2.884145736694336,0.26916366815567017,0.26916366815567017,0.002691636560484767,1,3,3
854,3413,4154,0.0,0.009999999776482582,1.3295769691467285,0.04708242416381836,0.04708242416381836,0.00047082421951927245,1,2,2
855,3375,4154,0.0,0.009999999776482582,1.0006353855133057,9.076936112251133e-05,9.076936112251133e-05,9.076936180463235e-07,1,2,2
856,3375,3657,0.0,0.009999999776482582,1.0000056028366089,8.004052460819366e-07,8.004052460819366e-07,8.00405253187364e-09,1,2,2
857,3657,4247,0.4999999701976776,0.5049999952316284,1.0000579357147217,8.276530934381299e-06,8.276530934381299e-06,4.1796479308686685e-06,5,2,10
858,3081,4247,0.0,0.009999999776482582,1.0000579357147217,8.276530934381299e-06,8.276530934381299e-06,8.27653039436882e-08,1,2,2
859,460,3657,0.0,0.009999999776482582,1.1231118440628052,0.017587406560778618,0.017587406560778618,0.0001758740545483306,1,2,2
860,3414,4247,0.4999999701976776,0.5049999952316284,2.3878231048583984,0.19826044142246246,0.19826044142246246,0.10012152045965195,5,3,15
861,2848,3081,0.0,0.009999999776482582,1.0000001192092896,1.7029899268550253e-08,1.7029899268550253e-08,1.7029898324860682e-10,1,2,2
862,2848,4154,0.0,0.009999999776482582,1.0006353855133057,9.076936112251133e-05,9.076936112251133e-05,9.076936180463235e-07,1,2,2
863,3367,4154,0.0,0.009999999776482582,7.011823654174805,0.8588319420814514,0.8588319420814514,0.008588319644331932,1,8,8
864,3081,3657,0.4999999701976776,0.5049999952316284,1.0000014305114746,2.0435878411717567e-07,2.0435878411717567e-07,1.0320118803974765e-07,5,2,10
865,3657,3659,0.4999999701976776,0.5049999952316284,1.0035139322280884,0.0005019903182983398,0.0005019903182983398,0.0002535051025915891,5,2,10
866,3375,3659,0.0,0.009999999776482582,1.0035139322280884,0.0005019903182983398,0.0005019903182983398,5.019903255742975e-06,1,2,2
867,3188,4202,0.0,0.009999999776482582,2.884145736694336,0.26916366815567017,0.26916366815567017,0.002691636560484767,1,3,3
868,3657,4202,0.0,0.009999999776482582,1.0236860513687134,0.0033837216906249523,0.0033837216906249523,3.383721559657715e-05,1,2,2
869,3414,3657,0.0,0.009999999776482582,2.3878231048583984,0.19826044142246246,0.19826044142246246,0.0019826043862849474,1,3,3
870,3188,3657,0.0,0.009999999776482582,2.884145736694336,0.26916366815567017,0.26916366815567017,0.002691636560484767,1,3,3
871,3414,3659,0.0,0.009999999776482582,2.3878231048583984,0.19826044142246246,0.19826044142246246,0.0019826043862849474,1,3,3
872,3414,4202,0.0,0.009999999776482582,2.3878231048583984,0.19826044142246246,0.19826044142246246,0.0019826043862849474,1,3,3
873,461,4298,0.0,0.009999999776482582,2.0211119651794434,0.14587314426898956,0.14587314426898956,0.0014587313635274768,1,3,3
874,461,462,0.0,0.009999999776482582,1.7542524337768555,0.10775034874677658,0.10775034874677658,0.0010775034315884113,1,2,2
875,462,3382,0.0,0.009999999776482582,1.7542524337768555,0.10775034874677658,0.10775034874677658,0.0010775034315884113,1,2,2
876,463,3188,0.0,0.009999999776482582,2.884145736694336,0.26916366815567017,0.26916366815567017,0.002691636560484767,1,3,3
877,463,464,0.0,0.009999999776482582,1.706234097480774,0.10089058429002762,0.10089058429002762,0.0010089058196172118,1,2,2
878,464,465,0.0,0.009999999776482582,1.9015454053878784,0.1287921965122223,0.1287921965122223,0.0012879219138994813,1,2,2
879,465,3367,0.0,0.009999999776482582,7.011823654174805,0.8588319420814514,0.8588319420814514,0.008588319644331932,1,8,8
880,466,467,0.0,0.009999999776482582,1.0733792781829834,0.01048275362700224,0.01048275362700224,0.0001048275371431373,1,2,2
881,467,468,0.0,0.009999999776482582,1.0928289890289307,0.013261283747851849,0.013261283747851849,0.00013261284038890153,1,2,2
882,468,469,0.0,0.009999999776482582,1.3138542175292969,0.044836316257715225,0.044836316257715225,0.00044836316374130547,1,2,2
883,470,3786,0.0,0.009999999776482582,2.565084934234619,0.22358356416225433,0.22358356416225433,0.002235835650935769,1,3,3
884,470,471,0.0,0.009999999776482582,1.827178716659546,0.11816839128732681,0.11816839128732681,0.0011816838523373008,1,2,2
885,471,3786,0.0,0.009999999776482582,2.565084934234619,0.22358356416225433,0.22358356416225433,0.002235835650935769,1,3,3
886,3786,4001,0.0,0.009999999776482582,2.7544069290161133,0.25062957406044006,0.25062957406044006,0.002506295684725046,1,3,3
887,3244,4001,0.4999999701976776,0.5049999952316284,2.7544069290161133,0.25062957406044006,0.25062957406044006,0.12656792998313904,5,3,15
888,3244,3786,0.0,0.009999999776482582,2.565084934234619,0.22358356416225433,0.22358356416225433,0.002235835650935769,1,3,3
889,472,3237,0.0,0.009999999776482582,2.1754283905029297,0.1679183393716812,0.1679183393716812,0.0016791833331808448,1,3,3
890,472,473,0.0,0.009999999776482582,2.5673487186431885,0.2239069640636444,0.2239069640636444,0.0022390696685761213,1,3,3
891,473,474,0.0,0.009999999776482582,2.5673487186431885,0.2239069640636444,0.2239069640636444,0.0022390696685761213,1,3,3
892,474,475,0.0,0.009999999776482582,1.3393471240997314,0.04847816005349159,0.04847816005349159,0.00048478160169906914,1,2,2
893,476,3081,0.0,0.009999999776482582,1.0,0.0,0.0,0.0,1,1,1
894,476,477,0.0,0.009999999776482582,1.0000003576278687,5.108969602929392e-08,5.108969602929392e-08,5.108969358680326e-10,1,2,2
895,477,3375,0.0,0.009999999776482582,1.0000056028366089,8.004052460819366e-07,8.004052460819366e-07,8.00405253187364e-09,1,2,2
896,3654,3664,0.0,0.009999999776482582,2.7209205627441406,0.24584579467773438,0.24584579467773438,0.002458457835018635,1,3,3
897,478,3664,0.0,0.009999999776482582,2.971740245819092,0.2816771864891052,0.2816771864891052,0.0028167718555778265,1,3,3
898,478,479,0.0,0.009999999776482582,2.971740245819092,0.2816771864891052,0.2816771864891052,0.0028167718555778265,1,3,3
899,479,480,0.0,0.009999999776482582,2.3292312622070312,0.18989017605781555,0.18989017605781555,0.0018989017698913813,1,3,3
900,480,481,0.0,0.009999999776482582,2.3292312622070312,0.18989017605781555,0.18989017605781555,0.0018989017698913813,1,3,3
901,481,482,0.0,0.009999999776482582,1.9320719242095947,0.13315312564373016,0.13315312564373016,0.001331531209871173,1,2,2
902,482,3547,0.0,0.009999999776482582,2.059659481048584,0.15137992799282074,0.15137992799282074,0.0015137993032112718,1,3,3
903,483,484,0.0,0.009999999776482582,1.8109385967254639,0.1158483698964119,0.1158483698964119,0.0011584836756810546,1,2,2
904,484,485,0.0,0.009999999776482582,1.8109385967254639,0.1158483698964119,0.1158483698964119,0.0011584836756810546,1,2,2
905,485,3153,0.0,0.009999999776482582,2.059418201446533,0.15134546160697937,0.15134546160697937,0.0015134545974433422,1,3,3
906,486,3153,0.0,0.009999999776482582,2.059418201446533,0.15134546160697937,0.15134546160697937,0.0015134545974433422,1,3,3
907,486,487,0.0,0.009999999776482582,1.7039825916290283,0.10056894272565842,0.10056894272565842,0.0010056893806904554,1,2,2
908,487,488,0.0,0.009999999776482582,2.1766562461853027,0.1680937558412552,0.1680937558412552,0.001680937479250133,1,3,3
909,488,3547,0.0,0.009999999776482582,2.1766562461853027,0.1680937558412552,0.1680937558412552,0.001680937479250133,1,3,3
910,489,3198,0.0,0.009999999776482582,6.814609527587891,0.830658495426178,0.830658495426178,0.008306584320962429,1,7,7
911,489,490,0.0,0.009999999776482582,2.7682292461395264,0.2526041865348816,0.2526041865348816,0.002526041818782687,1,3,3
912,490,3663,0.0,0.009999999776482582,2.7682292461395264,0.2526041865348816,0.2526041865348816,0.002526041818782687,1,3,3
913,491,3621,0.0,0.009999999776482582,2.3977928161621094,0.19968469440937042,0.19968469440937042,0.0019968468695878983,1,3,3
914,492,3621,0.0,0.009999999776482582,2.3977928161621094,0.19968469440937042,0.19968469440937042,0.0019968468695878983,1,3,3
915,492,493,0.0,0.009999999776482582,1.2800540924072266,0.04000772908329964,0.04000772908329964,0.00040007728966884315,1,2,2
916,493,494,0.0,0.009999999776482582,1.2583439350128174,0.036906275898218155,0.036906275898218155,0.0003690627636387944,1,2,2
917,494,495,0.0,0.009999999776482582,1.2371338605880737,0.033876266330480576,0.033876266330480576,0.00033876264933496714,1,2,2
918,496,497,0.0,0.009999999776482582,1.0780922174453735,0.011156030930578709,0.011156030930578709,0.00011156030814163387,1,2,2
919,497,498,0.0,0.009999999776482582,1.0461795330047607,0.006597076077014208,0.006597076077014208,6.597075844183564e-05,1,2,2
920,498,499,0.0,0.009999999776482582,1.0700910091400146,0.010013001039624214,0.010013001039624214,0.00010013001156039536,1,2,2
921,499,500,0.0,0.009999999776482582,1.0700910091400146,0.010013001039624214,0.010013001039624214,0.00010013001156039536,1,2,2
922,500,3198,0.0,0.009999999776482582,6.814609527587891,0.830658495426178,0.830658495426178,0.008306584320962429,1,7,7
923,501,3245,0.0,0.009999999776482582,2.827451229095459,0.26106446981430054,0.26106446981430054,0.002610644558444619,1,3,3
924,501,502,0.0,0.009999999776482582,2.2698850631713867,0.18141214549541473,0.18141214549541473,0.0018141213804483414,1,3,3
925,502,3245,0.0,0.009999999776482582,2.827451229095459,0.26106446981430054,0.26106446981430054,0.002610644558444619,1,3,3
926,3105,3523,0.0,0.009999999776482582,1.6939352750778198,0.09913361072540283,0.09913361072540283,0.0009913360700011253,1,2,2
927,3106,4375,0.0,0.009999999776482582,2.187690019607544,0.1696700006723404,0.1696700006723404,0.0016966999974101782,1,3,3
928,3483,4375,0.0,0.009999999776482582,2.187690019607544,0.1696700006723404,0.1696700006723404,0.0016966999974101782,1,3,3
929,3483,4374,0.0,0.009999999776482582,2.916684150695801,0.27381202578544617,0.27381202578544617,0.0027381202671676874,1,3,3
930,3673,4374,0.0,0.009999999776482582,2.916684150695801,0.27381202578544617,0.27381202578544617,0.0027381202671676874,1,3,3
931,3673,4375,0.0,0.009999999776482582,2.187690019607544,0.1696700006723404,0.1696700006723404,0.0016966999974101782,1,3,3
932,3088,4375,0.0,0.009999999776482582,3.3662004470825195,0.3380286395549774,0.3380286395549774,0.0033802862744778395,1,4,4
933,503,3609,0.0,0.009999999776482582,1.9543776512145996,0.13633966445922852,0.13633966445922852,0.0013633966445922852,1,2,2
934,503,2849,0.0,0.009999999776482582,1.9543776512145996,0.13633966445922852,0.13633966445922852,0.0013633966445922852,1,2,2
935,2849,3609,0.0,0.009999999776482582,1.0946098566055298,0.013515694066882133,0.013515694066882133,0.00013515693717636168,1,2,2
936,504,4168,0.0,0.009999999776482582,1.370024561882019,0.052860651165246964,0.052860651165246964,0.0005286065279506147,1,2,2
937,505,4168,0.0,0.009999999776482582,1.370024561882019,0.052860651165246964,0.052860651165246964,0.0005286065279506147,1,2,2
938,505,506,0.0,0.009999999776482582,1.2765049934387207,0.03950071334838867,0.03950071334838867,0.00039500711136497557,1,2,2
939,506,507,0.0,0.009999999776482582,1.2765049934387207,0.03950071334838867,0.03950071334838867,0.00039500711136497557,1,2,2
940,507,508,0.0,0.009999999776482582,1.1559780836105347,0.022282583639025688,0.022282583639025688,0.0002228258381364867,1,2,2
941,508,509,0.0,0.009999999776482582,1.3969258069992065,0.05670368671417236,0.05670368671417236,0.0005670368555001915,1,2,2
942,510,3589,0.0,0.009999999776482582,2.2381200790405273,0.1768742948770523,0.1768742948770523,0.0017687429208308458,1,3,3
943,510,4364,0.0,0.009999999776482582,2.2381200790405273,0.1768742948770523,0.1768742948770523,0.0017687429208308458,1,3,3
944,3589,4364,0.0,0.009999999776482582,2.0815083980560303,0.15450119972229004,0.15450119972229004,0.0015450119972229004,1,3,3
945,511,3589,0.0,0.009999999776482582,2.2200207710266113,0.17428867518901825,0.17428867518901825,0.0017428867286071181,1,3,3
946,511,512,0.0,0.009999999776482582,4.144134521484375,0.4491620659828186,0.4491620659828186,0.004491620697081089,1,5,5
947,512,3674,0.0,0.009999999776482582,4.144134521484375,0.4491620659828186,0.4491620659828186,0.004491620697081089,1,5,5
948,513,3674,0.0,0.009999999776482582,2.214744806289673,0.17353497445583344,0.17353497445583344,0.0017353496514260769,1,3,3
949,513,4364,0.0,0.009999999776482582,1.732753038406372,0.10467900335788727,0.10467900335788727,0.0010467900428920984,1,2,2
950,514,3127,0.0,0.009999999776482582,2.4075045585632324,0.2010720819234848,0.2010720819234848,0.002010720781981945,1,3,3
951,514,515,0.0,0.009999999776482582,1.6224627494812012,0.08892325311899185,0.08892325311899185,0.0008892324985936284,1,2,2
952,515,3127,0.0,0.009999999776482582,2.4075045585632324,0.2010720819234848,0.2010720819234848,0.002010720781981945,1,3,3
953,516,3663,0.0,0.009999999776482582,1.6864867210388184,0.09806953370571136,0.09806953370571136,0.000980695360340178,1,2,2
954,516,517,0.0,0.009999999776482582,1.6864867210388184,0.09806953370571136,0.09806953370571136,0.000980695360340178,1,2,2
955,517,3153,0.0,0.009999999776482582,2.059418201446533,0.15134546160697937,0.15134546160697937,0.0015134545974433422,1,3,3
956,518,3455,0.0,0.009999999776482582,1.9724128246307373,0.13891611993312836,0.13891611993312836,0.001389161217957735,1,2,2
957,518,519,0.0,0.009999999776482582,1.6531665325164795,0.09330950677394867,0.09330950677394867,0.0009330950560979545,1,2,2
958,519,3676,0.0,0.009999999776482582,1.6531665325164795,0.09330950677394867,0.09330950677394867,0.0009330950560979545,1,2,2
959,3423,3676,0.0,0.009999999776482582,1.9234259128570557,0.13191798329353333,0.13191798329353333,0.0013191797770559788,1,2,2
960,520,521,0.0,0.009999999776482582,1.853635549545288,0.12194793671369553,0.12194793671369553,0.0012194793671369553,1,2,2
961,521,522,0.0,0.009999999776482582,1.5223608016967773,0.0746229737997055,0.0746229737997055,0.00074622972169891,1,2,2
962,522,3455,0.0,0.009999999776482582,1.9724128246307373,0.13891611993312836,0.13891611993312836,0.001389161217957735,1,2,2
963,523,3423,0.0,0.009999999776482582,2.6450440883636475,0.23500630259513855,0.23500630259513855,0.0023500630632042885,1,3,3
964,523,3675,0.0,0.009999999776482582,2.6450440883636475,0.23500630259513855,0.23500630259513855,0.0023500630632042885,1,3,3
965,3675,3676,0.0,0.009999999776482582,1.646765947341919,0.09239513427019119,0.09239513427019119,0.0009239513310603797,1,2,2
966,3081,3661,0.0,0.009999999776482582,1.0,0.0,0.0,0.0,1,1,1
967,3661,3662,0.0,0.009999999776482582,1.0,0.0,0.0,0.0,1,1,1
968,3081,3662,0.0,0.009999999776482582,1.0,0.0,0.0,0.0,1,1,1
969,524,525,0.0,0.009999999776482582,1.2982534170150757,0.042607631534338,0.042607631534338,0.00042607629438862205,1,2,2
970,525,526,0.0,0.009999999776482582,1.6164531707763672,0.08806473761796951,0.08806473761796951,0.0008806473342701793,1,2,2
971,526,527,0.0,0.009999999776482582,2.464169979095459,0.20916713774204254,0.20916713774204254,0.0020916713401675224,1,3,3
972,527,3161,0.0,0.009999999776482582,2.464169979095459,0.20916713774204254,0.20916713774204254,0.0020916713401675224,1,3,3
973,3239,3660,0.0,0.009999999776482582,3.586358070373535,0.3694797158241272,0.3694797158241272,0.0036947971675544977,1,4,4
974,528,3239,0.0,0.009999999776482582,2.9228529930114746,0.2746932804584503,0.2746932804584503,0.0027469326741993427,1,3,3
975,528,3677,0.0,0.009999999776482582,2.9228529930114746,0.2746932804584503,0.2746932804584503,0.0027469326741993427,1,3,3
976,529,3268,0.0,0.009999999776482582,2.618976354598999,0.2312823385000229,0.2312823385000229,0.0023128234315663576,1,3,3
977,529,3653,0.0,0.009999999776482582,1.5120140314102173,0.07314486056566238,0.07314486056566238,0.0007314485847018659,1,2,2
978,3523,3653,0.0,0.009999999776482582,1.6939352750778198,0.09913361072540283,0.09913361072540283,0.0009913360700011253,1,2,2
979,530,3678,0.0,0.009999999776482582,2.6883292198181152,0.2411898821592331,0.2411898821592331,0.0024118986912071705,1,3,3
980,530,3679,0.0,0.009999999776482582,1.394033432006836,0.05629048869013786,0.05629048869013786,0.0005629048682749271,1,2,2
981,531,3649,0.0,0.009999999776482582,4.902396202087402,0.5574851632118225,0.5574851632118225,0.005574851296842098,1,5,5
982,531,3680,0.0,0.009999999776482582,1.617067575454712,0.08815251290798187,0.08815251290798187,0.0008815251057967544,1,2,2
983,3649,3681,0.0,0.009999999776482582,4.902396202087402,0.5574851632118225,0.5574851632118225,0.005574851296842098,1,5,5
984,532,3681,0.0,0.009999999776482582,1.710282325744629,0.10146890580654144,0.10146890580654144,0.0010146889835596085,1,2,2
985,532,3547,0.0,0.009999999776482582,2.059659481048584,0.15137992799282074,0.15137992799282074,0.0015137993032112718,1,3,3
986,533,3198,0.0,0.009999999776482582,6.814609527587891,0.830658495426178,0.830658495426178,0.008306584320962429,1,7,7
987,533,3183,0.0,0.009999999776482582,2.0571439266204834,0.15102055668830872,0.15102055668830872,0.0015102055622264743,1,3,3
988,3183,4296,0.0,0.009999999776482582,2.592571258544922,0.22751018404960632,0.22751018404960632,0.0022751018404960632,1,3,3
989,534,535,0.0,0.009999999776482582,1.600700855255127,0.08581440895795822,0.08581440895795822,0.00085814407793805,1,2,2
990,535,536,0.0,0.009999999776482582,2.275204658508301,0.18217208981513977,0.18217208981513977,0.0018217208562418818,1,3,3
991,536,537,0.0,0.009999999776482582,2.275204658508301,0.18217208981513977,0.18217208981513977,0.0018217208562418818,1,3,3
992,537,538,0.0,0.009999999776482582,1.2650429010391235,0.03786327317357063,0.03786327317357063,0.00037863271427340806,1,2,2
993,539,540,0.0,0.009999999776482582,1.1524503231048584,0.021778617054224014,0.021778617054224014,0.0002177861606469378,1,2,2
994,540,541,0.0,0.009999999776482582,1.8781007528305054,0.1254429668188095,0.1254429668188095,0.0012544296914711595,1,2,2
995,541,542,0.0,0.009999999776482582,2.1281566619873047,0.1611652374267578,0.1611652374267578,0.0016116523183882236,1,3,3
996,543,3415,0.0,0.009999999776482582,4.253567218780518,0.46479532122612,0.46479532122612,0.0046479529701173306,1,5,5
997,543,4376,0.0,0.009999999776482582,1.8687199354171753,0.12410284578800201,0.12410284578800201,0.00124102842528373,1,2,2
998,3415,4376,0.0,0.009999999776482582,4.253567218780518,0.46479532122612,0.46479532122612,0.0046479529701173306,1,5,5
999,3100,3684,1.0,1.0,6.839209079742432,0.8341727256774902,0.8341727256774902,0.8341727256774902,5,7,35
1000,3684,3771,0.0,0.009999999776482582,2.022042989730835,0.14600613713264465,0.14600613713264465,0.0014600612921640277,1,3,3
1001,3100,3771,1.0,1.0,6.839209079742432,0.8341727256774902,0.8341727256774902,0.8341727256774902,5,7,35
1002,3100,3685,1.0,1.0,6.839209079742432,0.8341727256774902,0.8341727256774902,0.8341727256774902,5,7,35
1003,3685,3771,0.0,0.009999999776482582,2.1724259853363037,0.1674894243478775,0.1674894243478775,0.001674894243478775,1,3,3
1004,3100,3687,0.4999999701976776,0.5049999952316284,6.839209079742432,0.8341727256774902,0.8341727256774902,0.42125722765922546,5,7,35
1005,3687,3771,0.0,0.009999999776482582,2.0204761028289795,0.14578230679035187,0.14578230679035187,0.001457823091186583,1,3,3
1006,3497,3771,0.0,0.009999999776482582,5.646668434143066,0.6638097763061523,0.6638097763061523,0.0066380975767970085,1,6,6
1007,3100,3702,0.0,0.009999999776482582,6.839209079742432,0.8341727256774902,0.8341727256774902,0.00834172684699297,1,7,7
1008,3702,3771,0.0,0.009999999776482582,2.062084197998047,0.15172632038593292,0.15172632038593292,0.0015172631246969104,1,3,3
1009,3198,3771,1.0,1.0,6.814609527587891,0.830658495426178,0.830658495426178,0.830658495426178,5,7,35
1010,3694,3696,0.0,0.009999999776482582,2.0552995204925537,0.1507570743560791,0.1507570743560791,0.0015075707342475653,1,3,3
1011,3696,4139,0.0,0.009999999776482582,2.0552995204925537,0.1507570743560791,0.1507570743560791,0.0015075707342475653,1,3,3
1012,3694,4139,0.0,0.009999999776482582,2.05159592628479,0.15022799372673035,0.15022799372673035,0.0015022798907011747,1,3,3
1013,3100,3692,0.0,0.009999999776482582,6.839209079742432,0.8341727256774902,0.8341727256774902,0.00834172684699297,1,7,7
1014,3692,3693,0.0,0.009999999776482582,2.023453712463379,0.14620767533779144,0.14620767533779144,0.0014620766742154956,1,3,3
1015,3693,3700,0.4999999701976776,0.5049999952316284,2.32291841506958,0.1889883428812027,0.1889883428812027,0.095439113676548,5,3,15
1016,3100,3696,0.0,0.009999999776482582,6.839209079742432,0.8341727256774902,0.8341727256774902,0.00834172684699297,1,7,7
1017,544,3696,0.0,0.009999999776482582,2.0552995204925537,0.1507570743560791,0.1507570743560791,0.0015075707342475653,1,3,3
1018,544,3198,0.0,0.009999999776482582,6.814609527587891,0.830658495426178,0.830658495426178,0.008306584320962429,1,7,7
1019,4066,4378,0.0,0.009999999776482582,1.5266938209533691,0.07524197548627853,0.07524197548627853,0.0007524197571910918,1,2,2
1020,4377,4378,0.0,0.009999999776482582,1.4855226278305054,0.06936037540435791,0.06936037540435791,0.0006936037098057568,1,2,2
1021,4066,4377,0.4999999701976776,0.5049999952316284,1.5266938209533691,0.07524197548627853,0.07524197548627853,0.03799719735980034,5,2,10
1022,4066,4380,0.0,0.009999999776482582,1.5266938209533691,0.07524197548627853,0.07524197548627853,0.0007524197571910918,1,2,2
1023,4377,4380,0.0,0.009999999776482582,1.4855226278305054,0.06936037540435791,0.06936037540435791,0.0006936037098057568,1,2,2
1024,545,4379,0.0,0.009999999776482582,1.343263864517212,0.04903769493103027,0.04903769493103027,0.0004903769586235285,1,2,2
1025,545,4378,0.0,0.009999999776482582,1.29868483543396,0.04266926273703575,0.04266926273703575,0.0004266926262062043,1,2,2
1026,546,4066,0.0,0.009999999776482582,2.022678852081299,0.14609697461128235,0.14609697461128235,0.0014609696809202433,1,3,3
1027,546,4380,0.0,0.009999999776482582,2.022678852081299,0.14609697461128235,0.14609697461128235,0.0014609696809202433,1,3,3
1028,547,4066,0.0,0.009999999776482582,2.718273162841797,0.24546758830547333,0.24546758830547333,0.0024546757340431213,1,3,3
1029,547,2850,0.0,0.009999999776482582,2.718273162841797,0.24546758830547333,0.24546758830547333,0.0024546757340431213,1,3,3
1030,2850,4066,0.0,0.009999999776482582,1.5266938209533691,0.07524197548627853,0.07524197548627853,0.0007524197571910918,1,2,2
1031,2851,4066,0.0,0.009999999776482582,1.5266938209533691,0.07524197548627853,0.07524197548627853,0.0007524197571910918,1,2,2
1032,548,2851,0.0,0.009999999776482582,1.4318808317184448,0.06169726327061653,0.06169726327061653,0.000616972625721246,1,2,2
1033,548,4379,0.0,0.009999999776482582,1.4318808317184448,0.06169726327061653,0.06169726327061653,0.000616972625721246,1,2,2
1034,549,3100,0.0,0.009999999776482582,6.839209079742432,0.8341727256774902,0.8341727256774902,0.00834172684699297,1,7,7
1035,549,550,0.0,0.009999999776482582,2.056109666824341,0.15087281167507172,0.15087281167507172,0.0015087281353771687,1,3,3
1036,550,3497,0.0,0.009999999776482582,5.646668434143066,0.6638097763061523,0.6638097763061523,0.0066380975767970085,1,6,6
1037,3497,3685,0.4999999701976776,0.5049999952316284,5.646668434143066,0.6638097763061523,0.6638097763061523,0.3352239429950714,5,6,30
1038,3685,3913,0.0,0.009999999776482582,2.1724259853363037,0.1674894243478775,0.1674894243478775,0.001674894243478775,1,3,3
1039,3497,3913,0.4999999701976776,0.5049999952316284,5.646668434143066,0.6638097763061523,0.6638097763061523,0.3352239429950714,5,6,30
1040,551,3198,0.0,0.009999999776482582,6.814609527587891,0.830658495426178,0.830658495426178,0.008306584320962429,1,7,7
1041,551,552,0.0,0.009999999776482582,1.1054494380950928,0.015064205043017864,0.015064205043017864,0.00015064205217640847,1,2,2
1042,552,3497,0.0,0.009999999776482582,5.646668434143066,0.6638097763061523,0.6638097763061523,0.0066380975767970085,1,6,6
1043,3100,3706,0.0,0.009999999776482582,6.839209079742432,0.8341727256774902,0.8341727256774902,0.00834172684699297,1,7,7
1044,553,3706,0.0,0.009999999776482582,2.1074161529541016,0.15820230543613434,0.15820230543613434,0.0015820229891687632,1,3,3
1045,3198,3696,0.0,0.009999999776482582,6.814609527587891,0.830658495426178,0.830658495426178,0.008306584320962429,1,7,7
1046,3696,3701,0.0,0.009999999776482582,2.0552995204925537,0.1507570743560791,0.1507570743560791,0.0015075707342475653,1,3,3
1047,3198,3701,0.0,0.009999999776482582,6.814609527587891,0.830658495426178,0.830658495426178,0.008306584320962429,1,7,7
1048,3198,3693,1.0,1.0,6.814609527587891,0.830658495426178,0.830658495426178,0.830658495426178,5,7,35
1049,3685,3693,0.4999999701976776,0.5049999952316284,2.1724259853363037,0.1674894243478775,0.1674894243478775,0.08458215743303299,5,3,15
1050,554,3771,0.0,0.009999999776482582,2.0204761028289795,0.14578230679035187,0.14578230679035187,0.001457823091186583,1,3,3
1051,554,3100,0.0,0.009999999776482582,6.839209079742432,0.8341727256774902,0.8341727256774902,0.00834172684699297,1,7,7
1052,555,3100,0.0,0.009999999776482582,6.839209079742432,0.8341727256774902,0.8341727256774902,0.00834172684699297,1,7,7
1053,555,3697,0.0,0.009999999776482582,1.9550795555114746,0.13643993437290192,0.13643993437290192,0.0013643993297591805,1,2,2
1054,3198,3697,0.0,0.009999999776482582,6.814609527587891,0.830658495426178,0.830658495426178,0.008306584320962429,1,7,7
1055,556,3705,0.0,0.009999999776482582,2.0009713172912598,0.1429959088563919,0.1429959088563919,0.0014299590839073062,1,3,3
1056,556,3698,0.0,0.009999999776482582,2.0024805068969727,0.1432114988565445,0.1432114988565445,0.0014321149792522192,1,3,3
1057,3198,3698,0.4999999701976776,0.5049999952316284,6.814609527587891,0.830658495426178,0.830658495426178,0.4194825291633606,5,7,35
1058,557,4018,0.0,0.009999999776482582,2.1932852268218994,0.17046931385993958,0.17046931385993958,0.0017046930734068155,1,3,3
1059,557,558,0.0,0.009999999776482582,2.5751051902770996,0.22501502931118011,0.22501502931118011,0.0022501503117382526,1,3,3
1060,558,3299,0.0,0.009999999776482582,6.190582752227783,0.7415118217468262,0.7415118217468262,0.007415118161588907,1,7,7
1061,559,3694,0.0,0.009999999776482582,2.05159592628479,0.15022799372673035,0.15022799372673035,0.0015022798907011747,1,3,3
1062,559,3693,0.0,0.009999999776482582,2.0054023265838623,0.14362891018390656,0.14362891018390656,0.001436289050616324,1,3,3
1063,3100,3701,0.4999999701976776,0.5049999952316284,6.839209079742432,0.8341727256774902,0.8341727256774902,0.42125722765922546,5,7,35
1064,3683,3701,0.0,0.009999999776482582,2.0441462993621826,0.14916375279426575,0.14916375279426575,0.0014916375512257218,1,3,3
1065,3100,3683,0.4999999701976776,0.5049999952316284,6.839209079742432,0.8341727256774902,0.8341727256774902,0.42125722765922546,5,7,35
1066,560,3704,0.0,0.009999999776482582,1.1779201030731201,0.025417158380150795,0.025417158380150795,0.0002541715803090483,1,2,2
1067,560,3334,0.0,0.009999999776482582,1.4673562049865723,0.06676517426967621,0.06676517426967621,0.0006676517077721655,1,2,2
1068,3100,3334,0.0,0.009999999776482582,6.839209079742432,0.8341727256774902,0.8341727256774902,0.00834172684699297,1,7,7
1069,3100,3698,1.0,1.0,6.839209079742432,0.8341727256774902,0.8341727256774902,0.8341727256774902,5,7,35
1070,3685,3698,1.0,1.0,2.1724259853363037,0.1674894243478775,0.1674894243478775,0.1674894243478775,5,3,15
1071,2852,3685,0.0,0.009999999776482582,2.4279966354370117,0.20399951934814453,0.20399951934814453,0.0020399950444698334,1,3,3
1072,2852,3198,0.0,0.009999999776482582,6.814609527587891,0.830658495426178,0.830658495426178,0.008306584320962429,1,7,7
1073,3100,3695,0.4999999701976776,0.5049999952316284,6.839209079742432,0.8341727256774902,0.8341727256774902,0.42125722765922546,5,7,35
1074,2853,3695,0.4999999701976776,0.5049999952316284,2.047775983810425,0.14968228340148926,0.14968228340148926,0.07558955252170563,5,3,15
1075,2853,3498,0.0,0.009999999776482582,2.212677001953125,0.1732395738363266,0.1732395738363266,0.0017323957290500402,1,3,3
1076,3498,3705,0.0,0.009999999776482582,2.212677001953125,0.1732395738363266,0.1732395738363266,0.0017323957290500402,1,3,3
1077,3698,3769,0.0,0.009999999776482582,2.0024805068969727,0.1432114988565445,0.1432114988565445,0.0014321149792522192,1,3,3
1078,3198,3769,0.0,0.009999999776482582,6.814609527587891,0.830658495426178,0.830658495426178,0.008306584320962429,1,7,7
1079,3685,3699,0.0,0.009999999776482582,2.1724259853363037,0.1674894243478775,0.1674894243478775,0.001674894243478775,1,3,3
1080,3100,3699,0.4999999701976776,0.5049999952316284,6.839209079742432,0.8341727256774902,0.8341727256774902,0.42125722765922546,5,7,35
1081,3698,4381,0.0,0.009999999776482582,2.0024805068969727,0.1432114988565445,0.1432114988565445,0.0014321149792522192,1,3,3
1082,3100,4381,1.0,1.0,6.839209079742432,0.8341727256774902,0.8341727256774902,0.8341727256774902,5,7,35
1083,561,3100,0.0,0.009999999776482582,6.839209079742432,0.8341727256774902,0.8341727256774902,0.00834172684699297,1,7,7
1084,561,3699,0.0,0.009999999776482582,2.1835708618164062,0.16908155381679535,0.16908155381679535,0.0016908155521377921,1,3,3
1085,562,3497,0.0,0.009999999776482582,5.646668434143066,0.6638097763061523,0.6638097763061523,0.0066380975767970085,1,6,6
1086,562,3914,0.0,0.009999999776482582,4.159366130828857,0.4513380229473114,0.4513380229473114,0.004513380117714405,1,5,5
1087,3497,3914,0.0,0.009999999776482582,5.646668434143066,0.6638097763061523,0.6638097763061523,0.0066380975767970085,1,6,6
1088,563,3172,0.0,0.009999999776482582,2.4604740142822266,0.20863914489746094,0.20863914489746094,0.0020863914396613836,1,3,3
1089,563,2852,0.0,0.009999999776482582,2.4279966354370117,0.20399951934814453,0.20399951934814453,0.0020399950444698334,1,3,3
1090,564,2852,0.0,0.009999999776482582,2.4279966354370117,0.20399951934814453,0.20399951934814453,0.0020399950444698334,1,3,3
1091,564,3600,0.0,0.009999999776482582,2.424067497253418,0.20343820750713348,0.20343820750713348,0.002034381963312626,1,3,3
1092,2853,3100,0.0,0.009999999776482582,6.839209079742432,0.8341727256774902,0.8341727256774902,0.00834172684699297,1,7,7
1093,565,3250,0.0,0.009999999776482582,6.943184852600098,0.8490263819694519,0.8490263819694519,0.008490263484418392,1,7,7
1094,565,566,0.0,0.009999999776482582,1.356081247329712,0.05086874961853027,0.05086874961853027,0.0005086874589323997,1,2,2
1095,566,3308,0.0,0.009999999776482582,6.258337497711182,0.7511910796165466,0.7511910796165466,0.007511910516768694,1,7,7
1096,567,3100,0.0,0.009999999776482582,6.839209079742432,0.8341727256774902,0.8341727256774902,0.00834172684699297,1,7,7
1097,567,568,0.0,0.009999999776482582,1.169047236442566,0.024149606004357338,0.024149606004357338,0.0002414960617898032,1,2,2
1098,568,4382,0.0,0.009999999776482582,1.169047236442566,0.024149606004357338,0.024149606004357338,0.0002414960617898032,1,2,2
1099,569,4383,0.0,0.009999999776482582,1.0815987586975098,0.011656965129077435,0.011656965129077435,0.00011656965216388926,1,2,2
1100,569,2854,0.0,0.009999999776482582,1.0815987586975098,0.011656965129077435,0.011656965129077435,0.00011656965216388926,1,2,2
1101,570,2854,0.0,0.009999999776482582,1.0131620168685913,0.0018802881240844727,0.0018802881240844727,1.8802880731527694e-05,1,2,2
1102,570,571,0.0,0.009999999776482582,1.0455180406570435,0.006502577103674412,0.006502577103674412,6.502577161882073e-05,1,2,2
1103,571,4383,0.0,0.009999999776482582,1.0455180406570435,0.006502577103674412,0.006502577103674412,6.502577161882073e-05,1,2,2
1104,572,4384,0.0,0.009999999776482582,1.3068231344223022,0.043831877410411835,0.043831877410411835,0.00043831876246258616,1,2,2
1105,572,573,0.0,0.009999999776482582,1.5782018899917603,0.08260027319192886,0.08260027319192886,0.0008260027389042079,1,2,2
1106,573,574,0.0,0.009999999776482582,1.5782018899917603,0.08260027319192886,0.08260027319192886,0.0008260027389042079,1,2,2
1107,574,3707,0.0,0.009999999776482582,5.050803184509277,0.5786861777305603,0.5786861777305603,0.0057868617586791515,1,6,6
1108,3698,3913,0.4999999701976776,0.5049999952316284,2.0325374603271484,0.14750535786151886,0.14750535786151886,0.07449020445346832,5,3,15
1109,575,3100,0.0,0.009999999776482582,6.839209079742432,0.8341727256774902,0.8341727256774902,0.00834172684699297,1,7,7
1110,575,3693,0.0,0.009999999776482582,2.0054023265838623,0.14362891018390656,0.14362891018390656,0.001436289050616324,1,3,3
1111,3096,3600,0.0,0.009999999776482582,2.424067497253418,0.20343820750713348,0.20343820750713348,0.002034381963312626,1,3,3
1112,3096,3691,0.0,0.009999999776482582,1.8700015544891357,0.12428593635559082,0.12428593635559082,0.0012428592890501022,1,2,2
1113,3691,3898,0.0,0.009999999776482582,1.8700015544891357,0.12428593635559082,0.12428593635559082,0.0012428592890501022,1,2,2
1114,3198,3898,0.0,0.009999999776482582,6.814609527587891,0.830658495426178,0.830658495426178,0.008306584320962429,1,7,7
1115,3693,3698,0.0,0.009999999776482582,2.0054023265838623,0.14362891018390656,0.14362891018390656,0.001436289050616324,1,3,3
1116,576,3429,0.0,0.009999999776482582,1.015114188194275,0.00215916964225471,0.00215916964225471,2.1591695258393884e-05,1,2,2
1117,576,577,0.0,0.009999999776482582,1.0507515668869019,0.007250223774462938,0.007250223774462938,7.25022327969782e-05,1,2,2
1118,577,4299,0.0,0.009999999776482582,1.3295791149139404,0.04708272963762283,0.04708272963762283,0.0004708272754214704,1,2,2
1119,578,3708,0.0,0.009999999776482582,3.6031038761138916,0.3718719780445099,0.3718719780445099,0.003718719584867358,1,4,4
1120,578,579,0.0,0.009999999776482582,1.7481762170791626,0.10688231885433197,0.10688231885433197,0.0010688231559470296,1,2,2
1121,579,3708,0.0,0.009999999776482582,3.6031038761138916,0.3718719780445099,0.3718719780445099,0.003718719584867358,1,4,4
1122,580,4300,0.0,0.009999999776482582,1.1668070554733276,0.02382957935333252,0.02382957935333252,0.00023829579004086554,1,2,2
1123,580,3709,0.0,0.009999999776482582,1.3985481262207031,0.056935448199510574,0.056935448199510574,0.0005693544517271221,1,2,2
1124,3100,3709,0.0,0.009999999776482582,6.839209079742432,0.8341727256774902,0.8341727256774902,0.00834172684699297,1,7,7
1125,3263,3737,0.4999999701976776,0.5049999952316284,1.2862355709075928,0.04089079424738884,0.04089079424738884,0.020649850368499756,5,2,10
1126,3710,4386,0.0,0.009999999776482582,1.0791324377059937,0.011304633691906929,0.011304633691906929,0.00011304633517283946,1,2,2
1127,3160,3497,0.0,0.009999999776482582,5.646668434143066,0.6638097763061523,0.6638097763061523,0.0066380975767970085,1,6,6
1128,3160,4387,1.0,1.0,1.516560435295105,0.07379435002803802,0.07379435002803802,0.07379435002803802,5,2,10
1129,3765,4387,0.0,0.009999999776482582,3.1496989727020264,0.307099848985672,0.307099848985672,0.0030709984712302685,1,4,4
1130,581,3427,0.0,0.009999999776482582,1.5814870595932007,0.0830695778131485,0.0830695778131485,0.0008306957315653563,1,2,2
1131,581,582,0.0,0.009999999776482582,1.5814870595932007,0.0830695778131485,0.0830695778131485,0.0008306957315653563,1,2,2
1132,582,3765,0.0,0.009999999776482582,3.1496989727020264,0.307099848985672,0.307099848985672,0.0030709984712302685,1,4,4
1133,3160,3878,0.4999999701976776,0.5049999952316284,3.259284019470215,0.3227548599243164,0.3227548599243164,0.16299119591712952,5,4,20
1134,583,4387,0.0,0.009999999776482582,1.700812816619873,0.10011611878871918,0.10011611878871918,0.0010011611739173532,1,2,2
1135,583,3100,0.0,0.009999999776482582,6.839209079742432,0.8341727256774902,0.8341727256774902,0.00834172684699297,1,7,7
1136,3160,3389,0.0,0.009999999776482582,1.414048194885254,0.059149742126464844,0.059149742126464844,0.0005914974026381969,1,2,2
1137,3711,4387,0.0,0.009999999776482582,1.5386239290237427,0.07694627344608307,0.07694627344608307,0.0007694627274759114,1,2,2
1138,3205,3711,0.0,0.009999999776482582,1.6037623882293701,0.08625177294015884,0.08625177294015884,0.0008625176851637661,1,2,2
1139,584,3765,0.0,0.009999999776482582,3.1496989727020264,0.307099848985672,0.307099848985672,0.0030709984712302685,1,4,4
1140,584,585,0.0,0.009999999776482582,1.5770405530929565,0.08243436366319656,0.08243436366319656,0.0008243436459451914,1,2,2
1141,585,3765,0.0,0.009999999776482582,3.1496989727020264,0.307099848985672,0.307099848985672,0.0030709984712302685,1,4,4
1142,3766,4387,0.0,0.009999999776482582,1.516560435295105,0.07379435002803802,0.07379435002803802,0.0007379435119219124,1,2,2
1143,586,4388,0.0,0.009999999776482582,1.1980119943618774,0.028287427499890327,0.028287427499890327,0.00028287427267059684,1,2,2
1144,586,587,0.0,0.009999999776482582,1.1980119943618774,0.028287427499890327,0.028287427499890327,0.00028287427267059684,1,2,2
1145,587,3712,0.0,0.009999999776482582,1.3620034456253052,0.05171477794647217,0.05171477794647217,0.0005171477678231895,1,2,2
1146,3712,4388,0.0,0.009999999776482582,1.3620034456253052,0.05171477794647217,0.05171477794647217,0.0005171477678231895,1,2,2
1147,588,4388,0.0,0.009999999776482582,1.1393508911132812,0.01990726962685585,0.01990726962685585,0.00019907268870156258,1,2,2
1148,588,589,0.0,0.009999999776482582,1.0774809122085571,0.01106870174407959,0.01106870174407959,0.0001106870113289915,1,2,2
1149,589,590,0.0,0.009999999776482582,1.019229769706726,0.0027471098583191633,0.0027471098583191633,2.747109829215333e-05,1,2,2
1150,590,3118,0.0,0.009999999776482582,1.019229769706726,0.0027471098583191633,0.0027471098583191633,2.747109829215333e-05,1,2,2
1151,591,3118,0.0,0.009999999776482582,1.3593236207962036,0.05133194476366043,0.05133194476366043,0.0005133194499649107,1,2,2
1152,591,3156,0.0,0.009999999776482582,2.3005504608154297,0.1857929229736328,0.1857929229736328,0.001857929164543748,1,3,3
1153,592,4388,0.0,0.009999999776482582,1.1393508911132812,0.01990726962685585,0.01990726962685585,0.00019907268870156258,1,2,2
1154,592,3712,0.0,0.009999999776482582,1.3620034456253052,0.05171477794647217,0.05171477794647217,0.0005171477678231895,1,2,2
1155,593,3712,0.0,0.009999999776482582,1.3620034456253052,0.05171477794647217,0.05171477794647217,0.0005171477678231895,1,2,2
1156,593,4388,0.0,0.009999999776482582,1.3393917083740234,0.04848453029990196,0.04848453029990196,0.0004848452808801085,1,2,2
1157,2855,4388,0.0,0.009999999776482582,1.4394320249557495,0.06277600675821304,0.06277600675821304,0.0006277600768953562,1,2,2
1158,2855,3712,0.0,0.009999999776482582,1.4394320249557495,0.06277600675821304,0.06277600675821304,0.0006277600768953562,1,2,2
1159,2855,3713,0.0,0.009999999776482582,1.4394320249557495,0.06277600675821304,0.06277600675821304,0.0006277600768953562,1,2,2
1160,3713,4388,0.0,0.009999999776482582,1.3009741306304932,0.04299630597233772,0.04299630597233772,0.0004299630527384579,1,2,2
1161,3206,4003,0.4999999701976776,0.5049999952316284,4.180234909057617,0.4543192684650421,0.4543192684650421,0.22943122684955597,5,5,25
1162,3108,4003,0.4999999701976776,0.5049999952316284,4.180234909057617,0.4543192684650421,0.4543192684650421,0.22943122684955597,5,5,25
1163,594,4003,0.0,0.009999999776482582,4.180234909057617,0.4543192684650421,0.4543192684650421,0.004543192684650421,1,5,5
1164,594,3206,0.0,0.009999999776482582,1.720495581626892,0.10292793810367584,0.10292793810367584,0.0010292793158441782,1,2,2
1165,3108,3141,0.0,0.009999999776482582,2.393531322479248,0.19907590746879578,0.19907590746879578,0.0019907590467482805,1,3,3
1166,3141,3231,0.0,0.009999999776482582,3.2500813007354736,0.321440190076828,0.321440190076828,0.0032144018914550543,1,4,4
1167,595,3108,0.0,0.009999999776482582,2.393531322479248,0.19907590746879578,0.19907590746879578,0.0019907590467482805,1,3,3
1168,595,4003,0.0,0.009999999776482582,4.180234909057617,0.4543192684650421,0.4543192684650421,0.004543192684650421,1,5,5
1169,2856,3407,0.0,0.009999999776482582,2.0200741291046143,0.14572487771511078,0.14572487771511078,0.001457248697988689,1,3,3
1170,2856,3840,0.4999999701976776,0.5049999952316284,2.0025558471679688,0.14322225749492645,0.14322225749492645,0.07232724130153656,5,3,15
1171,3301,3840,0.0,0.009999999776482582,2.017831563949585,0.14540450274944305,0.14540450274944305,0.0014540449483320117,1,3,3
1172,2856,3993,0.0,0.009999999776482582,3.7381486892700195,0.391164094209671,0.391164094209671,0.003911640960723162,1,4,4
1173,3145,3840,0.0,0.009999999776482582,2.56011962890625,0.2228742390871048,0.2228742390871048,0.0022287422325462103,1,3,3
1174,3145,4390,0.0,0.009999999776482582,2.56011962890625,0.2228742390871048,0.2228742390871048,0.0022287422325462103,1,3,3
1175,4390,4391,0.0,0.009999999776482582,2.4033737182617188,0.20048196613788605,0.20048196613788605,0.0020048196893185377,1,3,3
1176,3832,4391,0.0,0.009999999776482582,2.6969387531280518,0.24241982400417328,0.24241982400417328,0.00242419820278883,1,3,3
1177,596,3172,0.0,0.009999999776482582,2.4604740142822266,0.20863914489746094,0.20863914489746094,0.0020863914396613836,1,3,3
1178,596,4390,0.0,0.009999999776482582,2.4033737182617188,0.20048196613788605,0.20048196613788605,0.0020048196893185377,1,3,3
1179,3993,4390,0.4999999701976776,0.5049999952316284,3.7381486892700195,0.391164094209671,0.391164094209671,0.1975378692150116,5,4,20
1180,3993,4391,0.4999999701976776,0.5049999952316284,3.7381486892700195,0.391164094209671,0.391164094209671,0.1975378692150116,5,4,20
1181,597,4391,0.0,0.009999999776482582,1.3114752769470215,0.04449646919965744,0.04449646919965744,0.0004449646803550422,1,2,2
1182,597,4389,0.0,0.009999999776482582,1.2100225687026978,0.030003223568201065,0.030003223568201065,0.000300032232189551,1,2,2
1183,3330,4389,0.0,0.009999999776482582,1.732964038848877,0.10470914840698242,0.10470914840698242,0.0010470914421603084,1,2,2
1184,3840,3993,0.0,0.009999999776482582,3.7381486892700195,0.391164094209671,0.391164094209671,0.003911640960723162,1,4,4
1185,3840,4390,1.0,1.0,2.4033737182617188,0.20048196613788605,0.20048196613788605,0.20048196613788605,5,3,15
1186,3335,4390,0.0,0.009999999776482582,7.126559734344482,0.8752228021621704,0.8752228021621704,0.008752227760851383,1,8,8
1187,3717,4390,0.0,0.009999999776482582,2.4033737182617188,0.20048196613788605,0.20048196613788605,0.0020048196893185377,1,3,3
1188,3717,4391,0.0,0.009999999776482582,1.3114752769470215,0.04449646919965744,0.04449646919965744,0.0004449646803550422,1,2,2
1189,4389,4391,0.0,0.009999999776482582,1.3114752769470215,0.04449646919965744,0.04449646919965744,0.0004449646803550422,1,2,2
1190,3840,4389,0.0,0.009999999776482582,2.0025558471679688,0.14322225749492645,0.14322225749492645,0.0014322225470095873,1,3,3
1191,3284,3840,0.0,0.009999999776482582,2.438967704772949,0.20556680858135223,0.20556680858135223,0.0020556680392473936,1,3,3
1192,3330,3840,0.0,0.009999999776482582,2.0025558471679688,0.14322225749492645,0.14322225749492645,0.0014322225470095873,1,3,3
1193,3330,4390,0.0,0.009999999776482582,2.4033737182617188,0.20048196613788605,0.20048196613788605,0.0020048196893185377,1,3,3
1194,3335,3717,0.0,0.009999999776482582,7.126559734344482,0.8752228021621704,0.8752228021621704,0.008752227760851383,1,8,8
1195,3475,4312,0.0,0.009999999776482582,6.79606294631958,0.8280090093612671,0.8280090093612671,0.008280090056359768,1,7,7
1196,598,4312,0.0,0.009999999776482582,1.3428287506103516,0.04897553473711014,0.04897553473711014,0.0004897553590126336,1,2,2
1197,598,3475,0.0,0.009999999776482582,6.79606294631958,0.8280090093612671,0.8280090093612671,0.008280090056359768,1,7,7
1198,599,600,0.0,0.009999999776482582,1.2454954385757446,0.03507077693939209,0.03507077693939209,0.0003507077635731548,1,2,2
1199,600,601,0.0,0.009999999776482582,1.5166728496551514,0.0738104060292244,0.0738104060292244,0.0007381040486507118,1,2,2
1200,601,3718,0.0,0.009999999776482582,1.9977664947509766,0.14253807067871094,0.14253807067871094,0.0014253807021304965,1,2,2
1201,3526,3840,1.0,1.0,2.368058681488037,0.19543695449829102,0.19543695449829102,0.19543695449829102,5,3,15
1202,3722,3840,0.0,0.009999999776482582,2.0025558471679688,0.14322225749492645,0.14322225749492645,0.0014322225470095873,1,3,3
1203,602,3526,0.0,0.009999999776482582,2.368058681488037,0.19543695449829102,0.19543695449829102,0.00195436947979033,1,3,3
1204,602,603,0.0,0.009999999776482582,1.2673271894454956,0.038189597427845,0.038189597427845,0.00038189595215953887,1,2,2
1205,603,3832,0.0,0.009999999776482582,2.6969387531280518,0.24241982400417328,0.24241982400417328,0.00242419820278883,1,3,3
1206,604,605,0.0,0.009999999776482582,1.4406914710998535,0.06295592337846756,0.06295592337846756,0.0006295592174865305,1,2,2
1207,605,2857,0.0,0.009999999776482582,1.4406914710998535,0.06295592337846756,0.06295592337846756,0.0006295592174865305,1,2,2
1208,606,2857,0.0,0.009999999776482582,1.3736920356750488,0.05338457599282265,0.05338457599282265,0.000533845741301775,1,2,2
1209,2857,3250,0.0,0.009999999776482582,6.943184852600098,0.8490263819694519,0.8490263819694519,0.008490263484418392,1,7,7
1210,607,3751,0.0,0.009999999776482582,1.5324467420578003,0.07606381922960281,0.07606381922960281,0.0007606381550431252,1,2,2
1211,607,608,0.0,0.009999999776482582,1.152157187461853,0.021736741065979004,0.021736741065979004,0.00021736740018241107,1,2,2
1212,608,3751,0.0,0.009999999776482582,1.5324467420578003,0.07606381922960281,0.07606381922960281,0.0007606381550431252,1,2,2
1213,3208,3754,0.4999999701976776,0.5049999952316284,6.996101379394531,0.8565859198570251,0.8565859198570251,0.43257588148117065,5,7,35
1214,3285,3754,0.4999999701976776,0.5049999952316284,2.0706069469451904,0.15294384956359863,0.15294384956359863,0.07723664492368698,5,3,15
1215,3285,3287,0.4999999701976776,0.5049999952316284,4.960546016693115,0.5657922625541687,0.5657922625541687,0.28572508692741394,5,5,25
1216,3287,3868,1.0,1.0,4.960546016693115,0.5657922625541687,0.5657922625541687,0.5657922625541687,5,5,25
1217,609,3868,0.0,0.009999999776482582,2.0048611164093018,0.14355158805847168,0.14355158805847168,0.0014355158200487494,1,3,3
1218,609,3287,0.0,0.009999999776482582,4.960546016693115,0.5657922625541687,0.5657922625541687,0.005657922476530075,1,5,5
1219,3287,4135,1.0,1.0,4.960546016693115,0.5657922625541687,0.5657922625541687,0.5657922625541687,5,5,25
1220,610,4135,0.0,0.009999999776482582,2.0649681091308594,0.15213830769062042,0.15213830769062042,0.0015213830629363656,1,3,3
1221,610,3287,0.0,0.009999999776482582,4.960546016693115,0.5657922625541687,0.5657922625541687,0.005657922476530075,1,5,5
1222,3287,3723,0.4999999701976776,0.5049999952316284,4.960546016693115,0.5657922625541687,0.5657922625541687,0.28572508692741394,5,5,25
1223,3723,3724,0.0,0.009999999776482582,2.0211684703826904,0.14588120579719543,0.14588120579719543,0.0014588120393455029,1,3,3
1224,3724,3868,0.0,0.009999999776482582,2.0211684703826904,0.14588120579719543,0.14588120579719543,0.0014588120393455029,1,3,3
1225,611,4135,0.0,0.009999999776482582,1.5970503091812134,0.08529289811849594,0.08529289811849594,0.0008529289625585079,1,2,2
1226,611,3287,0.0,0.009999999776482582,4.960546016693115,0.5657922625541687,0.5657922625541687,0.005657922476530075,1,5,5
1227,612,3287,0.0,0.009999999776482582,4.960546016693115,0.5657922625541687,0.5657922625541687,0.005657922476530075,1,5,5
1228,612,3725,0.0,0.009999999776482582,2.0596587657928467,0.15137982368469238,0.15137982368469238,0.0015137982554733753,1,3,3
1229,3287,3725,0.0,0.009999999776482582,4.960546016693115,0.5657922625541687,0.5657922625541687,0.005657922476530075,1,5,5
1230,3726,4135,0.0,0.009999999776482582,2.0766358375549316,0.15380512177944183,0.15380512177944183,0.0015380511758849025,1,3,3
1231,3726,3868,0.0,0.009999999776482582,2.0766358375549316,0.15380512177944183,0.15380512177944183,0.0015380511758849025,1,3,3
1232,613,3335,0.0,0.009999999776482582,7.126559734344482,0.8752228021621704,0.8752228021621704,0.008752227760851383,1,8,8
1233,613,614,0.0,0.009999999776482582,1.3288275003433228,0.046975355595350266,0.046975355595350266,0.00046975354780443013,1,2,2
1234,614,615,0.0,0.009999999776482582,1.1673262119293213,0.02390374429523945,0.02390374429523945,0.00023903744295239449,1,2,2
1235,616,3649,0.0,0.009999999776482582,4.902396202087402,0.5574851632118225,0.5574851632118225,0.005574851296842098,1,5,5
1236,616,3727,0.0,0.009999999776482582,1.3938381671905518,0.05626259371638298,0.05626259371638298,0.0005626259371638298,1,2,2
1237,3649,3727,1.0,1.0,4.902396202087402,0.5574851632118225,0.5574851632118225,0.5574851632118225,5,5,25
1238,3727,4535,0.0,0.009999999776482582,1.7840851545333862,0.11201216280460358,0.11201216280460358,0.0011201215675100684,1,2,2
1239,3649,4535,0.0,0.009999999776482582,4.902396202087402,0.5574851632118225,0.5574851632118225,0.005574851296842098,1,5,5
1240,3727,4012,0.0,0.009999999776482582,1.0518174171447754,0.007402488030493259,0.007402488030493259,7.402487972285599e-05,1,2,2
1241,3649,4012,0.4999999701976776,0.5049999952316284,4.902396202087402,0.5574851632118225,0.5574851632118225,0.2815299928188324,5,5,25
1242,617,3727,0.0,0.009999999776482582,1.1087459325790405,0.015535132959485054,0.015535132959485054,0.00015535132843069732,1,2,2
1243,617,3649,0.0,0.009999999776482582,4.902396202087402,0.5574851632118225,0.5574851632118225,0.005574851296842098,1,5,5
1244,618,743,0.0,0.009999999776482582,2.8086328506469727,0.2583761215209961,0.2583761215209961,0.0025837612338364124,1,3,3
1245,618,619,0.0,0.009999999776482582,1.5624463558197021,0.08034948259592056,0.08034948259592056,0.0008034948259592056,1,2,2
1246,619,743,0.0,0.009999999776482582,2.8086328506469727,0.2583761215209961,0.2583761215209961,0.0025837612338364124,1,3,3
1247,743,4284,0.0,0.009999999776482582,2.8086328506469727,0.2583761215209961,0.2583761215209961,0.0025837612338364124,1,3,3
1248,620,4284,0.0,0.009999999776482582,1.1261742115020752,0.018024887889623642,0.018024887889623642,0.00018024886958301067,1,2,2
1249,620,743,0.0,0.009999999776482582,2.8086328506469727,0.2583761215209961,0.2583761215209961,0.0025837612338364124,1,3,3
1250,3475,4393,0.4999999701976776,0.5049999952316284,6.79606294631958,0.8280090093612671,0.8280090093612671,0.418144553899765,5,7,35
1251,621,4393,0.0,0.009999999776482582,1.4951711893081665,0.07073874026536942,0.07073874026536942,0.0007073874003253877,1,2,2
1252,621,622,0.0,0.009999999776482582,1.4951711893081665,0.07073874026536942,0.07073874026536942,0.0007073874003253877,1,2,2
1253,622,3475,0.0,0.009999999776482582,6.79606294631958,0.8280090093612671,0.8280090093612671,0.008280090056359768,1,7,7
1254,623,3475,0.0,0.009999999776482582,6.79606294631958,0.8280090093612671,0.8280090093612671,0.008280090056359768,1,7,7
1255,623,4392,0.0,0.009999999776482582,1.2318241596221924,0.033117737621068954,0.033117737621068954,0.00033117737621068954,1,2,2
1256,3475,4392,0.4999999701976776,0.5049999952316284,6.79606294631958,0.8280090093612671,0.8280090093612671,0.418144553899765,5,7,35
1257,4392,4393,0.0,0.009999999776482582,1.0133512020111084,0.0019073145231232047,0.0019073145231232047,1.9073144358117133e-05,1,2,2
1258,624,3107,0.0,0.009999999776482582,1.9483184814453125,0.1354740709066391,0.1354740709066391,0.0013547406997531652,1,2,2
1259,624,625,0.0,0.009999999776482582,1.9939393997192383,0.14199134707450867,0.14199134707450867,0.0014199134893715382,1,2,2
1260,625,626,0.0,0.009999999776482582,1.9939393997192383,0.14199134707450867,0.14199134707450867,0.0014199134893715382,1,2,2
1261,626,627,0.0,0.009999999776482582,2.480736255645752,0.21153375506401062,0.21153375506401062,0.00211533741094172,1,3,3
1262,627,628,0.0,0.009999999776482582,2.480736255645752,0.21153375506401062,0.21153375506401062,0.00211533741094172,1,3,3
1263,628,629,0.0,0.009999999776482582,1.635357141494751,0.09076530486345291,0.09076530486345291,0.0009076530113816261,1,2,2
1264,630,3100,0.0,0.009999999776482582,6.839209079742432,0.8341727256774902,0.8341727256774902,0.00834172684699297,1,7,7
1265,630,631,0.0,0.009999999776482582,2.6886653900146484,0.24123790860176086,0.24123790860176086,0.0024123790208250284,1,3,3
1266,631,3766,0.0,0.009999999776482582,2.6886653900146484,0.24123790860176086,0.24123790860176086,0.0024123790208250284,1,3,3
1267,3100,4394,0.0,0.009999999776482582,6.839209079742432,0.8341727256774902,0.8341727256774902,0.00834172684699297,1,7,7
1268,632,4394,0.0,0.009999999776482582,1.4014214277267456,0.0573459193110466,0.0573459193110466,0.0005734591977670789,1,2,2
1269,632,3766,0.0,0.009999999776482582,1.325219750404358,0.04645996540784836,0.04645996540784836,0.0004645996377803385,1,2,2
1270,3766,4394,0.0,0.009999999776482582,1.4014214277267456,0.0573459193110466,0.0573459193110466,0.0005734591977670789,1,2,2
1271,3160,4394,0.4999999701976776,0.5049999952316284,1.414048194885254,0.059149742126464844,0.059149742126464844,0.029870619997382164,5,2,10
1272,633,3497,0.0,0.009999999776482582,5.646668434143066,0.6638097763061523,0.6638097763061523,0.0066380975767970085,1,6,6
1273,633,3262,0.0,0.009999999776482582,1.3166389465332031,0.045234136283397675,0.045234136283397675,0.0004523413663264364,1,2,2
1274,3241,3262,0.0,0.009999999776482582,1.3166389465332031,0.045234136283397675,0.045234136283397675,0.0004523413663264364,1,2,2
1275,3241,3766,0.0,0.009999999776482582,1.325219750404358,0.04645996540784836,0.04645996540784836,0.0004645996377803385,1,2,2
1276,3237,3491,0.0,0.009999999776482582,1.7951781749725342,0.11359687894582748,0.11359687894582748,0.0011359687196090817,1,2,2
1277,3491,4395,1.0,1.0,1.630619764328003,0.09008853882551193,0.09008853882551193,0.09008853882551193,5,2,10
1278,3731,4395,1.0,1.0,1.630619764328003,0.09008853882551193,0.09008853882551193,0.09008853882551193,5,2,10
1279,3491,3731,0.0,0.009999999776482582,1.1469323635101318,0.020990338176488876,0.020990338176488876,0.00020990337361581624,1,2,2
1280,3475,3731,0.4999999701976776,0.5049999952316284,6.79606294631958,0.8280090093612671,0.8280090093612671,0.418144553899765,5,7,35
1281,3140,3475,0.0,0.009999999776482582,6.79606294631958,0.8280090093612671,0.8280090093612671,0.008280090056359768,1,7,7
1282,2858,3140,0.0,0.009999999776482582,1.7401177883148193,0.10573111474514008,0.10573111474514008,0.0010573110776022077,1,2,2
1283,2858,3475,0.0,0.009999999776482582,6.79606294631958,0.8280090093612671,0.8280090093612671,0.008280090056359768,1,7,7
1284,634,3475,0.0,0.009999999776482582,6.79606294631958,0.8280090093612671,0.8280090093612671,0.008280090056359768,1,7,7
1285,634,3491,0.0,0.009999999776482582,1.1469323635101318,0.020990338176488876,0.020990338176488876,0.00020990337361581624,1,2,2
1286,3140,3237,0.0,0.009999999776482582,1.7951781749725342,0.11359687894582748,0.11359687894582748,0.0011359687196090817,1,2,2
1287,3140,3731,0.0,0.009999999776482582,1.7401177883148193,0.10573111474514008,0.10573111474514008,0.0010573110776022077,1,2,2
1288,3475,3491,1.0,1.0,6.79606294631958,0.8280090093612671,0.8280090093612671,0.8280090093612671,5,7,35
1289,3140,3491,0.0,0.009999999776482582,1.7401177883148193,0.10573111474514008,0.10573111474514008,0.0010573110776022077,1,2,2
1290,3140,4097,0.0,0.009999999776482582,2.3743579387664795,0.19633685052394867,0.19633685052394867,0.001963368384167552,1,3,3
1291,635,4097,0.0,0.009999999776482582,2.3743579387664795,0.19633685052394867,0.19633685052394867,0.001963368384167552,1,3,3
1292,635,3475,0.0,0.009999999776482582,6.79606294631958,0.8280090093612671,0.8280090093612671,0.008280090056359768,1,7,7
1293,636,3475,0.0,0.009999999776482582,6.79606294631958,0.8280090093612671,0.8280090093612671,0.008280090056359768,1,7,7
1294,636,637,0.0,0.009999999776482582,1.0768424272537231,0.010977489873766899,0.010977489873766899,0.00010977489728247747,1,2,2
1295,637,4097,0.0,0.009999999776482582,2.3743579387664795,0.19633685052394867,0.19633685052394867,0.001963368384167552,1,3,3
1296,638,4097,0.0,0.009999999776482582,2.3743579387664795,0.19633685052394867,0.19633685052394867,0.001963368384167552,1,3,3
1297,638,639,0.0,0.009999999776482582,1.1399991512298584,0.019999878481030464,0.019999878481030464,0.00019999878713861108,1,2,2
1298,639,3237,0.0,0.009999999776482582,1.7951781749725342,0.11359687894582748,0.11359687894582748,0.0011359687196090817,1,2,2
1299,3162,4301,0.0,0.009999999776482582,1.7237635850906372,0.10339479893445969,0.10339479893445969,0.0010339479194954038,1,2,2
1300,640,4301,0.0,0.009999999776482582,1.447792649269104,0.06397037953138351,0.06397037953138351,0.0006397037650458515,1,2,2
1301,640,3162,0.0,0.009999999776482582,1.7237635850906372,0.10339479893445969,0.10339479893445969,0.0010339479194954038,1,2,2
1302,2859,3534,0.0,0.009999999776482582,2.756946563720703,0.2509923577308655,0.2509923577308655,0.002509923418983817,1,3,3
1303,641,2859,0.0,0.009999999776482582,1.613091230392456,0.08758445829153061,0.08758445829153061,0.0008758445619605482,1,2,2
1304,641,3162,0.0,0.009999999776482582,1.7237635850906372,0.10339479893445969,0.10339479893445969,0.0010339479194954038,1,2,2
1305,642,4125,0.0,0.009999999776482582,4.418962478637695,0.4884231984615326,0.4884231984615326,0.004884231835603714,1,5,5
1306,642,3627,0.0,0.009999999776482582,1.9858193397521973,0.1408313363790512,0.1408313363790512,0.0014083132846280932,1,2,2
1307,3627,4396,0.0,0.009999999776482582,4.220688819885254,0.46009841561317444,0.46009841561317444,0.004600984044373035,1,5,5
1308,643,3627,0.0,0.009999999776482582,1.9858193397521973,0.1408313363790512,0.1408313363790512,0.0014083132846280932,1,2,2
1309,643,4396,0.0,0.009999999776482582,4.220688819885254,0.46009841561317444,0.46009841561317444,0.004600984044373035,1,5,5
1310,644,645,0.0,0.009999999776482582,1.045861005783081,0.006551572121679783,0.006551572121679783,6.551572005264461e-05,1,2,2
1311,645,3290,0.0,0.009999999776482582,1.1992073059082031,0.028458187356591225,0.028458187356591225,0.0002845818817149848,1,2,2
1312,3290,4200,0.0,0.009999999776482582,1.3051667213439941,0.043595246970653534,0.043595246970653534,0.000435952446423471,1,2,2
1313,3208,3290,0.0,0.009999999776482582,6.996101379394531,0.8565859198570251,0.8565859198570251,0.00856585893779993,1,7,7
1314,646,3290,0.0,0.009999999776482582,2.8468589782714844,0.2638370096683502,0.2638370096683502,0.002638370031490922,1,3,3
1315,646,3100,0.0,0.009999999776482582,6.839209079742432,0.8341727256774902,0.8341727256774902,0.00834172684699297,1,7,7
1316,647,3208,0.0,0.009999999776482582,6.996101379394531,0.8565859198570251,0.8565859198570251,0.00856585893779993,1,7,7
1317,647,3734,0.0,0.009999999776482582,1.866939902305603,0.123848557472229,0.123848557472229,0.0012384855654090643,1,2,2
1318,3100,3734,0.0,0.009999999776482582,6.839209079742432,0.8341727256774902,0.8341727256774902,0.00834172684699297,1,7,7
1319,3100,3355,0.4999999701976776,0.5049999952316284,6.839209079742432,0.8341727256774902,0.8341727256774902,0.42125722765922546,5,7,35
1320,3244,3355,0.0,0.009999999776482582,1.9443343877792358,0.1349049061536789,0.1349049061536789,0.0013490490382537246,1,2,2
1321,3244,3735,0.0,0.009999999776482582,1.9762400388717651,0.13946285843849182,0.13946285843849182,0.0013946285471320152,1,2,2
1322,648,649,0.0,0.009999999776482582,4.31078577041626,0.4729693830013275,0.4729693830013275,0.004729693755507469,1,5,5
1323,649,650,0.0,0.009999999776482582,1.9169564247131348,0.1309937685728073,0.1309937685728073,0.0013099376810714602,1,2,2
1324,650,651,0.0,0.009999999776482582,1.336329460144043,0.04804706573486328,0.04804706573486328,0.0004804706550203264,1,2,2
1325,651,652,0.0,0.009999999776482582,1.336329460144043,0.04804706573486328,0.04804706573486328,0.0004804706550203264,1,2,2
1326,652,653,0.0,0.009999999776482582,1.2698732614517212,0.03855332359671593,0.03855332359671593,0.0003855332324746996,1,2,2
1327,653,654,0.0,0.009999999776482582,2.0062646865844727,0.1437520980834961,0.1437520980834961,0.0014375209575518966,1,3,3
1328,654,3325,0.0,0.009999999776482582,2.0062646865844727,0.1437520980834961,0.1437520980834961,0.0014375209575518966,1,3,3
1329,655,3878,0.0,0.009999999776482582,3.259284019470215,0.3227548599243164,0.3227548599243164,0.0032275484409183264,1,4,4
1330,655,656,0.0,0.009999999776482582,1.521586537361145,0.07451236248016357,0.07451236248016357,0.0007451236015185714,1,2,2
1331,656,3100,0.0,0.009999999776482582,6.839209079742432,0.8341727256774902,0.8341727256774902,0.00834172684699297,1,7,7
1332,3100,4065,0.0,0.009999999776482582,6.839209079742432,0.8341727256774902,0.8341727256774902,0.00834172684699297,1,7,7
1333,657,4065,0.0,0.009999999776482582,1.6247104406356812,0.08924435079097748,0.08924435079097748,0.0008924434660002589,1,2,2
1334,657,4397,0.0,0.009999999776482582,1.6247104406356812,0.08924435079097748,0.08924435079097748,0.0008924434660002589,1,2,2
1335,658,4397,0.0,0.009999999776482582,1.4745101928710938,0.06778717041015625,0.06778717041015625,0.0006778716924600303,1,2,2
1336,658,3290,0.0,0.009999999776482582,1.4745101928710938,0.06778717041015625,0.06778717041015625,0.0006778716924600303,1,2,2
1337,659,3290,0.0,0.009999999776482582,1.2211397886276245,0.031591396778821945,0.031591396778821945,0.0003159139596391469,1,2,2
1338,659,3309,0.0,0.009999999776482582,1.3334195613861084,0.047631364315748215,0.047631364315748215,0.0004763136385008693,1,2,2
1339,660,3309,0.0,0.009999999776482582,1.3334195613861084,0.047631364315748215,0.047631364315748215,0.0004763136385008693,1,2,2
1340,660,661,0.0,0.009999999776482582,1.8773524761199951,0.12533606588840485,0.12533606588840485,0.0012533606495708227,1,2,2
1341,661,662,0.0,0.009999999776482582,1.8773524761199951,0.12533606588840485,0.12533606588840485,0.0012533606495708227,1,2,2
1342,662,3309,0.0,0.009999999776482582,1.3334195613861084,0.047631364315748215,0.047631364315748215,0.0004763136385008693,1,2,2
1343,3309,4397,0.0,0.009999999776482582,1.3334195613861084,0.047631364315748215,0.047631364315748215,0.0004763136385008693,1,2,2
1344,3335,4302,0.0,0.009999999776482582,7.126559734344482,0.8752228021621704,0.8752228021621704,0.008752227760851383,1,8,8
1345,3309,4302,0.0,0.009999999776482582,1.3334195613861084,0.047631364315748215,0.047631364315748215,0.0004763136385008693,1,2,2
1346,3309,4055,1.0,1.0,1.3334195613861084,0.047631364315748215,0.047631364315748215,0.047631364315748215,5,2,10
1347,663,3335,0.0,0.009999999776482582,7.126559734344482,0.8752228021621704,0.8752228021621704,0.008752227760851383,1,8,8
1348,663,664,0.0,0.009999999776482582,1.1997638940811157,0.028537699952721596,0.028537699952721596,0.00028537699836306274,1,2,2
1349,664,4397,0.0,0.009999999776482582,1.3027920722961426,0.0432560108602047,0.0432560108602047,0.0004325601039454341,1,2,2
1350,665,3335,0.0,0.009999999776482582,7.126559734344482,0.8752228021621704,0.8752228021621704,0.008752227760851383,1,8,8
1351,665,3309,0.0,0.009999999776482582,1.3334195613861084,0.047631364315748215,0.047631364315748215,0.0004763136385008693,1,2,2
1352,666,4055,0.0,0.009999999776482582,1.3209693431854248,0.04585276171565056,0.04585276171565056,0.0004585276183206588,1,2,2
1353,666,667,0.0,0.009999999776482582,3.7114951610565186,0.3873564600944519,0.3873564600944519,0.003873564535751939,1,4,4
1354,667,3497,0.0,0.009999999776482582,5.646668434143066,0.6638097763061523,0.6638097763061523,0.0066380975767970085,1,6,6
1355,3081,4398,0.0,0.009999999776482582,1.0000001192092896,1.7029899268550253e-08,1.7029899268550253e-08,1.7029898324860682e-10,1,2,2
1356,2860,4398,0.0,0.009999999776482582,1.0000014305114746,2.0435878411717567e-07,2.0435878411717567e-07,2.0435877434721306e-09,1,2,2
1357,3254,3591,0.0,0.009999999776482582,4.721456527709961,0.531636655330658,0.531636655330658,0.005316366441547871,1,5,5
1358,3254,4399,0.0,0.009999999776482582,1.9807980060577393,0.14011399447917938,0.14011399447917938,0.0014011398889124393,1,2,2
1359,4003,4399,0.0,0.009999999776482582,4.180234909057617,0.4543192684650421,0.4543192684650421,0.004543192684650421,1,5,5
1360,3254,4003,0.4999999701976776,0.5049999952316284,4.180234909057617,0.4543192684650421,0.4543192684650421,0.22943122684955597,5,5,25
1361,668,3254,0.0,0.009999999776482582,1.8956276178359985,0.12794680893421173,0.12794680893421173,0.001279468066059053,1,2,2
1362,668,4003,0.0,0.009999999776482582,4.180234909057617,0.4543192684650421,0.4543192684650421,0.004543192684650421,1,5,5
1363,669,3362,0.0,0.009999999776482582,4.025508880615234,0.43221554160118103,0.43221554160118103,0.004322155378758907,1,5,5
1364,669,670,0.0,0.009999999776482582,1.5693343877792358,0.08133348077535629,0.08133348077535629,0.0008133347728289664,1,2,2
1365,670,3739,0.0,0.009999999776482582,1.5971601009368896,0.08530858904123306,0.08530858904123306,0.0008530858904123306,1,2,2
1366,3742,4400,0.0,0.009999999776482582,3.569444179534912,0.3670634627342224,0.3670634627342224,0.0036706344690173864,1,4,4
1367,671,3742,0.0,0.009999999776482582,2.009383201599121,0.14419759809970856,0.14419759809970856,0.0014419759390875697,1,3,3
1368,671,3314,0.0,0.009999999776482582,2.011373996734619,0.14448200166225433,0.14448200166225433,0.0014448199653998017,1,3,3
1369,672,3324,0.0,0.009999999776482582,2.645843029022217,0.23512043058872223,0.23512043058872223,0.002351204166188836,1,3,3
1370,672,673,0.0,0.009999999776482582,2.645843029022217,0.23512043058872223,0.23512043058872223,0.002351204166188836,1,3,3
1371,673,3583,0.0,0.009999999776482582,2.282576084136963,0.18322515487670898,0.18322515487670898,0.0018322515534237027,1,3,3
1372,3583,3629,0.0,0.009999999776482582,2.282576084136963,0.18322515487670898,0.18322515487670898,0.0018322515534237027,1,3,3
1373,3629,4162,0.0,0.009999999776482582,2.8172388076782227,0.2596055567264557,0.2596055567264557,0.0025960556231439114,1,3,3
1374,674,4162,0.0,0.009999999776482582,2.8172388076782227,0.2596055567264557,0.2596055567264557,0.0025960556231439114,1,3,3
1375,674,3629,0.0,0.009999999776482582,1.7894941568374634,0.11278487741947174,0.11278487741947174,0.001127848750911653,1,2,2
1376,675,3324,0.0,0.009999999776482582,2.2907724380493164,0.18439605832099915,0.18439605832099915,0.001843960490077734,1,3,3
1377,675,3583,0.0,0.009999999776482582,2.282576084136963,0.18322515487670898,0.18322515487670898,0.0018322515534237027,1,3,3
1378,3583,4400,0.0,0.009999999776482582,3.569444179534912,0.3670634627342224,0.3670634627342224,0.0036706344690173864,1,4,4
1379,676,3146,0.0,0.009999999776482582,1.7692254781723022,0.10988935083150864,0.10988935083150864,0.0010988934664055705,1,2,2
1380,676,677,0.0,0.009999999776482582,1.3130629062652588,0.0447232723236084,0.0447232723236084,0.000447232712758705,1,2,2
1381,677,678,0.0,0.009999999776482582,1.3130629062652588,0.0447232723236084,0.0447232723236084,0.000447232712758705,1,2,2
1382,678,3429,0.0,0.009999999776482582,1.0314525365829468,0.0044932193122804165,0.0044932193122804165,4.4932192395208403e-05,1,2,2
1383,4374,4402,0.0,0.009999999776482582,2.916684150695801,0.27381202578544617,0.27381202578544617,0.0027381202671676874,1,3,3
1384,2861,4402,0.0,0.009999999776482582,1.2402276992797852,0.034318242222070694,0.034318242222070694,0.00034318241523578763,1,2,2
1385,679,2861,0.0,0.009999999776482582,1.2217961549758911,0.03168516606092453,0.03168516606092453,0.00031685165595263243,1,2,2
1386,679,4374,0.0,0.009999999776482582,2.916684150695801,0.27381202578544617,0.27381202578544617,0.0027381202671676874,1,3,3
1387,3745,4374,0.4999999701976776,0.5049999952316284,2.916684150695801,0.27381202578544617,0.27381202578544617,0.13827507197856903,5,3,15
1388,2861,3745,0.0,0.009999999776482582,1.261720895767212,0.03738870099186897,0.03738870099186897,0.0003738870145753026,1,2,2
1389,2861,4374,0.0,0.009999999776482582,2.916684150695801,0.27381202578544617,0.27381202578544617,0.0027381202671676874,1,3,3
1390,3745,4402,0.0,0.009999999776482582,1.261720895767212,0.03738870099186897,0.03738870099186897,0.0003738870145753026,1,2,2
1391,680,4404,0.0,0.009999999776482582,1.9315253496170044,0.1330750435590744,0.1330750435590744,0.0013307504123076797,1,2,2
1392,680,681,0.0,0.009999999776482582,1.381955623626709,0.05456509068608284,0.05456509068608284,0.0005456508952192962,1,2,2
1393,681,682,0.0,0.009999999776482582,1.4793418645858765,0.06847740709781647,0.06847740709781647,0.0006847740733064711,1,2,2
1394,682,4342,0.0,0.009999999776482582,1.5198535919189453,0.07426480203866959,0.07426480203866959,0.0007426480296999216,1,2,2
1395,683,3086,0.0,0.009999999776482582,6.56357479095459,0.7947964072227478,0.7947964072227478,0.007947963662445545,1,7,7
1396,683,684,0.0,0.009999999776482582,1.9028401374816895,0.12897716462612152,0.12897716462612152,0.0012897716369479895,1,2,2
1397,684,3389,0.0,0.009999999776482582,1.9028401374816895,0.12897716462612152,0.12897716462612152,0.0012897716369479895,1,2,2
1398,685,3558,0.0,0.009999999776482582,2.3130574226379395,0.18757963180541992,0.18757963180541992,0.0018757962388917804,1,3,3
1399,685,686,0.0,0.009999999776482582,2.5709633827209473,0.2244233340024948,0.2244233340024948,0.002244233386591077,1,3,3
1400,686,3339,0.0,0.009999999776482582,2.5709633827209473,0.2244233340024948,0.2244233340024948,0.002244233386591077,1,3,3
1401,3082,3241,0.4999999701976776,0.5049999952316284,1.4817306995391846,0.06881867349147797,0.06881867349147797,0.034753430634737015,5,2,10
1402,687,3241,0.0,0.009999999776482582,1.7730259895324707,0.11043228209018707,0.11043228209018707,0.001104322844184935,1,2,2
1403,687,3082,0.0,0.009999999776482582,1.7730259895324707,0.11043228209018707,0.11043228209018707,0.001104322844184935,1,2,2
1404,688,3082,0.0,0.009999999776482582,1.4817306995391846,0.06881867349147797,0.06881867349147797,0.0006881867302581668,1,2,2
1405,688,689,0.0,0.009999999776482582,1.1041443347930908,0.014877761714160442,0.014877761714160442,0.00014877761714160442,1,2,2
1406,689,3082,0.0,0.009999999776482582,1.4817306995391846,0.06881867349147797,0.06881867349147797,0.0006881867302581668,1,2,2
1407,690,3082,0.0,0.009999999776482582,1.4817306995391846,0.06881867349147797,0.06881867349147797,0.0006881867302581668,1,2,2
1408,690,2862,0.0,0.009999999776482582,1.5148866176605225,0.07355523109436035,0.07355523109436035,0.0007355522830039263,1,2,2
1409,2862,3601,0.0,0.009999999776482582,1.8462533950805664,0.12089334428310394,0.12089334428310394,0.001208933419547975,1,2,2
1410,3573,3948,0.0,0.009999999776482582,2.5631766319274902,0.2233109474182129,0.2233109474182129,0.002233109436929226,1,3,3
1411,691,3948,0.0,0.009999999776482582,1.3679018020629883,0.05255740135908127,0.05255740135908127,0.0005255740252323449,1,2,2
1412,691,692,0.0,0.009999999776482582,1.7748814821243286,0.11069735139608383,0.11069735139608383,0.0011069735046476126,1,2,2
1413,692,693,0.0,0.009999999776482582,1.7748814821243286,0.11069735139608383,0.11069735139608383,0.0011069735046476126,1,2,2
1414,693,3472,0.0,0.009999999776482582,3.912785530090332,0.4161122143268585,0.4161122143268585,0.004161122255027294,1,4,4
1415,3472,3948,0.0,0.009999999776482582,3.912785530090332,0.4161122143268585,0.4161122143268585,0.004161122255027294,1,4,4
1416,694,3948,0.0,0.009999999776482582,2.205064058303833,0.17215201258659363,0.17215201258659363,0.0017215200932696462,1,3,3
1417,694,3753,0.0,0.009999999776482582,2.205064058303833,0.17215201258659363,0.17215201258659363,0.0017215200932696462,1,3,3
1418,695,3455,0.0,0.009999999776482582,1.9724128246307373,0.13891611993312836,0.13891611993312836,0.001389161217957735,1,2,2
1419,695,696,0.0,0.009999999776482582,1.5026007890701294,0.0718001127243042,0.0718001127243042,0.0007180011016316712,1,2,2
1420,696,697,0.0,0.009999999776482582,1.795884132385254,0.11369773000478745,0.11369773000478745,0.0011369772255420685,1,2,2
1421,697,3948,0.0,0.009999999776482582,1.795884132385254,0.11369773000478745,0.11369773000478745,0.0011369772255420685,1,2,2
1422,698,3948,0.0,0.009999999776482582,1.7833696603775024,0.11190994828939438,0.11190994828939438,0.001119099440984428,1,2,2
1423,3287,3758,0.0,0.009999999776482582,4.960546016693115,0.5657922625541687,0.5657922625541687,0.005657922476530075,1,5,5
1424,3754,3758,0.4999999701976776,0.5049999952316284,2.0706069469451904,0.15294384956359863,0.15294384956359863,0.07723664492368698,5,3,15
1425,3754,3755,0.0,0.009999999776482582,2.158353567123413,0.16547907888889313,0.16547907888889313,0.0016547907143831253,1,3,3
1426,3287,3756,0.0,0.009999999776482582,4.960546016693115,0.5657922625541687,0.5657922625541687,0.005657922476530075,1,5,5
1427,3756,3758,0.0,0.009999999776482582,2.0290699005126953,0.1470099836587906,0.1470099836587906,0.0014700997853651643,1,3,3
1428,3208,3726,0.4999999701976776,0.5049999952316284,6.996101379394531,0.8565859198570251,0.8565859198570251,0.43257588148117065,5,7,35
1429,3723,3726,0.0,0.009999999776482582,2.0766358375549316,0.15380512177944183,0.15380512177944183,0.0015380511758849025,1,3,3
1430,3754,3868,0.0,0.009999999776482582,2.0706069469451904,0.15294384956359863,0.15294384956359863,0.0015294384211301804,1,3,3
1431,3208,3868,0.4999999701976776,0.5049999952316284,6.996101379394531,0.8565859198570251,0.8565859198570251,0.43257588148117065,5,7,35
1432,3758,3868,0.0,0.009999999776482582,2.012799024581909,0.14468558132648468,0.14468558132648468,0.0014468558365479112,1,3,3
1433,3208,3758,0.0,0.009999999776482582,6.996101379394531,0.8565859198570251,0.8565859198570251,0.00856585893779993,1,7,7
1434,3723,3868,0.0,0.009999999776482582,2.0048611164093018,0.14355158805847168,0.14355158805847168,0.0014355158200487494,1,3,3
1435,3208,3723,0.0,0.009999999776482582,6.996101379394531,0.8565859198570251,0.8565859198570251,0.00856585893779993,1,7,7
1436,699,3230,0.0,0.009999999776482582,3.256291627883911,0.3223273754119873,0.3223273754119873,0.0032232736703008413,1,4,4
1437,699,700,0.0,0.009999999776482582,1.6946866512298584,0.09924095124006271,0.09924095124006271,0.0009924095356836915,1,2,2
1438,700,3099,0.0,0.009999999776482582,3.735480308532715,0.39078289270401,0.39078289270401,0.0039078290574252605,1,4,4
1439,701,3389,0.0,0.009999999776482582,1.0594542026519775,0.008493457920849323,0.008493457920849323,8.493457426084206e-05,2,2,4
1440,701,3760,0.0,0.009999999776482582,1.0971013307571411,0.013871618546545506,0.013871618546545506,0.0001387161755701527,2,2,4
1441,3760,4025,0.4999999701976776,0.5049999952316284,1.5318208932876587,0.07597441226243973,0.07597441226243973,0.038367077708244324,5,2,10
1442,3427,4025,0.4999999701976776,0.5049999952316284,1.5318208932876587,0.07597441226243973,0.07597441226243973,0.038367077708244324,5,2,10
1443,702,3389,0.0,0.009999999776482582,1.4401782751083374,0.06288260966539383,0.06288260966539383,0.0006288260919973254,2,2,4
1444,702,4406,0.0,0.009999999776482582,1.4401782751083374,0.06288260966539383,0.06288260966539383,0.0006288260919973254,2,2,4
1445,703,4406,0.0,0.009999999776482582,1.3073091506958008,0.04390130564570427,0.04390130564570427,0.00043901303433813155,2,2,4
1446,703,704,0.0,0.009999999776482582,1.3073091506958008,0.04390130564570427,0.04390130564570427,0.00043901303433813155,2,2,4
1447,704,4025,0.0,0.009999999776482582,1.5318208932876587,0.07597441226243973,0.07597441226243973,0.0007597440853714943,2,2,4
1448,2863,3111,0.0,0.009999999776482582,1.1166141033172607,0.01665915735065937,0.01665915735065937,0.00016659157699905336,2,2,4
1449,2863,4406,0.0,0.009999999776482582,1.1854021549224854,0.026486022397875786,0.026486022397875786,0.00026486022397875786,2,2,4
1450,3389,4406,0.0,0.009999999776482582,1.1854021549224854,0.026486022397875786,0.026486022397875786,0.00026486022397875786,2,2,4
1451,3389,3760,0.0,0.009999999776482582,1.0971013307571411,0.013871618546545506,0.013871618546545506,0.0001387161755701527,2,2,4
1452,705,4025,0.0,0.009999999776482582,1.5318208932876587,0.07597441226243973,0.07597441226243973,0.0007597440853714943,2,2,4
1453,705,4407,0.0,0.009999999776482582,1.0782088041305542,0.011172686703503132,0.011172686703503132,0.00011172686208738014,2,2,4
1454,706,4407,0.0,0.009999999776482582,1.2224270105361938,0.03177528828382492,0.03177528828382492,0.00031775288516655564,2,2,4
1455,706,3497,0.0,0.009999999776482582,5.646668434143066,0.6638097763061523,0.6638097763061523,0.0066380975767970085,2,6,12
1456,707,3497,0.0,0.009999999776482582,5.646668434143066,0.6638097763061523,0.6638097763061523,0.0066380975767970085,2,6,12
1457,707,4406,0.0,0.009999999776482582,4.461984157562256,0.49456915259361267,0.49456915259361267,0.004945691209286451,2,5,10
1458,2863,4303,0.0,0.009999999776482582,1.768380880355835,0.10976869612932205,0.10976869612932205,0.0010976869380101562,2,2,4
1459,708,3427,0.0,0.009999999776482582,1.864047646522522,0.123435378074646,0.123435378074646,0.0012343537528067827,2,2,4
1460,708,3760,0.0,0.009999999776482582,1.864047646522522,0.123435378074646,0.123435378074646,0.0012343537528067827,2,2,4
1461,3427,3760,0.0,0.009999999776482582,1.0971013307571411,0.013871618546545506,0.013871618546545506,0.0001387161755701527,2,2,4
1462,709,3472,0.0,0.009999999776482582,3.912785530090332,0.4161122143268585,0.4161122143268585,0.004161122255027294,2,4,8
1463,709,3761,0.0,0.009999999776482582,1.8503645658493042,0.12148065119981766,0.12148065119981766,0.001214806456118822,2,2,4
1464,3472,3761,0.0,0.009999999776482582,3.912785530090332,0.4161122143268585,0.4161122143268585,0.004161122255027294,2,4,8
1465,3762,4003,0.0,0.009999999776482582,4.180234909057617,0.4543192684650421,0.4543192684650421,0.004543192684650421,2,5,10
1466,710,3762,0.0,0.009999999776482582,2.07712984085083,0.1538756936788559,0.1538756936788559,0.0015387568855658174,2,3,6
1467,710,3550,0.0,0.009999999776482582,1.5188050270080566,0.07411500066518784,0.07411500066518784,0.0007411499973386526,2,2,4
1468,3370,3554,1.0,1.0,2.686471462249756,0.24092449247837067,0.24092449247837067,0.24092449247837067,5,3,15
1469,711,3554,0.0,0.009999999776482582,2.414729118347168,0.20210416615009308,0.20210416615009308,0.0020210416987538338,2,3,6
1470,711,3803,0.0,0.009999999776482582,3.804490327835083,0.40064147114753723,0.40064147114753723,0.004006414674222469,2,4,8
1471,3765,4394,0.0,0.009999999776482582,3.1496989727020264,0.307099848985672,0.307099848985672,0.0030709984712302685,2,4,8
1472,3160,3766,0.4999999701976776,0.5049999952316284,1.414048194885254,0.059149742126464844,0.059149742126464844,0.029870619997382164,5,2,10
1473,712,3766,0.0,0.009999999776482582,1.325219750404358,0.04645996540784836,0.04645996540784836,0.0004645996377803385,2,2,4
1474,712,3160,0.0,0.009999999776482582,1.414048194885254,0.059149742126464844,0.059149742126464844,0.0005914974026381969,2,2,4
1475,3389,4394,0.0,0.009999999776482582,1.4014214277267456,0.0573459193110466,0.0573459193110466,0.0005734591977670789,2,2,4
1476,713,4394,0.0,0.009999999776482582,1.4014214277267456,0.0573459193110466,0.0573459193110466,0.0005734591977670789,2,2,4
1477,713,3766,0.0,0.009999999776482582,1.325219750404358,0.04645996540784836,0.04645996540784836,0.0004645996377803385,2,2,4
1478,714,3241,0.0,0.009999999776482582,1.1112279891967773,0.015889713540673256,0.015889713540673256,0.00015889713540673256,2,2,4
1479,714,3766,0.0,0.009999999776482582,1.325219750404358,0.04645996540784836,0.04645996540784836,0.0004645996377803385,2,2,4
1480,3144,3878,0.0,0.009999999776482582,3.259284019470215,0.3227548599243164,0.3227548599243164,0.0032275484409183264,2,4,8
1481,3144,4196,0.0,0.009999999776482582,1.368759274482727,0.05267989635467529,0.05267989635467529,0.0005267989472486079,2,2,4
1482,3766,4196,0.0,0.009999999776482582,1.325219750404358,0.04645996540784836,0.04645996540784836,0.0004645996377803385,2,2,4
1483,3246,3765,0.0,0.009999999776482582,3.1496989727020264,0.307099848985672,0.307099848985672,0.0030709984712302685,2,4,8
1484,3100,3246,0.0,0.009999999776482582,6.839209079742432,0.8341727256774902,0.8341727256774902,0.00834172684699297,2,7,14
1485,3766,4408,0.0,0.009999999776482582,1.9200189113616943,0.13143126666545868,0.13143126666545868,0.0013143126852810383,2,2,4
1486,715,4408,0.0,0.009999999776482582,2.6056771278381348,0.2293824404478073,0.2293824404478073,0.002293824451044202,2,3,6
1487,715,3766,0.0,0.009999999776482582,2.6056771278381348,0.2293824404478073,0.2293824404478073,0.002293824451044202,2,3,6
1488,716,3100,0.0,0.009999999776482582,6.839209079742432,0.8341727256774902,0.8341727256774902,0.00834172684699297,2,7,14
1489,716,717,0.0,0.009999999776482582,1.9187719821929932,0.13125313818454742,0.13125313818454742,0.0013125312980264425,2,2,4
1490,717,3100,0.0,0.009999999776482582,6.839209079742432,0.8341727256774902,0.8341727256774902,0.00834172684699297,2,7,14
1491,718,3541,0.0,0.009999999776482582,3.530120849609375,0.3614458441734314,0.3614458441734314,0.003614458255469799,2,4,8
1492,718,719,0.0,0.009999999776482582,2.469749927520752,0.20996427536010742,0.20996427536010742,0.0020996427629143,2,3,6
1493,719,3216,0.0,0.009999999776482582,1.9435302019119263,0.13479003310203552,0.13479003310203552,0.0013479002518579364,2,2,4
1494,720,4374,0.0,0.009999999776482582,2.916684150695801,0.27381202578544617,0.27381202578544617,0.0027381202671676874,2,3,6
1495,720,721,0.0,0.009999999776482582,1.186240553855896,0.026605794206261635,0.026605794206261635,0.0002660579339135438,2,2,4
1496,721,3305,0.0,0.009999999776482582,1.6481969356536865,0.09259956330060959,0.09259956330060959,0.0009259955841116607,2,2,4
1497,722,3305,0.0,0.009999999776482582,2.044154167175293,0.14916488528251648,0.14916488528251648,0.001491648843511939,2,3,6
1498,722,4216,0.0,0.009999999776482582,2.044154167175293,0.14916488528251648,0.14916488528251648,0.001491648843511939,2,3,6
1499,4216,4409,0.4999999701976776,0.5049999952316284,1.7761298418045044,0.1108756884932518,0.1108756884932518,0.05599222332239151,5,2,10
1500,3529,4409,0.0,0.009999999776482582,4.127561092376709,0.44679445028305054,0.44679445028305054,0.004467944614589214,2,5,10
1501,3216,4216,0.0,0.009999999776482582,1.9435302019119263,0.13479003310203552,0.13479003310203552,0.0013479002518579364,2,2,4
1502,3746,4409,0.0,0.009999999776482582,6.075577259063721,0.7250824570655823,0.7250824570655823,0.007250824477523565,2,7,14
1503,723,3133,0.0,0.009999999776482582,5.108450889587402,0.5869215726852417,0.5869215726852417,0.0058692158199846745,2,6,12
1504,723,4216,0.0,0.009999999776482582,2.187061309814453,0.16958019137382507,0.16958019137382507,0.0016958018532022834,2,3,6
1505,3768,4216,0.0,0.009999999776482582,2.2568092346191406,0.17954418063163757,0.17954418063163757,0.0017954417271539569,2,3,6
1506,3696,3705,0.0,0.009999999776482582,2.0552995204925537,0.1507570743560791,0.1507570743560791,0.0015075707342475653,2,3,6
1507,724,3696,0.0,0.009999999776482582,2.6689796447753906,0.23842565715312958,0.23842565715312958,0.0023842565715312958,2,3,6
1508,724,3100,0.0,0.009999999776482582,6.839209079742432,0.8341727256774902,0.8341727256774902,0.00834172684699297,2,7,14
1509,725,3375,0.0,0.009999999776482582,1.0000056028366089,8.004052460819366e-07,8.004052460819366e-07,8.00405253187364e-09,2,2,4
1510,725,726,0.0,0.009999999776482582,1.0150150060653687,0.0021450009662657976,0.0021450009662657976,2.1450008716783486e-05,2,2,4
1511,726,3383,0.0,0.009999999776482582,1.0150150060653687,0.0021450009662657976,0.0021450009662657976,2.1450008716783486e-05,2,2,4
1512,727,3115,0.0,0.009999999776482582,1.6349854469299316,0.09071220457553864,0.09071220457553864,0.0009071220410987735,2,2,4
1513,727,728,0.0,0.009999999776482582,1.758005142211914,0.10828644782304764,0.10828644782304764,0.0010828644735738635,2,2,4
1514,728,3975,0.0,0.009999999776482582,2.016010046005249,0.1451442986726761,0.1451442986726761,0.0014514429494738579,2,3,6
1515,729,3868,0.0,0.009999999776482582,2.0048611164093018,0.14355158805847168,0.14355158805847168,0.0014355158200487494,2,3,6
1516,729,3287,0.0,0.009999999776482582,4.960546016693115,0.5657922625541687,0.5657922625541687,0.005657922476530075,2,5,10
1517,730,3208,0.0,0.009999999776482582,6.996101379394531,0.8565859198570251,0.8565859198570251,0.00856585893779993,2,7,14
1518,730,3868,0.0,0.009999999776482582,2.0048611164093018,0.14355158805847168,0.14355158805847168,0.0014355158200487494,2,3,6
1519,3287,3773,0.0,0.009999999776482582,4.960546016693115,0.5657922625541687,0.5657922625541687,0.005657922476530075,2,5,10
1520,731,3773,0.0,0.009999999776482582,1.683300256729126,0.09761432558298111,0.09761432558298111,0.0009761432302184403,2,2,4
1521,731,3868,0.0,0.009999999776482582,2.0048611164093018,0.14355158805847168,0.14355158805847168,0.0014355158200487494,2,3,6
1522,3287,3774,1.0,1.0,4.960546016693115,0.5657922625541687,0.5657922625541687,0.5657922625541687,5,5,25
1523,732,3774,0.0,0.009999999776482582,1.9940085411071777,0.1420012265443802,0.1420012265443802,0.0014200122095644474,2,2,4
1524,732,3208,0.0,0.009999999776482582,6.996101379394531,0.8565859198570251,0.8565859198570251,0.00856585893779993,2,7,14
1525,733,3247,0.0,0.009999999776482582,3.75626802444458,0.3937525749206543,0.3937525749206543,0.003937525674700737,2,4,8
1526,733,3775,0.0,0.009999999776482582,1.5570547580718994,0.07957924902439117,0.07957924902439117,0.000795792497228831,2,2,4
1527,3247,3775,0.0,0.009999999776482582,3.75626802444458,0.3937525749206543,0.3937525749206543,0.003937525674700737,2,4,8
1528,734,3781,0.0,0.009999999776482582,4.091963768005371,0.44170910120010376,0.44170910120010376,0.004417091142386198,2,5,10
1529,734,735,0.0,0.009999999776482582,4.091963768005371,0.44170910120010376,0.44170910120010376,0.004417091142386198,2,5,10
1530,735,3721,0.0,0.009999999776482582,6.865193843841553,0.8378848433494568,0.8378848433494568,0.008378848433494568,2,7,14
1531,3783,3784,0.0,0.009999999776482582,2.074536085128784,0.15350516140460968,0.15350516140460968,0.0015350516187027097,2,3,6
1532,3749,3784,0.0,0.009999999776482582,2.074536085128784,0.15350516140460968,0.15350516140460968,0.0015350516187027097,2,3,6
1533,3208,3749,0.0,0.009999999776482582,6.996101379394531,0.8565859198570251,0.8565859198570251,0.00856585893779993,2,7,14
1534,3844,4381,0.0,0.009999999776482582,2.091231107711792,0.15589015185832977,0.15589015185832977,0.001558901509270072,2,3,6
1535,3100,3844,0.4999999701976776,0.5049999952316284,6.839209079742432,0.8341727256774902,0.8341727256774902,0.42125722765922546,5,7,35
1536,3226,3819,0.0,0.009999999776482582,1.8112812042236328,0.11589731276035309,0.11589731276035309,0.001158973085694015,2,2,4
1537,3819,4410,0.0,0.009999999776482582,2.0829787254333496,0.15471124649047852,0.15471124649047852,0.0015471124788746238,2,3,6
1538,3789,4411,0.0,0.009999999776482582,1.2516956329345703,0.03595652058720589,0.03595652058720589,0.0003595651942305267,2,2,4
1539,736,4411,0.0,0.009999999776482582,1.6013128757476807,0.08590184152126312,0.08590184152126312,0.0008590184152126312,2,2,4
1540,3970,4412,0.0,0.009999999776482582,2.3211917877197266,0.18874168395996094,0.18874168395996094,0.001887416816316545,2,3,6
1541,737,4412,0.0,0.009999999776482582,1.1318371295928955,0.01883387565612793,0.01883387565612793,0.00018833875947166234,2,2,4
1542,737,3970,0.0,0.009999999776482582,2.3211917877197266,0.18874168395996094,0.18874168395996094,0.001887416816316545,2,3,6
1543,2864,3414,0.0,0.009999999776482582,2.3878231048583984,0.19826044142246246,0.19826044142246246,0.0019826043862849474,2,3,6
1544,2864,4188,0.0,0.009999999776482582,2.0289433002471924,0.14699189364910126,0.14699189364910126,0.0014699188759550452,2,3,6
1545,3970,4188,0.0,0.009999999776482582,2.3211917877197266,0.18874168395996094,0.18874168395996094,0.001887416816316545,2,3,6
1546,738,3087,0.0,0.009999999776482582,2.2160747051239014,0.173724964261055,0.173724964261055,0.0017372495494782925,2,3,6
1547,738,739,0.0,0.009999999776482582,1.6881194114685059,0.09830277413129807,0.09830277413129807,0.0009830277413129807,2,2,4
1548,739,3194,0.0,0.009999999776482582,3.072589874267578,0.2960842549800873,0.2960842549800873,0.0029608425684273243,2,4,8
1549,740,3249,0.0,0.009999999776482582,2.2989110946655273,0.1855587214231491,0.1855587214231491,0.0018555871210992336,2,3,6
1550,740,741,0.0,0.009999999776482582,2.5881385803222656,0.22687694430351257,0.22687694430351257,0.0022687693126499653,2,3,6
1551,741,4195,0.0,0.009999999776482582,2.5881385803222656,0.22687694430351257,0.22687694430351257,0.0022687693126499653,2,3,6
1552,742,3250,0.0,0.009999999776482582,6.943184852600098,0.8490263819694519,0.8490263819694519,0.008490263484418392,2,7,14
1553,742,4304,0.0,0.009999999776482582,1.6264846324920654,0.08949780464172363,0.08949780464172363,0.000894978002179414,2,2,4
1554,3250,4304,0.0,0.009999999776482582,6.943184852600098,0.8490263819694519,0.8490263819694519,0.008490263484418392,2,7,14
1555,3537,4413,0.4999999701976776,0.5049999952316284,6.595936298370361,0.7994194626808167,0.7994194626808167,0.403706818819046,5,7,35
1556,2865,3475,0.0,0.009999999776482582,6.79606294631958,0.8280090093612671,0.8280090093612671,0.008280090056359768,2,7,14
1557,744,3147,0.0,0.009999999776482582,5.446276664733887,0.6351823806762695,0.6351823806762695,0.006351823452860117,2,6,12
1558,744,745,0.0,0.009999999776482582,1.604626178741455,0.0863751694560051,0.0863751694560051,0.0008637516875751317,2,2,4
1559,745,3147,0.0,0.009999999776482582,5.446276664733887,0.6351823806762695,0.6351823806762695,0.006351823452860117,2,6,12
1560,746,3225,0.0,0.009999999776482582,6.652153015136719,0.8074504137039185,0.8074504137039185,0.0080745043233037,2,7,14
1561,746,747,0.0,0.009999999776482582,1.1178452968597412,0.01683504320681095,0.01683504320681095,0.00016835042333696038,2,2,4
1562,747,3225,0.0,0.009999999776482582,6.652153015136719,0.8074504137039185,0.8074504137039185,0.0080745043233037,2,7,14
1563,748,3225,0.0,0.009999999776482582,6.652153015136719,0.8074504137039185,0.8074504137039185,0.0080745043233037,2,7,14
1564,748,3135,0.0,0.009999999776482582,1.8984547853469849,0.12835069000720978,0.12835069000720978,0.0012835068628191948,2,2,4
1565,3135,3587,0.0,0.009999999776482582,1.9526240825653076,0.13608916103839874,0.13608916103839874,0.0013608916196972132,2,2,4
1566,3225,3960,0.4999999701976776,0.5049999952316284,6.652153015136719,0.8074504137039185,0.8074504137039185,0.40776246786117554,5,7,35
1567,749,3960,0.0,0.009999999776482582,1.3434998989105225,0.04907141253352165,0.04907141253352165,0.0004907140973955393,2,2,4
1568,749,3225,0.0,0.009999999776482582,6.652153015136719,0.8074504137039185,0.8074504137039185,0.0080745043233037,2,7,14
1569,750,3335,0.0,0.009999999776482582,7.126559734344482,0.8752228021621704,0.8752228021621704,0.008752227760851383,2,8,16
1570,750,3794,0.0,0.009999999776482582,1.1003203392028809,0.014331476762890816,0.014331476762890816,0.0001433147699572146,2,2,4
1571,3429,3794,0.0,0.009999999776482582,1.1003203392028809,0.014331476762890816,0.014331476762890816,0.0001433147699572146,2,2,4
1572,751,752,0.0,0.009999999776482582,1.1396477222442627,0.019949674606323242,0.019949674606323242,0.00019949674606323242,2,2,4
1573,752,753,0.0,0.009999999776482582,1.1396477222442627,0.019949674606323242,0.019949674606323242,0.00019949674606323242,2,2,4
1574,753,754,0.0,0.009999999776482582,3.8070969581604004,0.4010138511657715,0.4010138511657715,0.004010138567537069,2,4,8
1575,3188,4305,0.0,0.009999999776482582,2.884145736694336,0.26916366815567017,0.26916366815567017,0.002691636560484767,2,3,6
1576,3796,4305,0.4999999701976776,0.5049999952316284,1.6903471946716309,0.09862102568149567,0.09862102568149567,0.04980361834168434,5,2,10
1577,3247,3796,0.4999999701976776,0.5049999952316284,3.75626802444458,0.3937525749206543,0.3937525749206543,0.1988450437784195,5,4,20
1578,3247,4305,0.0,0.009999999776482582,3.75626802444458,0.3937525749206543,0.3937525749206543,0.003937525674700737,2,4,8
1579,3247,4230,0.0,0.009999999776482582,3.75626802444458,0.3937525749206543,0.3937525749206543,0.003937525674700737,2,4,8
1580,755,4230,0.0,0.009999999776482582,1.818854570388794,0.11697922646999359,0.11697922646999359,0.001169792260043323,2,2,4
1581,755,756,0.0,0.009999999776482582,1.818854570388794,0.11697922646999359,0.11697922646999359,0.001169792260043323,2,2,4
1582,757,3188,0.0,0.009999999776482582,2.884145736694336,0.26916366815567017,0.26916366815567017,0.002691636560484767,2,3,6
1583,757,4305,0.0,0.009999999776482582,1.2414405345916748,0.03449150547385216,0.03449150547385216,0.00034491505357436836,2,2,4
1584,758,3188,0.0,0.009999999776482582,2.884145736694336,0.26916366815567017,0.26916366815567017,0.002691636560484767,2,3,6
1585,758,4305,0.0,0.009999999776482582,1.2414405345916748,0.03449150547385216,0.03449150547385216,0.00034491505357436836,2,2,4
1586,3775,4305,0.0,0.009999999776482582,1.5570547580718994,0.07957924902439117,0.07957924902439117,0.000795792497228831,2,2,4
1587,3367,3775,0.4999999701976776,0.5049999952316284,7.011823654174805,0.8588319420814514,0.8588319420814514,0.43371012806892395,5,8,40
1588,759,3824,0.0,0.009999999776482582,2.6108179092407227,0.2301168441772461,0.2301168441772461,0.002301168395206332,2,3,6
1589,759,760,0.0,0.009999999776482582,1.247027039527893,0.03528957813978195,0.03528957813978195,0.0003528957604430616,2,2,4
1590,760,3335,0.0,0.009999999776482582,7.126559734344482,0.8752228021621704,0.8752228021621704,0.008752227760851383,2,8,16
1591,3489,3720,0.0,0.009999999776482582,3.1008358001708984,0.30011940002441406,0.30011940002441406,0.003001193981617689,2,4,8
1592,3142,3489,0.0,0.009999999776482582,1.9958703517913818,0.14226719737052917,0.14226719737052917,0.0014226719504222274,2,2,4
1593,3142,3720,0.0,0.009999999776482582,3.1008358001708984,0.30011940002441406,0.30011940002441406,0.003001193981617689,2,4,8
1594,3720,3834,0.0,0.009999999776482582,3.1008358001708984,0.30011940002441406,0.30011940002441406,0.003001193981617689,2,4,8
1595,3142,3834,0.0,0.009999999776482582,1.9958703517913818,0.14226719737052917,0.14226719737052917,0.0014226719504222274,2,2,4
1596,3142,3196,0.0,0.009999999776482582,3.0453996658325195,0.2921999394893646,0.2921999394893646,0.0029219994321465492,2,4,8
1597,3720,4096,0.0,0.009999999776482582,3.1008358001708984,0.30011940002441406,0.30011940002441406,0.003001193981617689,2,4,8
1598,3489,4096,0.0,0.009999999776482582,1.9877369403839111,0.1411052793264389,0.1411052793264389,0.0014110527699813247,2,2,4
1599,761,3720,0.0,0.009999999776482582,3.1008358001708984,0.30011940002441406,0.30011940002441406,0.003001193981617689,2,4,8
1600,761,3798,0.0,0.009999999776482582,1.8386893272399902,0.11981276422739029,0.11981276422739029,0.0011981276329606771,2,2,4
1601,3798,4094,1.0,1.0,1.792001724243164,0.11314310133457184,0.11314310133457184,0.11314310133457184,5,2,10
1602,3719,4094,0.0,0.009999999776482582,1.4866892099380493,0.0695270299911499,0.0695270299911499,0.0006952703115530312,2,2,4
1603,3719,3720,0.0,0.009999999776482582,3.1008358001708984,0.30011940002441406,0.30011940002441406,0.003001193981617689,2,4,8
1604,3720,3798,1.0,1.0,3.1008358001708984,0.30011940002441406,0.30011940002441406,0.30011940002441406,5,4,20
1605,3797,3798,1.0,1.0,2.0313265323638916,0.1473323553800583,0.1473323553800583,0.1473323553800583,5,3,15
1606,3797,4094,1.0,1.0,2.0313265323638916,0.1473323553800583,0.1473323553800583,0.1473323553800583,5,3,15
1607,762,4094,0.0,0.009999999776482582,1.4418631792068481,0.06312330812215805,0.06312330812215805,0.0006312330951914191,2,2,4
1608,762,4415,0.0,0.009999999776482582,2.137021780014038,0.16243168711662292,0.16243168711662292,0.0016243167920038104,2,3,6
1609,3720,4415,0.0,0.009999999776482582,3.1008358001708984,0.30011940002441406,0.30011940002441406,0.003001193981617689,2,4,8
1610,3720,4094,1.0,1.0,3.1008358001708984,0.30011940002441406,0.30011940002441406,0.30011940002441406,5,4,20
1611,763,3720,0.0,0.009999999776482582,3.1008358001708984,0.30011940002441406,0.30011940002441406,0.003001193981617689,2,4,8
1612,763,3797,0.0,0.009999999776482582,2.2458343505859375,0.1779763400554657,0.1779763400554657,0.0017797633772715926,2,3,6
1613,764,3720,0.0,0.009999999776482582,3.1008358001708984,0.30011940002441406,0.30011940002441406,0.003001193981617689,2,4,8
1614,764,4095,0.0,0.009999999776482582,1.8290438652038574,0.118434838950634,0.118434838950634,0.0011843483662232757,2,2,4
1615,3720,4095,0.0,0.009999999776482582,3.1008358001708984,0.30011940002441406,0.30011940002441406,0.003001193981617689,2,4,8
1616,3720,4093,0.0,0.009999999776482582,3.1008358001708984,0.30011940002441406,0.30011940002441406,0.003001193981617689,2,4,8
1617,765,4093,0.0,0.009999999776482582,2.15777587890625,0.1653965562582016,0.1653965562582016,0.001653965562582016,2,3,6
1618,765,3720,0.0,0.009999999776482582,3.1008358001708984,0.30011940002441406,0.30011940002441406,0.003001193981617689,2,4,8
1619,766,3798,0.0,0.009999999776482582,3.697503089904785,0.3853575885295868,0.3853575885295868,0.0038535757921636105,2,4,8
1620,766,3720,0.0,0.009999999776482582,3.697503089904785,0.3853575885295868,0.3853575885295868,0.0038535757921636105,2,4,8
1621,767,3720,0.0,0.009999999776482582,3.74867582321167,0.3926679790019989,0.3926679790019989,0.003926679491996765,2,4,8
1622,767,768,0.0,0.009999999776482582,3.74867582321167,0.3926679790019989,0.3926679790019989,0.003926679491996765,2,4,8
1623,768,3720,0.0,0.009999999776482582,3.1008358001708984,0.30011940002441406,0.30011940002441406,0.003001193981617689,2,4,8
1624,2866,3720,0.0,0.009999999776482582,3.1008358001708984,0.30011940002441406,0.30011940002441406,0.003001193981617689,2,4,8
1625,2866,3344,0.0,0.009999999776482582,1.4868152141571045,0.06954503059387207,0.06954503059387207,0.0006954502896405756,2,2,4
1626,2867,3344,0.0,0.009999999776482582,1.4868152141571045,0.06954503059387207,0.06954503059387207,0.0006954502896405756,2,2,4
1627,2867,4415,0.0,0.009999999776482582,2.137021780014038,0.16243168711662292,0.16243168711662292,0.0016243167920038104,2,3,6
1628,3344,4415,0.4999999701976776,0.5049999952316284,2.137021780014038,0.16243168711662292,0.16243168711662292,0.08202800154685974,5,3,15
1629,769,4415,0.0,0.009999999776482582,2.137021780014038,0.16243168711662292,0.16243168711662292,0.0016243167920038104,2,3,6
1630,769,770,0.0,0.009999999776482582,1.634138584136963,0.09059122949838638,0.09059122949838638,0.000905912253074348,2,2,4
1631,770,3344,0.0,0.009999999776482582,1.634138584136963,0.09059122949838638,0.09059122949838638,0.000905912253074348,2,2,4
1632,771,4416,0.0,0.009999999776482582,1.0107287168502808,0.0015326738357543945,0.0015326738357543945,1.5326737411669455e-05,2,2,4
1633,771,772,0.0,0.009999999776482582,1.170059084892273,0.024294154718518257,0.024294154718518257,0.00024294154718518257,2,2,4
1634,772,3799,0.0,0.009999999776482582,5.445672035217285,0.63509601354599,0.63509601354599,0.006350960116833448,2,6,12
1635,773,4416,0.0,0.009999999776482582,1.0017225742340088,0.0002460820251144469,0.0002460820251144469,2.460820269334363e-06,2,2,4
1636,773,774,0.0,0.009999999776482582,1.002441167831421,0.0003487382491584867,0.0003487382491584867,3.487382400635397e-06,2,2,4
1637,774,4416,0.0,0.009999999776482582,1.002441167831421,0.0003487382491584867,0.0003487382491584867,3.487382400635397e-06,2,2,4
1638,775,4416,0.0,0.009999999776482582,1.0012753009796143,0.00018218586046714336,0.00018218586046714336,1.821858518269437e-06,2,2,4
1639,775,776,0.0,0.009999999776482582,1.0045859813690186,0.0006551402038894594,0.0006551402038894594,6.551401838805759e-06,2,2,4
1640,776,4416,0.0,0.009999999776482582,1.0045859813690186,0.0006551402038894594,0.0006551402038894594,6.551401838805759e-06,2,2,4
1641,777,3475,0.0,0.009999999776482582,6.79606294631958,0.8280090093612671,0.8280090093612671,0.008280090056359768,2,7,14
1642,777,778,0.0,0.009999999776482582,1.124182939529419,0.017740419134497643,0.017740419134497643,0.00017740418843459338,2,2,4
1643,778,3475,0.0,0.009999999776482582,6.79606294631958,0.8280090093612671,0.8280090093612671,0.008280090056359768,2,7,14
1644,3082,4417,0.0,0.009999999776482582,1.4817306995391846,0.06881867349147797,0.06881867349147797,0.0006881867302581668,2,2,4
1645,3136,4417,0.0,0.009999999776482582,5.684215545654297,0.6691736578941345,0.6691736578941345,0.0066917366348207,2,6,12
1646,743,779,0.0,0.009999999776482582,2.8086328506469727,0.2583761215209961,0.2583761215209961,0.0025837612338364124,2,3,6
1647,779,780,0.0,0.009999999776482582,1.174428105354309,0.02491830103099346,0.02491830103099346,0.0002491830091457814,2,2,4
1648,780,781,0.0,0.009999999776482582,1.0175422430038452,0.00250603468157351,0.00250603468157351,2.5060346160898916e-05,2,2,4
1649,781,3802,0.0,0.009999999776482582,1.0049326419830322,0.0007046631653793156,0.0007046631653793156,7.046631708362838e-06,2,2,4
1650,782,3708,0.0,0.009999999776482582,3.6031038761138916,0.3718719780445099,0.3718719780445099,0.003718719584867358,2,4,8
1651,782,4418,0.0,0.009999999776482582,2.2021689414978027,0.1717384159564972,0.1717384159564972,0.0017173840897157788,2,3,6
1652,4385,4418,0.0,0.009999999776482582,2.838928699493408,0.26270410418510437,0.26270410418510437,0.002627040958032012,2,3,6
1653,783,4418,0.0,0.009999999776482582,2.5245187282562256,0.21778838336467743,0.21778838336467743,0.0021778838708996773,2,3,6
1654,783,3859,0.0,0.009999999776482582,3.9337263107299805,0.4191037714481354,0.4191037714481354,0.004191037733107805,2,4,8
1655,784,3709,0.0,0.009999999776482582,2.710416793823242,0.2443452626466751,0.2443452626466751,0.002443452598527074,2,3,6
1656,784,4300,0.0,0.009999999776482582,2.710416793823242,0.2443452626466751,0.2443452626466751,0.002443452598527074,2,3,6
1657,785,3859,0.0,0.009999999776482582,3.9337263107299805,0.4191037714481354,0.4191037714481354,0.004191037733107805,2,4,8
1658,785,3709,0.0,0.009999999776482582,1.8614920377731323,0.12307029217481613,0.12307029217481613,0.0012307028518989682,2,2,4
1659,3709,3859,0.0,0.009999999776482582,3.9337263107299805,0.4191037714481354,0.4191037714481354,0.004191037733107805,2,4,8
1660,786,3115,0.0,0.009999999776482582,1.4070311784744263,0.058147311210632324,0.058147311210632324,0.0005814731121063232,2,2,4
1661,786,3804,0.0,0.009999999776482582,1.4070311784744263,0.058147311210632324,0.058147311210632324,0.0005814731121063232,2,2,4
1662,3370,3804,0.0,0.009999999776482582,2.686471462249756,0.24092449247837067,0.24092449247837067,0.0024092448875308037,2,3,6
1663,787,3163,0.0,0.009999999776482582,2.5146963596343994,0.21638520061969757,0.21638520061969757,0.0021638518664985895,2,3,6
1664,787,788,0.0,0.009999999776482582,2.5146963596343994,0.21638520061969757,0.21638520061969757,0.0021638518664985895,2,3,6
1665,788,789,0.0,0.009999999776482582,1.3962733745574951,0.056610483676195145,0.056610483676195145,0.000566104834433645,2,2,4
1666,789,3253,0.0,0.009999999776482582,1.109668254852295,0.015666892752051353,0.015666892752051353,0.00015666891704313457,2,2,4
1667,790,3253,0.0,0.009999999776482582,1.109668254852295,0.015666892752051353,0.015666892752051353,0.00015666891704313457,2,2,4
1668,790,791,0.0,0.009999999776482582,1.2379449605941772,0.033992137759923935,0.033992137759923935,0.0003399213601369411,2,2,4
1669,791,3126,0.0,0.009999999776482582,1.8552054166793823,0.12217219918966293,0.12217219918966293,0.0012217219918966293,2,2,4
1670,3126,3272,0.0,0.009999999776482582,1.8552054166793823,0.12217219918966293,0.12217219918966293,0.0012217219918966293,2,2,4
1671,792,3272,0.0,0.009999999776482582,1.8438154458999634,0.12054506689310074,0.12054506689310074,0.0012054506223648787,2,2,4
1672,792,3446,0.0,0.009999999776482582,1.8438154458999634,0.12054506689310074,0.12054506689310074,0.0012054506223648787,2,2,4
1673,3253,3446,0.0,0.009999999776482582,1.3309519290924072,0.04727884754538536,0.04727884754538536,0.00047278846614062786,2,2,4
1674,793,3163,0.0,0.009999999776482582,2.195960521697998,0.17085149884223938,0.17085149884223938,0.0017085149884223938,2,3,6
1675,793,794,0.0,0.009999999776482582,4.062169075012207,0.4374527335166931,0.4374527335166931,0.004374527372419834,2,5,10
1676,794,795,0.0,0.009999999776482582,4.062169075012207,0.4374527335166931,0.4374527335166931,0.004374527372419834,2,5,10
1677,795,796,0.0,0.009999999776482582,1.5156610012054443,0.07366585731506348,0.07366585731506348,0.0007366585778072476,2,2,4
1678,796,3253,0.0,0.009999999776482582,1.2382898330688477,0.034041404724121094,0.034041404724121094,0.00034041402977891266,2,2,4
1679,797,3253,0.0,0.009999999776482582,1.2995786666870117,0.04279695078730583,0.04279695078730583,0.0004279694985598326,2,2,4
1680,797,4209,0.0,0.009999999776482582,1.428615927696228,0.061230845749378204,0.061230845749378204,0.0006123084458522499,2,2,4
1681,798,4209,0.0,0.009999999776482582,1.428615927696228,0.061230845749378204,0.061230845749378204,0.0006123084458522499,2,2,4
1682,798,3253,0.0,0.009999999776482582,1.109668254852295,0.015666892752051353,0.015666892752051353,0.00015666891704313457,2,2,4
1683,799,3253,0.0,0.009999999776482582,1.109668254852295,0.015666892752051353,0.015666892752051353,0.00015666891704313457,2,2,4
1684,799,800,0.0,0.009999999776482582,1.0261555910110474,0.0037365129683166742,0.0037365129683166742,3.7365127354860306e-05,2,2,4
1685,800,3253,0.0,0.009999999776482582,1.109668254852295,0.015666892752051353,0.015666892752051353,0.00015666891704313457,2,2,4
1686,801,3253,0.0,0.009999999776482582,1.109668254852295,0.015666892752051353,0.015666892752051353,0.00015666891704313457,2,2,4
1687,801,4209,0.0,0.009999999776482582,1.428615927696228,0.061230845749378204,0.061230845749378204,0.0006123084458522499,2,2,4
1688,3163,4209,0.0,0.009999999776482582,2.195960521697998,0.17085149884223938,0.17085149884223938,0.0017085149884223938,2,3,6
1689,3119,3446,0.0,0.009999999776482582,3.85598087310791,0.4079972803592682,0.4079972803592682,0.004079972859472036,2,4,8
1690,802,3446,0.0,0.009999999776482582,2.180042028427124,0.1685774326324463,0.1685774326324463,0.0016857743030413985,2,3,6
1691,802,803,0.0,0.009999999776482582,2.180042028427124,0.1685774326324463,0.1685774326324463,0.0016857743030413985,2,3,6
1692,803,3253,0.0,0.009999999776482582,1.109668254852295,0.015666892752051353,0.015666892752051353,0.00015666891704313457,2,2,4
1693,804,3253,0.0,0.009999999776482582,1.109668254852295,0.015666892752051353,0.015666892752051353,0.00015666891704313457,2,2,4
1694,804,805,0.0,0.009999999776482582,1.027788758277893,0.00396982254460454,0.00396982254460454,3.969822500948794e-05,2,2,4
1695,805,3253,0.0,0.009999999776482582,1.109668254852295,0.015666892752051353,0.015666892752051353,0.00015666891704313457,2,2,4
1696,806,3253,0.0,0.009999999776482582,1.109668254852295,0.015666892752051353,0.015666892752051353,0.00015666891704313457,2,2,4
1697,806,807,0.0,0.009999999776482582,1.2835263013839722,0.04050375893712044,0.04050375893712044,0.0004050375719089061,2,2,4
1698,807,808,0.0,0.009999999776482582,1.2835263013839722,0.04050375893712044,0.04050375893712044,0.0004050375719089061,2,2,4
1699,808,3446,0.0,0.009999999776482582,1.3309519290924072,0.04727884754538536,0.04727884754538536,0.00047278846614062786,2,2,4
1700,809,3446,0.0,0.009999999776482582,1.3309519290924072,0.04727884754538536,0.04727884754538536,0.00047278846614062786,2,2,4
1701,809,810,0.0,0.009999999776482582,1.2808892726898193,0.04012703895568848,0.04012703895568848,0.0004012703720945865,2,2,4
1702,810,811,0.0,0.009999999776482582,1.5033526420593262,0.07190752029418945,0.07190752029418945,0.0007190752075985074,2,2,4
1703,811,4209,0.0,0.009999999776482582,1.5033526420593262,0.07190752029418945,0.07190752029418945,0.0007190752075985074,2,2,4
1704,3253,4209,0.0,0.009999999776482582,1.428615927696228,0.061230845749378204,0.061230845749378204,0.0006123084458522499,2,2,4
1705,812,4209,0.0,0.009999999776482582,1.428615927696228,0.061230845749378204,0.061230845749378204,0.0006123084458522499,2,2,4
1706,812,3253,0.0,0.009999999776482582,1.2097804546356201,0.029968636110424995,0.029968636110424995,0.00029968636226840317,2,2,4
1707,813,3100,0.0,0.009999999776482582,6.839209079742432,0.8341727256774902,0.8341727256774902,0.00834172684699297,2,7,14
1708,813,814,0.0,0.009999999776482582,2.542654275894165,0.22037918865680695,0.22037918865680695,0.002203791867941618,2,3,6
1709,814,3699,0.0,0.009999999776482582,2.542654275894165,0.22037918865680695,0.22037918865680695,0.002203791867941618,2,3,6
1710,815,3699,0.0,0.009999999776482582,2.466215133666992,0.2094593048095703,0.2094593048095703,0.002094592899084091,2,3,6
1711,816,4003,0.0,0.009999999776482582,4.180234909057617,0.4543192684650421,0.4543192684650421,0.004543192684650421,2,5,10
1712,816,4419,0.0,0.009999999776482582,1.5357987880706787,0.0765426829457283,0.0765426829457283,0.0007654268410988152,2,2,4
1713,4003,4419,0.0,0.009999999776482582,4.180234909057617,0.4543192684650421,0.4543192684650421,0.004543192684650421,2,5,10
1714,817,3436,0.0,0.009999999776482582,2.7115373611450195,0.24450533092021942,0.24450533092021942,0.002445053309202194,2,3,6
1715,817,4419,0.0,0.009999999776482582,1.5369929075241089,0.07671327143907547,0.07671327143907547,0.0007671326748095453,2,2,4
1716,3436,4419,0.0,0.009999999776482582,2.7115373611450195,0.24450533092021942,0.24450533092021942,0.002445053309202194,2,3,6
1717,2868,3362,0.0,0.009999999776482582,4.025508880615234,0.43221554160118103,0.43221554160118103,0.004322155378758907,2,5,10
1718,818,2868,0.0,0.009999999776482582,1.4325475692749023,0.061792511492967606,0.061792511492967606,0.0006179250776767731,2,2,4
1719,818,3362,0.0,0.009999999776482582,4.025508880615234,0.43221554160118103,0.43221554160118103,0.004322155378758907,2,5,10
1720,3265,3362,0.0,0.009999999776482582,4.025508880615234,0.43221554160118103,0.43221554160118103,0.004322155378758907,2,5,10
1721,819,3265,0.0,0.009999999776482582,2.3992176055908203,0.1998882293701172,0.1998882293701172,0.0019988822750747204,2,3,6
1722,819,3362,0.0,0.009999999776482582,4.025508880615234,0.43221554160118103,0.43221554160118103,0.004322155378758907,2,5,10
1723,3106,3673,0.0,0.009999999776482582,1.8967235088348389,0.1281033605337143,0.1281033605337143,0.0012810336193069816,2,2,4
1724,820,3673,0.0,0.009999999776482582,1.4204392433166504,0.060062747448682785,0.060062747448682785,0.000600627448875457,2,2,4
1725,820,3106,0.0,0.009999999776482582,1.8967235088348389,0.1281033605337143,0.1281033605337143,0.0012810336193069816,2,2,4
1726,821,3536,0.0,0.009999999776482582,1.5874923467636108,0.08392747491598129,0.08392747491598129,0.0008392747258767486,2,2,4
1727,821,822,0.0,0.009999999776482582,1.5874923467636108,0.08392747491598129,0.08392747491598129,0.0008392747258767486,2,2,4
1728,822,3106,0.0,0.009999999776482582,1.8967235088348389,0.1281033605337143,0.1281033605337143,0.0012810336193069816,2,2,4
1729,3566,3738,1.0,1.0,2.7503418922424316,0.25004884600639343,0.25004884600639343,0.25004884600639343,5,3,15
1730,3738,4607,0.4999999701976776,0.5049999952316284,2.4087440967559814,0.2012491524219513,0.2012491524219513,0.10163082182407379,5,3,15
1731,3566,4607,0.4999999701976776,0.5049999952316284,2.7503418922424316,0.25004884600639343,0.25004884600639343,0.12627466022968292,5,3,15
1732,823,3811,0.0,0.009999999776482582,3.0317575931549072,0.29025107622146606,0.29025107622146606,0.0029025108087807894,2,4,8
1733,823,3812,0.0,0.009999999776482582,1.5469751358032227,0.0781393051147461,0.0781393051147461,0.0007813930278643966,2,2,4
1734,3082,3812,0.0,0.009999999776482582,1.5469751358032227,0.0781393051147461,0.0781393051147461,0.0007813930278643966,2,2,4
1735,824,3241,0.0,0.009999999776482582,3.1014599800109863,0.30020856857299805,0.30020856857299805,0.0030020857229828835,2,4,8
1736,824,3082,0.0,0.009999999776482582,3.1014599800109863,0.30020856857299805,0.30020856857299805,0.0030020857229828835,2,4,8
1737,3335,4420,0.4999999701976776,0.5049999952316284,7.126559734344482,0.8752228021621704,0.8752228021621704,0.4419875144958496,5,8,40
1738,3816,4420,0.0,0.009999999776482582,1.2823046445846558,0.040329236537218094,0.040329236537218094,0.00040329236071556807,2,2,4
1739,3335,3816,0.0,0.009999999776482582,7.126559734344482,0.8752228021621704,0.8752228021621704,0.008752227760851383,2,8,16
1740,3335,3493,0.0,0.009999999776482582,7.126559734344482,0.8752228021621704,0.8752228021621704,0.008752227760851383,2,8,16
1741,3493,3556,0.0,0.009999999776482582,1.7281213998794556,0.10401733964681625,0.10401733964681625,0.001040173345245421,2,2,4
1742,3335,3556,0.0,0.009999999776482582,7.126559734344482,0.8752228021621704,0.8752228021621704,0.008752227760851383,2,8,16
1743,825,3335,0.0,0.009999999776482582,7.126559734344482,0.8752228021621704,0.8752228021621704,0.008752227760851383,2,8,16
1744,825,4420,0.0,0.009999999776482582,1.1132621765136719,0.016180310398340225,0.016180310398340225,0.0001618030946701765,2,2,4
1745,3335,4421,0.0,0.009999999776482582,7.126559734344482,0.8752228021621704,0.8752228021621704,0.008752227760851383,2,8,16
1746,3556,4421,0.0,0.009999999776482582,1.3637574911117554,0.05196535587310791,0.05196535587310791,0.0005196535494178534,2,2,4
1747,3215,3556,0.0,0.009999999776482582,3.2164669036865234,0.31663814187049866,0.31663814187049866,0.0031663812696933746,2,4,8
1748,826,3155,0.0,0.009999999776482582,3.2286734580993652,0.3183819353580475,0.3183819353580475,0.003183819353580475,2,4,8
1749,826,827,0.0,0.009999999776482582,2.238835573196411,0.1769765168428421,0.1769765168428421,0.0017697651637718081,2,3,6
1750,827,2127,0.0,0.009999999776482582,2.6919689178466797,0.2417098432779312,0.2417098432779312,0.0024170982651412487,2,3,6
1751,2869,3254,0.0,0.009999999776482582,1.8885273933410645,0.12693248689174652,0.12693248689174652,0.0012693247990682721,2,2,4
1752,828,2869,0.0,0.009999999776482582,1.6664471626281738,0.09520673751831055,0.09520673751831055,0.0009520673775114119,2,2,4
1753,828,829,0.0,0.009999999776482582,1.5922439098358154,0.08460627496242523,0.08460627496242523,0.0008460627286694944,2,2,4
1754,829,3501,0.0,0.009999999776482582,1.9547531604766846,0.13639330863952637,0.13639330863952637,0.0013639330863952637,2,2,4
1755,3501,3620,0.0,0.009999999776482582,1.9547531604766846,0.13639330863952637,0.13639330863952637,0.0013639330863952637,2,2,4
1756,830,3620,0.0,0.009999999776482582,1.429100513458252,0.06130007281899452,0.06130007281899452,0.0006130007095634937,2,2,4
1757,830,3335,0.0,0.009999999776482582,7.126559734344482,0.8752228021621704,0.8752228021621704,0.008752227760851383,2,8,16
1758,3432,4422,0.0,0.009999999776482582,2.335797071456909,0.19082815945148468,0.19082815945148468,0.001908281585201621,2,3,6
1759,831,4422,0.0,0.009999999776482582,1.35353684425354,0.05050526186823845,0.05050526186823845,0.0005050526233389974,2,2,4
1760,831,2870,0.0,0.009999999776482582,1.1798489093780518,0.02569270133972168,0.02569270133972168,0.00025692701456137,2,2,4
1761,2870,3432,0.0,0.009999999776482582,2.335797071456909,0.19082815945148468,0.19082815945148468,0.001908281585201621,2,3,6
1762,832,3432,0.0,0.009999999776482582,2.335797071456909,0.19082815945148468,0.19082815945148468,0.001908281585201621,2,3,6
1763,832,833,0.0,0.009999999776482582,1.4294849634170532,0.061354994773864746,0.061354994773864746,0.0006135499570518732,2,2,4
1764,833,4422,0.0,0.009999999776482582,1.4294849634170532,0.061354994773864746,0.061354994773864746,0.0006135499570518732,2,2,4
1765,834,4422,0.0,0.009999999776482582,1.35353684425354,0.05050526186823845,0.05050526186823845,0.0005050526233389974,2,2,4
1766,835,3832,0.0,0.009999999776482582,2.6969387531280518,0.24241982400417328,0.24241982400417328,0.00242419820278883,2,3,6
1767,835,3934,0.0,0.009999999776482582,2.3677241802215576,0.19538916647434235,0.19538916647434235,0.001953891711309552,2,3,6
1768,3817,3934,0.0,0.009999999776482582,1.6441482305526733,0.09202117472887039,0.09202117472887039,0.0009202117216773331,2,2,4
1769,3407,3817,0.0,0.009999999776482582,2.0200741291046143,0.14572487771511078,0.14572487771511078,0.001457248697988689,2,3,6
1770,3836,3845,0.0,0.009999999776482582,1.9492111206054688,0.13560159504413605,0.13560159504413605,0.0013560159131884575,2,2,4
1771,836,3845,0.0,0.009999999776482582,1.372922658920288,0.05327466502785683,0.05327466502785683,0.0005327466642484069,2,2,4
1772,836,3836,0.0,0.009999999776482582,1.9492111206054688,0.13560159504413605,0.13560159504413605,0.0013560159131884575,2,2,4
1773,3208,3774,0.4999999701976776,0.5049999952316284,6.996101379394531,0.8565859198570251,0.8565859198570251,0.43257588148117065,5,7,35
1774,3774,3864,0.0,0.009999999776482582,1.980557918548584,0.14007970690727234,0.14007970690727234,0.001400797045789659,2,2,4
1775,3208,3864,0.0,0.009999999776482582,6.996101379394531,0.8565859198570251,0.8565859198570251,0.00856585893779993,2,7,14
1776,2871,3242,0.0,0.009999999776482582,2.2332348823547363,0.17617641389369965,0.17617641389369965,0.0017617640551179647,2,3,6
1777,837,2871,0.0,0.009999999776482582,1.191612958908081,0.027373280376195908,0.027373280376195908,0.00027373278862796724,2,2,4
1778,837,3242,0.0,0.009999999776482582,2.2332348823547363,0.17617641389369965,0.17617641389369965,0.0017617640551179647,2,3,6
1779,838,4424,0.0,0.009999999776482582,1.1626884937286377,0.023241212591528893,0.023241212591528893,0.00023241211601998657,2,2,4
1780,838,839,0.0,0.009999999776482582,1.0730916261672974,0.01044166088104248,0.01044166088104248,0.00010441660560900345,2,2,4
1781,839,4424,0.0,0.009999999776482582,1.1626884937286377,0.023241212591528893,0.023241212591528893,0.00023241211601998657,2,2,4
1782,840,4424,0.0,0.009999999776482582,1.1626884937286377,0.023241212591528893,0.023241212591528893,0.00023241211601998657,2,2,4
1783,840,841,0.0,0.009999999776482582,1.3220608234405518,0.04600868746638298,0.04600868746638298,0.0004600868560373783,2,2,4
1784,841,4424,0.0,0.009999999776482582,1.3220608234405518,0.04600868746638298,0.04600868746638298,0.0004600868560373783,2,2,4
1785,842,4424,0.0,0.009999999776482582,1.1626884937286377,0.023241212591528893,0.023241212591528893,0.00023241211601998657,2,2,4
1786,842,843,0.0,0.009999999776482582,1.0987424850463867,0.014106069691479206,0.014106069691479206,0.0001410606928402558,2,2,4
1787,843,4424,0.0,0.009999999776482582,1.1626884937286377,0.023241212591528893,0.023241212591528893,0.00023241211601998657,2,2,4
1788,3087,3823,0.0,0.009999999776482582,2.2160747051239014,0.173724964261055,0.173724964261055,0.0017372495494782925,2,3,6
1789,3716,3823,0.0,0.009999999776482582,2.6347029209136963,0.2335289865732193,0.2335289865732193,0.002335289726033807,2,3,6
1790,3799,3825,0.4999999701976776,0.5049999952316284,5.445672035217285,0.63509601354599,0.63509601354599,0.3207234740257263,5,6,30
1791,3825,4458,0.0,0.009999999776482582,4.092287063598633,0.4417552947998047,0.4417552947998047,0.004417553078383207,2,5,10
1792,4003,4458,0.0,0.009999999776482582,4.180234909057617,0.4543192684650421,0.4543192684650421,0.004543192684650421,2,5,10
1793,844,3208,0.0,0.009999999776482582,6.996101379394531,0.8565859198570251,0.8565859198570251,0.00856585893779993,2,7,14
1794,844,3748,0.0,0.009999999776482582,2.017839193344116,0.1454056054353714,0.1454056054353714,0.0014540560077875853,2,3,6
1795,845,3748,0.0,0.009999999776482582,1.9866759777069092,0.14095370471477509,0.14095370471477509,0.001409537042491138,2,2,4
1796,845,3287,0.0,0.009999999776482582,4.960546016693115,0.5657922625541687,0.5657922625541687,0.005657922476530075,2,5,10
1797,846,3287,0.0,0.009999999776482582,4.960546016693115,0.5657922625541687,0.5657922625541687,0.005657922476530075,2,5,10
1798,846,847,0.0,0.009999999776482582,1.1362006664276123,0.019457237794995308,0.019457237794995308,0.00019457237794995308,2,2,4
1799,847,3287,0.0,0.009999999776482582,4.960546016693115,0.5657922625541687,0.5657922625541687,0.005657922476530075,2,5,10
1800,3335,3792,0.4999999701976776,0.5049999952316284,7.126559734344482,0.8752228021621704,0.8752228021621704,0.4419875144958496,5,8,40
1801,3792,4071,0.0,0.009999999776482582,2.9967665672302246,0.2852523624897003,0.2852523624897003,0.0028525234665721655,2,3,6
1802,3792,4003,0.4999999701976776,0.5049999952316284,4.180234909057617,0.4543192684650421,0.4543192684650421,0.22943122684955597,5,5,25
1803,3271,4230,0.0,0.009999999776482582,2.7419676780700684,0.24885252118110657,0.24885252118110657,0.002488525118678808,2,3,6
1804,3792,4230,0.0,0.009999999776482582,1.7319633960723877,0.10456620156764984,0.10456620156764984,0.0010456619784235954,2,2,4
1805,3258,3792,0.4999999701976776,0.5049999952316284,2.252603530883789,0.17894336581230164,0.17894336581230164,0.09036640077829361,5,3,15
1806,3258,4003,0.4999999701976776,0.5049999952316284,4.180234909057617,0.4543192684650421,0.4543192684650421,0.22943122684955597,5,5,25
1807,4003,4071,0.0,0.009999999776482582,4.180234909057617,0.4543192684650421,0.4543192684650421,0.004543192684650421,2,5,10
1808,4071,4230,0.0,0.009999999776482582,2.9967665672302246,0.2852523624897003,0.2852523624897003,0.0028525234665721655,2,3,6
1809,4003,4230,0.0,0.009999999776482582,4.180234909057617,0.4543192684650421,0.4543192684650421,0.004543192684650421,2,5,10
1810,848,3792,0.0,0.009999999776482582,1.6428583860397339,0.09183691442012787,0.09183691442012787,0.0009183690999634564,2,2,4
1811,848,4003,0.0,0.009999999776482582,4.180234909057617,0.4543192684650421,0.4543192684650421,0.004543192684650421,2,5,10
1812,3186,4425,0.0,0.009999999776482582,4.555845260620117,0.5079779028892517,0.5079779028892517,0.005079778842628002,2,5,10
1813,849,4425,0.0,0.009999999776482582,1.870392084121704,0.12434172630310059,0.12434172630310059,0.0012434172676876187,2,2,4
1814,849,4426,0.0,0.009999999776482582,1.8274518251419067,0.1182074025273323,0.1182074025273323,0.0011820739600807428,2,2,4
1815,3186,4426,0.4999999701976776,0.5049999952316284,4.555845260620117,0.5079779028892517,0.5079779028892517,0.2565288245677948,5,5,25
1816,2872,3186,0.0,0.009999999776482582,4.555845260620117,0.5079779028892517,0.5079779028892517,0.005079778842628002,2,5,10
1817,850,2872,0.0,0.009999999776482582,1.0406972169876099,0.005813888274133205,0.005813888274133205,5.813888128614053e-05,2,2,4
1818,850,851,0.0,0.009999999776482582,1.2477266788482666,0.03538952395319939,0.03538952395319939,0.00035389524418860674,2,2,4
1819,851,3186,0.0,0.009999999776482582,4.555845260620117,0.5079779028892517,0.5079779028892517,0.005079778842628002,2,5,10
1820,852,3100,0.0,0.009999999776482582,6.839209079742432,0.8341727256774902,0.8341727256774902,0.00834172684699297,2,7,14
1821,852,4426,0.0,0.009999999776482582,1.5017149448394775,0.07167356461286545,0.07167356461286545,0.0007167356088757515,2,2,4
1822,853,4426,0.0,0.009999999776482582,1.3181489706039429,0.04544985294342041,0.04544985294342041,0.00045449851313605905,2,2,4
1823,853,3335,0.0,0.009999999776482582,7.126559734344482,0.8752228021621704,0.8752228021621704,0.008752227760851383,2,8,16
1824,4427,4428,0.0,0.009999999776482582,1.0740383863449097,0.010576912201941013,0.010576912201941013,0.00010576911881798878,2,2,4
1825,2873,4427,0.0,0.009999999776482582,1.1234580278396606,0.01763686165213585,0.01763686165213585,0.00017636861593928188,2,2,4
1826,854,2873,0.0,0.009999999776482582,1.1801652908325195,0.02573789842426777,0.02573789842426777,0.00025737896794453263,2,2,4
1827,854,4427,0.0,0.009999999776482582,1.1801652908325195,0.02573789842426777,0.02573789842426777,0.00025737896794453263,2,2,4
1828,3138,3829,1.0,1.0,6.455972671508789,0.7794246673583984,0.7794246673583984,0.7794246673583984,5,7,35
1829,3670,3829,0.4999999701976776,0.5049999952316284,1.4609730243682861,0.0658532902598381,0.0658532902598381,0.033255912363529205,5,2,10
1830,3138,3670,0.4999999701976776,0.5049999952316284,6.455972671508789,0.7794246673583984,0.7794246673583984,0.3936094641685486,5,7,35
1831,2874,3670,0.0,0.009999999776482582,1.679384469985962,0.09705492109060287,0.09705492109060287,0.0009705491829663515,2,2,4
1832,2874,3138,0.0,0.009999999776482582,6.455972671508789,0.7794246673583984,0.7794246673583984,0.007794246543198824,2,7,14
1833,855,3765,0.0,0.009999999776482582,3.1496989727020264,0.307099848985672,0.307099848985672,0.0030709984712302685,2,4,8
1834,855,856,0.0,0.009999999776482582,1.77187180519104,0.11026740074157715,0.11026740074157715,0.0011026739375665784,2,2,4
1835,856,3766,0.0,0.009999999776482582,1.77187180519104,0.11026740074157715,0.11026740074157715,0.0011026739375665784,2,2,4
1836,857,3765,0.0,0.009999999776482582,3.1496989727020264,0.307099848985672,0.307099848985672,0.0030709984712302685,2,4,8
1837,857,858,0.0,0.009999999776482582,1.212019443511963,0.030288491398096085,0.030288491398096085,0.00030288490233942866,2,2,4
1838,858,3765,0.0,0.009999999776482582,3.1496989727020264,0.307099848985672,0.307099848985672,0.0030709984712302685,2,4,8
1839,859,4003,0.0,0.009999999776482582,4.180234909057617,0.4543192684650421,0.4543192684650421,0.004543192684650421,2,5,10
1840,859,860,0.0,0.009999999776482582,1.332873821258545,0.047553401440382004,0.047553401440382004,0.0004755340050905943,2,2,4
1841,860,4410,0.0,0.009999999776482582,2.0829787254333496,0.15471124649047852,0.15471124649047852,0.0015471124788746238,2,3,6
1842,3819,4003,0.0,0.009999999776482582,4.180234909057617,0.4543192684650421,0.4543192684650421,0.004543192684650421,2,5,10
1843,861,3819,0.0,0.009999999776482582,2.3649048805236816,0.19498641788959503,0.19498641788959503,0.0019498640904203057,2,3,6
1844,861,4003,0.0,0.009999999776482582,4.180234909057617,0.4543192684650421,0.4543192684650421,0.004543192684650421,2,5,10
1845,3830,4218,0.0,0.009999999776482582,1.6600325107574463,0.0942903608083725,0.0942903608083725,0.000942903570830822,2,2,4
1846,862,3830,0.0,0.009999999776482582,2.908822774887085,0.27268895506858826,0.27268895506858826,0.0027268894482403994,2,3,6
1847,862,4102,0.0,0.009999999776482582,2.908822774887085,0.27268895506858826,0.27268895506858826,0.0027268894482403994,2,3,6
1848,3830,4102,0.0,0.009999999776482582,2.795468330383301,0.25649547576904297,0.25649547576904297,0.0025649548042565584,2,3,6
1849,3830,3831,0.0,0.009999999776482582,2.061084508895874,0.1515835076570511,0.1515835076570511,0.0015158350579440594,2,3,6
1850,3831,4218,0.0,0.009999999776482582,2.061084508895874,0.1515835076570511,0.1515835076570511,0.0015158350579440594,2,3,6
1851,863,3848,0.0,0.009999999776482582,3.0291638374328613,0.28988054394721985,0.28988054394721985,0.002898805309087038,2,4,8
1852,863,3586,0.0,0.009999999776482582,1.2824714183807373,0.04035305976867676,0.04035305976867676,0.00040353057556785643,2,2,4
1853,3410,3586,0.0,0.009999999776482582,7.004092216491699,0.8577274680137634,0.8577274680137634,0.008577274158596992,2,8,16
1854,864,3410,0.0,0.009999999776482582,7.004092216491699,0.8577274680137634,0.8577274680137634,0.008577274158596992,2,8,16
1855,864,3852,0.0,0.009999999776482582,1.6540813446044922,0.09344018995761871,0.09344018995761871,0.0009344018762931228,2,2,4
1856,3199,3852,0.0,0.009999999776482582,2.2862374782562256,0.18374821543693542,0.18374821543693542,0.001837482093833387,2,3,6
1857,865,3335,0.0,0.009999999776482582,7.126559734344482,0.8752228021621704,0.8752228021621704,0.008752227760851383,2,8,16
1858,865,3819,0.0,0.009999999776482582,1.870967149734497,0.12442387640476227,0.12442387640476227,0.0012442386941984296,2,2,4
1859,866,3819,0.0,0.009999999776482582,1.8112812042236328,0.11589731276035309,0.11589731276035309,0.001158973085694015,2,2,4
1860,866,4283,0.0,0.009999999776482582,2.117074966430664,0.15958213806152344,0.15958213806152344,0.0015958213480189443,2,3,6
1861,3598,3809,0.0,0.009999999776482582,3.0543460845947266,0.29347801208496094,0.29347801208496094,0.0029347799718379974,2,4,8
1862,2875,3809,0.0,0.009999999776482582,2.551239013671875,0.2216055691242218,0.2216055691242218,0.0022160557564347982,2,3,6
1863,867,2875,0.0,0.009999999776482582,2.551239013671875,0.2216055691242218,0.2216055691242218,0.0022160557564347982,2,3,6
1864,867,3335,0.0,0.009999999776482582,7.126559734344482,0.8752228021621704,0.8752228021621704,0.008752227760851383,2,8,16
1865,2877,4431,0.0,0.009999999776482582,1.3621082305908203,0.05172974616289139,0.05172974616289139,0.0005172974779270589,2,2,4
1866,2876,2877,0.0,0.009999999776482582,1.519149899482727,0.07416427135467529,0.07416427135467529,0.0007416427251882851,2,2,4
1867,2876,4429,0.0,0.009999999776482582,4.053074836730957,0.4361535608768463,0.4361535608768463,0.004361535422503948,2,5,10
1868,3335,3740,0.0,0.009999999776482582,7.126559734344482,0.8752228021621704,0.8752228021621704,0.008752227760851383,2,8,16
1869,868,3740,0.0,0.009999999776482582,1.243706464767456,0.03481521084904671,0.03481521084904671,0.0003481520980130881,2,2,4
1870,868,4430,0.0,0.009999999776482582,4.925994873046875,0.5608564019203186,0.5608564019203186,0.005608563777059317,2,5,10
1871,2877,3335,0.0,0.009999999776482582,7.126559734344482,0.8752228021621704,0.8752228021621704,0.008752227760851383,2,8,16
1872,2877,4432,0.0,0.009999999776482582,2.0080513954162598,0.1440073400735855,0.1440073400735855,0.0014400733634829521,2,3,6
1873,3343,4432,0.0,0.009999999776482582,3.6873185634613037,0.3839026391506195,0.3839026391506195,0.00383902620524168,2,4,8
1874,869,3720,0.0,0.009999999776482582,3.1008358001708984,0.30011940002441406,0.30011940002441406,0.003001193981617689,2,4,8
1875,869,870,0.0,0.009999999776482582,1.7797558307647705,0.11139369010925293,0.11139369010925293,0.0011139368871226907,2,2,4
1876,870,3720,0.0,0.009999999776482582,3.1008358001708984,0.30011940002441406,0.30011940002441406,0.003001193981617689,2,4,8
1877,871,3720,0.0,0.009999999776482582,3.1008358001708984,0.30011940002441406,0.30011940002441406,0.003001193981617689,2,4,8
1878,871,872,0.0,0.009999999776482582,1.7454485893249512,0.10649265348911285,0.10649265348911285,0.0010649265022948384,2,2,4
1879,872,3720,0.0,0.009999999776482582,3.1008358001708984,0.30011940002441406,0.30011940002441406,0.003001193981617689,2,4,8
1880,3351,3742,0.4999999701976776,0.5049999952316284,4.757808685302734,0.5368298292160034,0.5368298292160034,0.2710990607738495,5,5,25
1881,3742,4162,0.4999999701976776,0.5049999952316284,2.8172388076782227,0.2596055567264557,0.2596055567264557,0.13110080361366272,5,3,15
1882,3351,4162,0.0,0.009999999776482582,4.757808685302734,0.5368298292160034,0.5368298292160034,0.005368298385292292,2,5,10
1883,873,874,0.0,0.009999999776482582,3.2465970516204834,0.3209424316883087,0.3209424316883087,0.003209424205124378,2,4,8
1884,874,875,0.0,0.009999999776482582,3.2465970516204834,0.3209424316883087,0.3209424316883087,0.003209424205124378,2,4,8
1885,875,876,0.0,0.009999999776482582,1.240055799484253,0.03429368510842323,0.03429368510842323,0.0003429368371143937,2,2,4
1886,876,877,0.0,0.009999999776482582,1.074882984161377,0.010697568766772747,0.010697568766772747,0.0001069756835931912,2,2,4
1887,877,3256,0.0,0.009999999776482582,1.074882984161377,0.010697568766772747,0.010697568766772747,0.0001069756835931912,2,2,4
1888,878,3256,0.0,0.009999999776482582,1.9969134330749512,0.14241620898246765,0.14241620898246765,0.0014241620665416121,2,2,4
1889,878,879,0.0,0.009999999776482582,1.9969134330749512,0.14241620898246765,0.14241620898246765,0.0014241620665416121,2,2,4
1890,879,880,0.0,0.009999999776482582,1.1553596258163452,0.022194232791662216,0.022194232791662216,0.00022194231860339642,2,2,4
1891,880,881,0.0,0.009999999776482582,1.279034972190857,0.03986213728785515,0.03986213728785515,0.00039862137055024505,2,2,4
1892,882,3172,0.0,0.009999999776482582,2.4604740142822266,0.20863914489746094,0.20863914489746094,0.0020863914396613836,2,3,6
1893,882,3233,0.0,0.009999999776482582,1.9546235799789429,0.1363748013973236,0.1363748013973236,0.0013637479860335588,2,2,4
1894,3131,3233,0.0,0.009999999776482582,2.6015067100524902,0.2287866771221161,0.2287866771221161,0.0022878667805343866,2,3,6
1895,4434,4435,0.0,0.009999999776482582,1.8672198057174683,0.1238885447382927,0.1238885447382927,0.0012388854520395398,2,2,4
1896,883,4435,0.0,0.009999999776482582,1.8672198057174683,0.1238885447382927,0.1238885447382927,0.0012388854520395398,2,2,4
1897,883,3131,0.0,0.009999999776482582,2.6015067100524902,0.2287866771221161,0.2287866771221161,0.0022878667805343866,2,3,6
1898,3188,3658,0.4999999701976776,0.5049999952316284,2.884145736694336,0.26916366815567017,0.26916366815567017,0.13592764735221863,5,3,15
1899,3413,3658,0.4999999701976776,0.5049999952316284,1.3295769691467285,0.04708242416381836,0.04708242416381836,0.023776624351739883,5,2,10
1900,3114,3413,0.0,0.009999999776482582,1.607211947441101,0.08674456179141998,0.08674456179141998,0.0008674456039443612,2,2,4
1901,3367,3413,0.0,0.009999999776482582,7.011823654174805,0.8588319420814514,0.8588319420814514,0.008588319644331932,2,8,16
1902,3657,3658,0.0,0.009999999776482582,1.0327105522155762,0.004672936163842678,0.004672936163842678,4.6729361201869324e-05,2,2,4
1903,3257,3335,0.0,0.009999999776482582,7.126559734344482,0.8752228021621704,0.8752228021621704,0.008752227760851383,2,8,16
1904,884,3257,0.0,0.009999999776482582,2.962803363800049,0.28040048480033875,0.28040048480033875,0.00280400482006371,2,3,6
1905,884,3729,0.0,0.009999999776482582,2.962803363800049,0.28040048480033875,0.28040048480033875,0.00280400482006371,2,3,6
1906,3138,4219,0.0,0.009999999776482582,6.455972671508789,0.7794246673583984,0.7794246673583984,0.007794246543198824,2,7,14
1907,4197,4219,0.0,0.009999999776482582,2.4620115756988525,0.20885880291461945,0.20885880291461945,0.0020885879639536142,2,3,6
1908,3507,4197,0.0,0.009999999776482582,2.4620115756988525,0.20885880291461945,0.20885880291461945,0.0020885879639536142,2,3,6
1909,3138,3507,0.4999999701976776,0.5049999952316284,6.455972671508789,0.7794246673583984,0.7794246673583984,0.3936094641685486,5,7,35
1910,885,3138,0.0,0.009999999776482582,6.455972671508789,0.7794246673583984,0.7794246673583984,0.007794246543198824,2,7,14
1911,885,4219,0.0,0.009999999776482582,1.5152556896209717,0.07360795885324478,0.07360795885324478,0.0007360795862041414,2,2,4
1912,886,4219,0.0,0.009999999776482582,1.7085424661636353,0.10122035443782806,0.10122035443782806,0.0010122035164386034,2,2,4
1913,886,3138,0.0,0.009999999776482582,6.455972671508789,0.7794246673583984,0.7794246673583984,0.007794246543198824,2,7,14
1914,3138,3838,0.0,0.009999999776482582,6.455972671508789,0.7794246673583984,0.7794246673583984,0.007794246543198824,2,7,14
1915,3507,3838,0.0,0.009999999776482582,1.6949799060821533,0.09928284585475922,0.09928284585475922,0.0009928283980116248,2,2,4
1916,887,3507,0.0,0.009999999776482582,1.8851618766784668,0.12645170092582703,0.12645170092582703,0.0012645169626921415,2,2,4
1917,887,3138,0.0,0.009999999776482582,6.455972671508789,0.7794246673583984,0.7794246673583984,0.007794246543198824,2,7,14
1918,3222,3507,0.0,0.009999999776482582,3.236994504928589,0.3195706307888031,0.3195706307888031,0.0031957062892615795,2,4,8
1919,888,3138,0.0,0.009999999776482582,6.455972671508789,0.7794246673583984,0.7794246673583984,0.007794246543198824,2,7,14
1920,888,889,0.0,0.009999999776482582,1.326603889465332,0.04665770009160042,0.04665770009160042,0.00046657698112539947,2,2,4
1921,889,3138,0.0,0.009999999776482582,6.455972671508789,0.7794246673583984,0.7794246673583984,0.007794246543198824,2,7,14
1922,3167,3431,0.0,0.009999999776482582,2.31821346282959,0.188316211104393,0.188316211104393,0.0018831620691344142,2,3,6
1923,3167,3839,0.0,0.009999999776482582,1.9222276210784912,0.1317467987537384,0.1317467987537384,0.0013174680061638355,2,2,4
1924,3431,3839,0.0,0.009999999776482582,2.31821346282959,0.188316211104393,0.188316211104393,0.0018831620691344142,2,3,6
1925,890,4437,0.0,0.009999999776482582,1.4717429876327515,0.06739185750484467,0.06739185750484467,0.0006739185773767531,2,2,4
1926,890,4438,0.0,0.009999999776482582,1.4717429876327515,0.06739185750484467,0.06739185750484467,0.0006739185773767531,2,2,4
1927,4437,4438,0.0,0.009999999776482582,1.3311161994934082,0.04730231314897537,0.04730231314897537,0.0004730231303256005,2,2,4
1928,891,4437,0.0,0.009999999776482582,1.3311161994934082,0.04730231314897537,0.04730231314897537,0.0004730231303256005,2,2,4
1929,891,2878,0.0,0.009999999776482582,1.1898159980773926,0.027116570621728897,0.027116570621728897,0.0002711657143663615,2,2,4
1930,2878,4437,0.0,0.009999999776482582,1.3311161994934082,0.04730231314897537,0.04730231314897537,0.0004730231303256005,2,2,4
1931,892,4368,0.0,0.009999999776482582,3.7628672122955322,0.39469531178474426,0.39469531178474426,0.003946952987462282,2,4,8
1932,892,3365,0.0,0.009999999776482582,1.610898494720459,0.08727121353149414,0.08727121353149414,0.0008727121166884899,2,2,4
1933,3097,3365,0.4999999701976776,0.5049999952316284,2.022017478942871,0.14600250124931335,0.14600250124931335,0.07373126596212387,5,3,15
1934,893,4368,0.0,0.009999999776482582,3.7628672122955322,0.39469531178474426,0.39469531178474426,0.003946952987462282,2,4,8
1935,893,894,0.0,0.009999999776482582,1.364048957824707,0.05200699344277382,0.05200699344277382,0.0005200699088163674,2,2,4
1936,894,3722,0.0,0.009999999776482582,1.4441735744476318,0.06345336884260178,0.06345336884260178,0.0006345337023958564,2,2,4
1937,3476,3722,0.0,0.009999999776482582,2.4880428314208984,0.21257755160331726,0.21257755160331726,0.0021257754415273666,2,3,6
1938,3617,4295,0.0,0.009999999776482582,2.228830337524414,0.17554719746112823,0.17554719746112823,0.0017554719233885407,2,3,6
1939,3365,4295,0.0,0.009999999776482582,1.610898494720459,0.08727121353149414,0.08727121353149414,0.0008727121166884899,2,2,4
1940,3335,3365,0.0,0.009999999776482582,7.126559734344482,0.8752228021621704,0.8752228021621704,0.008752227760851383,2,8,16
1941,3335,4295,0.0,0.009999999776482582,7.126559734344482,0.8752228021621704,0.8752228021621704,0.008752227760851383,2,8,16
1942,895,4295,0.0,0.009999999776482582,3.205254077911377,0.3150362968444824,0.3150362968444824,0.0031503629870712757,2,4,8
1943,895,3097,0.0,0.009999999776482582,3.205254077911377,0.3150362968444824,0.3150362968444824,0.0031503629870712757,2,4,8
1944,3097,3254,0.0,0.009999999776482582,2.022017478942871,0.14600250124931335,0.14600250124931335,0.0014600249705836177,2,3,6
1945,896,3254,0.0,0.009999999776482582,2.7598068714141846,0.25140097737312317,0.25140097737312317,0.002514009829610586,2,3,6
1946,896,3097,0.0,0.009999999776482582,2.7598068714141846,0.25140097737312317,0.25140097737312317,0.002514009829610586,2,3,6
1947,897,3193,0.0,0.009999999776482582,2.589961051940918,0.22713729739189148,0.22713729739189148,0.002271372824907303,2,3,6
1948,897,3365,0.0,0.009999999776482582,1.610898494720459,0.08727121353149414,0.08727121353149414,0.0008727121166884899,2,2,4
1949,3097,3613,0.0,0.009999999776482582,2.022017478942871,0.14600250124931335,0.14600250124931335,0.0014600249705836177,2,3,6
1950,898,3613,0.0,0.009999999776482582,2.598299026489258,0.22832843661308289,0.22832843661308289,0.002283284207805991,2,3,6
1951,898,3097,0.0,0.009999999776482582,2.598299026489258,0.22832843661308289,0.22832843661308289,0.002283284207805991,2,3,6
1952,899,3297,0.0,0.009999999776482582,1.1942557096481323,0.027750816196203232,0.027750816196203232,0.0002775081666186452,2,2,4
1953,899,900,0.0,0.009999999776482582,1.1942557096481323,0.027750816196203232,0.027750816196203232,0.0002775081666186452,2,2,4
1954,900,3478,0.0,0.009999999776482582,1.1518851518630981,0.02169787883758545,0.02169787883758545,0.0002169787767343223,2,2,4
1955,4440,4441,0.0,0.009999999776482582,2.9642181396484375,0.2806026041507721,0.2806026041507721,0.0028060260228812695,2,3,6
1956,4440,4443,0.0,0.009999999776482582,1.6518890857696533,0.09312701225280762,0.09312701225280762,0.0009312701295129955,2,2,4
1957,4442,4443,0.0,0.009999999776482582,2.0432441234588623,0.14903487265110016,0.14903487265110016,0.0014903487171977758,2,3,6
1958,2880,3410,0.0,0.009999999776482582,7.004092216491699,0.8577274680137634,0.8577274680137634,0.008577274158596992,2,8,16
1959,2879,2880,0.0,0.009999999776482582,1.3345891237258911,0.04779844731092453,0.04779844731092453,0.0004779844603035599,2,2,4
1960,2879,3410,0.0,0.009999999776482582,7.004092216491699,0.8577274680137634,0.8577274680137634,0.008577274158596992,2,8,16
1961,901,4079,0.0,0.009999999776482582,1.6088249683380127,0.08697499334812164,0.08697499334812164,0.0008697499288246036,2,2,4
1962,3159,4079,0.0,0.009999999776482582,1.6088249683380127,0.08697499334812164,0.08697499334812164,0.0008697499288246036,2,2,4
1963,3159,3335,0.0,0.009999999776482582,7.126559734344482,0.8752228021621704,0.8752228021621704,0.008752227760851383,2,8,16
1964,4088,4194,1.0,1.0,2.7143561840057373,0.24490801990032196,0.24490801990032196,0.24490801990032196,5,3,15
1965,4194,4444,0.0,0.009999999776482582,2.24996280670166,0.178566113114357,0.178566113114357,0.001785661093890667,2,3,6
1966,902,4444,0.0,0.009999999776482582,2.610076904296875,0.230010986328125,0.230010986328125,0.002300109714269638,2,3,6
1967,902,4088,0.0,0.009999999776482582,2.7143561840057373,0.24490801990032196,0.24490801990032196,0.002449080115184188,2,3,6
1968,3511,4444,0.0,0.009999999776482582,1.3947046995162964,0.05638638511300087,0.05638638511300087,0.0005638638394884765,2,2,4
1969,903,3100,0.0,0.009999999776482582,6.839209079742432,0.8341727256774902,0.8341727256774902,0.00834172684699297,2,7,14
1970,903,904,0.0,0.009999999776482582,2.268404960632324,0.18120071291923523,0.18120071291923523,0.0018120070453733206,2,3,6
1971,904,905,0.0,0.009999999776482582,1.6457031965255737,0.09224331378936768,0.09224331378936768,0.0009224331006407738,2,2,4
1972,905,3100,0.0,0.009999999776482582,6.839209079742432,0.8341727256774902,0.8341727256774902,0.00834172684699297,2,7,14
1973,2881,3100,0.0,0.009999999776482582,6.839209079742432,0.8341727256774902,0.8341727256774902,0.00834172684699297,2,7,14
1974,2881,4381,0.0,0.009999999776482582,1.7272440195083618,0.1038920059800148,0.1038920059800148,0.0010389200178906322,2,2,4
1975,906,3100,0.0,0.009999999776482582,6.839209079742432,0.8341727256774902,0.8341727256774902,0.00834172684699297,2,7,14
1976,906,907,0.0,0.009999999776482582,1.6861714124679565,0.09802448749542236,0.09802448749542236,0.0009802448330447078,2,2,4
1977,907,3100,0.0,0.009999999776482582,6.839209079742432,0.8341727256774902,0.8341727256774902,0.00834172684699297,2,7,14
1978,908,3844,0.0,0.009999999776482582,2.091231107711792,0.15589015185832977,0.15589015185832977,0.001558901509270072,2,3,6
1979,908,3100,0.0,0.009999999776482582,6.839209079742432,0.8341727256774902,0.8341727256774902,0.00834172684699297,2,7,14
1980,909,3100,0.0,0.009999999776482582,6.839209079742432,0.8341727256774902,0.8341727256774902,0.00834172684699297,2,7,14
1981,909,2881,0.0,0.009999999776482582,3.1276865005493164,0.30395522713661194,0.30395522713661194,0.003039552131667733,2,4,8
1982,910,2881,0.0,0.009999999776482582,1.6683934926986694,0.09548478573560715,0.09548478573560715,0.0009548478410579264,2,2,4
1983,910,3100,0.0,0.009999999776482582,6.839209079742432,0.8341727256774902,0.8341727256774902,0.00834172684699297,2,7,14
1984,911,3591,0.0,0.009999999776482582,4.721456527709961,0.531636655330658,0.531636655330658,0.005316366441547871,2,5,10
1985,911,3951,0.0,0.009999999776482582,1.6663682460784912,0.0951954647898674,0.0951954647898674,0.0009519546292722225,2,2,4
1986,3591,3951,0.0,0.009999999776482582,4.721456527709961,0.531636655330658,0.531636655330658,0.005316366441547871,2,5,10
1987,3591,4263,0.0,0.009999999776482582,4.721456527709961,0.531636655330658,0.531636655330658,0.005316366441547871,2,5,10
1988,912,4263,0.0,0.009999999776482582,2.285534381866455,0.1836477667093277,0.1836477667093277,0.001836477662436664,2,3,6
1989,913,3591,0.0,0.009999999776482582,4.721456527709961,0.531636655330658,0.531636655330658,0.005316366441547871,2,5,10
1990,913,914,0.0,0.009999999776482582,1.6949079036712646,0.09927255660295486,0.09927255660295486,0.0009927254868671298,2,2,4
1991,914,4099,0.0,0.009999999776482582,1.7002898454666138,0.10004140436649323,0.10004140436649323,0.0010004140203818679,2,2,4
1992,915,3951,0.0,0.009999999776482582,3.2368178367614746,0.3195454180240631,0.3195454180240631,0.0031954541336745024,2,4,8
1993,915,3591,0.0,0.009999999776482582,4.721456527709961,0.531636655330658,0.531636655330658,0.005316366441547871,2,5,10
1994,916,3591,0.0,0.009999999776482582,4.721456527709961,0.531636655330658,0.531636655330658,0.005316366441547871,2,5,10
1995,916,3260,0.0,0.009999999776482582,1.2553927898406982,0.03648468479514122,0.03648468479514122,0.0003648468409664929,2,2,4
1996,3260,3591,0.0,0.009999999776482582,4.721456527709961,0.531636655330658,0.531636655330658,0.005316366441547871,2,5,10
1997,917,3149,0.0,0.009999999776482582,2.1180100440979004,0.15971572697162628,0.15971572697162628,0.0015971572138369083,2,3,6
1998,917,3608,0.0,0.009999999776482582,2.7964234352111816,0.25663191080093384,0.25663191080093384,0.0025663189589977264,2,3,6
1999,918,3608,0.0,0.009999999776482582,2.7964234352111816,0.25663191080093384,0.25663191080093384,0.0025663189589977264,2,3,6
2000,918,3149,0.0,0.009999999776482582,2.1180100440979004,0.15971572697162628,0.15971572697162628,0.0015971572138369083,2,3,6
2001,919,4003,0.0,0.009999999776482582,4.180234909057617,0.4543192684650421,0.4543192684650421,0.004543192684650421,2,5,10
2002,919,920,0.0,0.009999999776482582,1.2789876461029053,0.03985537961125374,0.03985537961125374,0.0003985537914559245,2,2,4
2003,920,4003,0.0,0.009999999776482582,4.180234909057617,0.4543192684650421,0.4543192684650421,0.004543192684650421,2,5,10
2004,921,4003,0.0,0.009999999776482582,4.180234909057617,0.4543192684650421,0.4543192684650421,0.004543192684650421,2,5,10
2005,921,922,0.0,0.009999999776482582,1.7899072170257568,0.11284388601779938,0.11284388601779938,0.0011284388601779938,2,2,4
2006,922,4003,0.0,0.009999999776482582,4.180234909057617,0.4543192684650421,0.4543192684650421,0.004543192684650421,2,5,10
2007,923,3153,0.0,0.009999999776482582,2.97116756439209,0.281595379114151,0.281595379114151,0.002815953688696027,2,3,6
2008,923,924,0.0,0.009999999776482582,2.97116756439209,0.281595379114151,0.281595379114151,0.002815953688696027,2,3,6
2009,924,3242,0.0,0.009999999776482582,2.2332348823547363,0.17617641389369965,0.17617641389369965,0.0017617640551179647,2,3,6
2010,925,3475,0.0,0.009999999776482582,6.79606294631958,0.8280090093612671,0.8280090093612671,0.008280090056359768,2,7,14
2011,925,926,0.0,0.009999999776482582,1.36904776096344,0.05272110924124718,0.05272110924124718,0.0005272110574878752,2,2,4
2012,926,3242,0.0,0.009999999776482582,2.2332348823547363,0.17617641389369965,0.17617641389369965,0.0017617640551179647,2,3,6
2013,927,3848,0.0,0.009999999776482582,3.0291638374328613,0.28988054394721985,0.28988054394721985,0.002898805309087038,2,4,8
2014,927,928,0.0,0.009999999776482582,1.0566574335098267,0.008093918673694134,0.008093918673694134,8.093918586382642e-05,2,2,4
2015,928,3848,0.0,0.009999999776482582,3.0291638374328613,0.28988054394721985,0.28988054394721985,0.002898805309087038,2,4,8
2016,2882,3537,0.0,0.009999999776482582,6.595936298370361,0.7994194626808167,0.7994194626808167,0.007994194515049458,2,7,14
2017,3556,3766,0.0,0.009999999776482582,1.3273309469223022,0.046761564910411835,0.046761564910411835,0.0004676156386267394,2,2,4
2018,929,3556,0.0,0.009999999776482582,1.3273309469223022,0.046761564910411835,0.046761564910411835,0.0004676156386267394,2,2,4
2019,929,3766,0.0,0.009999999776482582,1.325219750404358,0.04645996540784836,0.04645996540784836,0.0004645996377803385,2,2,4
2020,930,4003,0.0,0.009999999776482582,4.180234909057617,0.4543192684650421,0.4543192684650421,0.004543192684650421,2,5,10
2021,930,3762,0.0,0.009999999776482582,2.07712984085083,0.1538756936788559,0.1538756936788559,0.0015387568855658174,2,3,6
2022,3762,3766,0.0,0.009999999776482582,2.07712984085083,0.1538756936788559,0.1538756936788559,0.0015387568855658174,2,3,6
2023,3335,4445,0.0,0.009999999776482582,7.126559734344482,0.8752228021621704,0.8752228021621704,0.008752227760851383,2,8,16
2024,931,4445,0.0,0.009999999776482582,1.7717338800430298,0.11024769395589828,0.11024769395589828,0.0011024769628420472,2,2,4
2025,931,3335,0.0,0.009999999776482582,7.126559734344482,0.8752228021621704,0.8752228021621704,0.008752227760851383,2,8,16
2026,3335,3849,0.0,0.009999999776482582,7.126559734344482,0.8752228021621704,0.8752228021621704,0.008752227760851383,2,8,16
2027,3849,4445,0.0,0.009999999776482582,1.4195023775100708,0.05992891266942024,0.05992891266942024,0.0005992891383357346,2,2,4
2028,3739,4445,0.0,0.009999999776482582,1.5971601009368896,0.08530858904123306,0.08530858904123306,0.0008530858904123306,2,2,4
2029,932,4003,0.0,0.009999999776482582,4.180234909057617,0.4543192684650421,0.4543192684650421,0.004543192684650421,2,5,10
2030,932,933,0.0,0.009999999776482582,2.370573043823242,0.1957961469888687,0.1957961469888687,0.001957961358129978,2,3,6
2031,933,3335,0.0,0.009999999776482582,7.126559734344482,0.8752228021621704,0.8752228021621704,0.008752227760851383,2,8,16
2032,3198,3688,0.4999999701976776,0.5049999952316284,6.814609527587891,0.830658495426178,0.830658495426178,0.4194825291633606,5,7,35
2033,3687,3688,0.0,0.009999999776482582,1.98757004737854,0.14108143746852875,0.14108143746852875,0.0014108143514022231,2,2,4
2034,3198,3687,0.4999999701976776,0.5049999952316284,6.814609527587891,0.830658495426178,0.830658495426178,0.4194825291633606,5,7,35
2035,3698,3701,0.0,0.009999999776482582,2.0441462993621826,0.14916375279426575,0.14916375279426575,0.0014916375512257218,2,3,6
2036,3198,3702,0.4999999701976776,0.5049999952316284,6.814609527587891,0.830658495426178,0.830658495426178,0.4194825291633606,5,7,35
2037,934,3702,0.0,0.009999999776482582,2.062084197998047,0.15172632038593292,0.15172632038593292,0.0015172631246969104,2,3,6
2038,934,3198,0.0,0.009999999776482582,6.814609527587891,0.830658495426178,0.830658495426178,0.008306584320962429,2,7,14
2039,935,936,0.0,0.009999999776482582,1.1959537267684937,0.02799339033663273,0.02799339033663273,0.0002799338835757226,2,2,4
2040,936,3769,0.0,0.009999999776482582,1.5806715488433838,0.082953080534935,0.082953080534935,0.0008295307634398341,2,2,4
2041,937,3769,0.0,0.009999999776482582,1.5806715488433838,0.082953080534935,0.082953080534935,0.0008295307634398341,2,2,4
2042,937,938,0.0,0.009999999776482582,1.0252830982208252,0.003611871274188161,0.003611871274188161,3.6118712159805e-05,2,2,4
2043,938,939,0.0,0.009999999776482582,1.1474964618682861,0.021070923656225204,0.021070923656225204,0.00021070922957733274,2,2,4
2044,939,940,0.0,0.009999999776482582,1.1474964618682861,0.021070923656225204,0.021070923656225204,0.00021070922957733274,2,2,4
2045,940,4451,0.0,0.009999999776482582,1.1564013957977295,0.02234305627644062,0.02234305627644062,0.00022343055752571672,2,2,4
2046,941,4451,0.0,0.009999999776482582,1.1564013957977295,0.02234305627644062,0.02234305627644062,0.00022343055752571672,2,2,4
2047,941,942,0.0,0.009999999776482582,1.1746561527252197,0.02495087869465351,0.02495087869465351,0.0002495087683200836,2,2,4
2048,942,4451,0.0,0.009999999776482582,1.1746561527252197,0.02495087869465351,0.02495087869465351,0.0002495087683200836,2,2,4
2049,3152,3850,0.0,0.009999999776482582,1.5314934253692627,0.07592763006687164,0.07592763006687164,0.0007592762704007328,2,2,4
2050,943,3152,0.0,0.009999999776482582,1.5314934253692627,0.07592763006687164,0.07592763006687164,0.0007592762704007328,2,2,4
2051,3152,4451,0.0,0.009999999776482582,1.5314934253692627,0.07592763006687164,0.07592763006687164,0.0007592762704007328,2,2,4
2052,944,4451,0.0,0.009999999776482582,1.1564013957977295,0.02234305627644062,0.02234305627644062,0.00022343055752571672,2,2,4
2053,944,945,0.0,0.009999999776482582,1.117287278175354,0.016755325719714165,0.016755325719714165,0.0001675532548688352,2,2,4
2054,945,946,0.0,0.009999999776482582,2.3331186771392822,0.19044552743434906,0.19044552743434906,0.0019044552464038134,2,3,6
2055,946,3152,0.0,0.009999999776482582,2.3331186771392822,0.19044552743434906,0.19044552743434906,0.0019044552464038134,2,3,6
2056,947,3152,0.0,0.009999999776482582,2.257202625274658,0.17960037291049957,0.17960037291049957,0.0017960036639124155,2,3,6
2057,947,948,0.0,0.009999999776482582,2.257202625274658,0.17960037291049957,0.17960037291049957,0.0017960036639124155,2,3,6
2058,948,949,0.0,0.009999999776482582,1.1662564277648926,0.023750917986035347,0.023750917986035347,0.00023750917171128094,2,2,4
2059,949,950,0.0,0.009999999776482582,3.1493113040924072,0.30704447627067566,0.30704447627067566,0.0030704447999596596,2,4,8
2060,950,951,0.0,0.009999999776482582,3.1493113040924072,0.30704447627067566,0.30704447627067566,0.0030704447999596596,2,4,8
2061,951,952,0.0,0.009999999776482582,1.5636284351348877,0.08051835000514984,0.08051835000514984,0.0008051834884099662,2,2,4
2062,952,953,0.0,0.009999999776482582,1.5636284351348877,0.08051835000514984,0.08051835000514984,0.0008051834884099662,2,2,4
2063,953,954,0.0,0.009999999776482582,1.12989342212677,0.018556203693151474,0.018556203693151474,0.00018556203576736152,2,2,4
2064,955,3461,0.0,0.009999999776482582,2.792656660079956,0.2560938000679016,0.2560938000679016,0.002560938009992242,2,3,6
2065,955,2883,0.0,0.009999999776482582,2.792656660079956,0.2560938000679016,0.2560938000679016,0.002560938009992242,2,3,6
2066,2883,3407,0.0,0.009999999776482582,2.3237695693969727,0.1891099363565445,0.1891099363565445,0.0018910992657765746,2,3,6
2067,956,2883,0.0,0.009999999776482582,2.3237695693969727,0.1891099363565445,0.1891099363565445,0.0018910992657765746,2,3,6
2068,956,3508,0.0,0.009999999776482582,1.8089845180511475,0.11556921899318695,0.11556921899318695,0.0011556921526789665,2,2,4
2069,3689,3701,0.0,0.009999999776482582,2.240419387817383,0.17720277607440948,0.17720277607440948,0.0017720276955515146,2,3,6
2070,3701,3771,0.0,0.009999999776482582,2.0441462993621826,0.14916375279426575,0.14916375279426575,0.0014916375512257218,2,3,6
2071,957,3701,0.0,0.009999999776482582,2.0441462993621826,0.14916375279426575,0.14916375279426575,0.0014916375512257218,2,3,6
2072,957,3683,0.0,0.009999999776482582,2.0328216552734375,0.1475459486246109,0.1475459486246109,0.0014754594303667545,2,3,6
2073,3198,3683,0.0,0.009999999776482582,6.814609527587891,0.830658495426178,0.830658495426178,0.008306584320962429,2,7,14
2074,3683,3687,0.0,0.009999999776482582,2.0328216552734375,0.1475459486246109,0.1475459486246109,0.0014754594303667545,2,3,6
2075,958,3799,0.0,0.009999999776482582,5.445672035217285,0.63509601354599,0.63509601354599,0.006350960116833448,2,6,12
2076,958,4446,0.0,0.009999999776482582,2.4885027408599854,0.21264325082302094,0.21264325082302094,0.002126432489603758,2,3,6
2077,3799,4446,0.0,0.009999999776482582,5.445672035217285,0.63509601354599,0.63509601354599,0.006350960116833448,2,6,12
2078,3252,3958,1.0,1.0,5.835938930511475,0.6908484101295471,0.6908484101295471,0.6908484101295471,5,6,30
2079,3143,3958,0.4999999701976776,0.5049999952316284,1.0391838550567627,0.005597693379968405,0.005597693379968405,0.0028268350288271904,5,2,10
2080,3143,3252,1.0,1.0,5.835938930511475,0.6908484101295471,0.6908484101295471,0.6908484101295471,5,6,30
2081,959,3958,0.0,0.009999999776482582,1.2870244979858398,0.041003499180078506,0.041003499180078506,0.00041003499063663185,2,2,4
2082,959,3252,0.0,0.009999999776482582,5.835938930511475,0.6908484101295471,0.6908484101295471,0.006908483803272247,2,6,12
2083,3217,3362,0.0,0.009999999776482582,4.025508880615234,0.43221554160118103,0.43221554160118103,0.004322155378758907,2,5,10
2084,3143,3217,0.0,0.009999999776482582,1.5461459159851074,0.0780208483338356,0.0780208483338356,0.0007802084437571466,2,2,4
2085,960,3252,0.0,0.009999999776482582,5.835938930511475,0.6908484101295471,0.6908484101295471,0.006908483803272247,2,6,12
2086,960,3116,0.0,0.009999999776482582,1.0821137428283691,0.011730534955859184,0.011730534955859184,0.00011730534606613219,2,2,4
2087,3116,3252,0.0,0.009999999776482582,5.835938930511475,0.6908484101295471,0.6908484101295471,0.006908483803272247,2,6,12
2088,961,3541,0.0,0.009999999776482582,3.530120849609375,0.3614458441734314,0.3614458441734314,0.003614458255469799,2,4,8
2089,961,3586,0.0,0.009999999776482582,1.3567426204681396,0.050963230431079865,0.050963230431079865,0.0005096322856843472,2,2,4
2090,3586,3848,0.0,0.009999999776482582,3.0291638374328613,0.28988054394721985,0.28988054394721985,0.002898805309087038,2,4,8
2091,962,3252,0.0,0.009999999776482582,5.835938930511475,0.6908484101295471,0.6908484101295471,0.006908483803272247,2,6,12
2092,962,963,0.0,0.009999999776482582,1.0869389772415161,0.012419854290783405,0.012419854290783405,0.00012419854465406388,2,2,4
2093,963,3252,0.0,0.009999999776482582,5.835938930511475,0.6908484101295471,0.6908484101295471,0.006908483803272247,2,6,12
2094,964,3252,0.0,0.009999999776482582,5.835938930511475,0.6908484101295471,0.6908484101295471,0.006908483803272247,2,6,12
2095,964,965,0.0,0.009999999776482582,1.1122360229492188,0.0160337183624506,0.0160337183624506,0.00016033717838581651,2,2,4
2096,965,3335,0.0,0.009999999776482582,7.126559734344482,0.8752228021621704,0.8752228021621704,0.008752227760851383,2,8,16
2097,966,3208,0.0,0.009999999776482582,6.996101379394531,0.8565859198570251,0.8565859198570251,0.00856585893779993,2,7,14
2098,966,4147,0.0,0.009999999776482582,1.8326259851455688,0.11894656717777252,0.11894656717777252,0.0011894656345248222,2,2,4
2099,3156,4147,0.0,0.009999999776482582,2.3005504608154297,0.1857929229736328,0.1857929229736328,0.001857929164543748,2,3,6
2100,3718,4147,0.0,0.009999999776482582,1.9977664947509766,0.14253807067871094,0.14253807067871094,0.0014253807021304965,2,2,4
2101,967,4147,0.0,0.009999999776482582,1.765347957611084,0.10933542251586914,0.10933542251586914,0.0010933541925624013,2,2,4
2102,967,3539,0.0,0.009999999776482582,1.4811406135559082,0.06873437017202377,0.06873437017202377,0.000687343708705157,2,2,4
2103,3262,3867,0.0,0.009999999776482582,1.3166389465332031,0.045234136283397675,0.045234136283397675,0.0004523413663264364,2,2,4
2104,3335,3867,0.0,0.009999999776482582,7.126559734344482,0.8752228021621704,0.8752228021621704,0.008752227760851383,2,8,16
2105,968,3162,0.0,0.009999999776482582,1.7237635850906372,0.10339479893445969,0.10339479893445969,0.0010339479194954038,2,2,4
2106,968,969,0.0,0.009999999776482582,1.0069890022277832,0.000998428906314075,0.000998428906314075,9.984289135900326e-06,2,2,4
2107,969,970,0.0,0.009999999776482582,1.079904556274414,0.011414936743676662,0.011414936743676662,0.00011414936307119206,2,2,4
2108,971,4448,0.0,0.009999999776482582,1.0172278881072998,0.002461126772686839,0.002461126772686839,2.46112667809939e-05,2,2,4
2109,971,972,0.0,0.009999999776482582,1.0493509769439697,0.0070501393638551235,0.0070501393638551235,7.050139538478106e-05,2,2,4
2110,972,4447,0.0,0.009999999776482582,1.065851092338562,0.009407298639416695,0.009407298639416695,9.407298784935847e-05,2,2,4
2111,973,2884,0.0,0.009999999776482582,1.292822003364563,0.041831713169813156,0.041831713169813156,0.00041831712587736547,2,2,4
2112,973,974,0.0,0.009999999776482582,1.537117600440979,0.07673108577728271,0.07673108577728271,0.0007673108484596014,2,2,4
2113,974,975,0.0,0.009999999776482582,1.537117600440979,0.07673108577728271,0.07673108577728271,0.0007673108484596014,2,2,4
2114,975,3195,0.0,0.009999999776482582,5.761999130249023,0.6802855730056763,0.6802855730056763,0.006802855525165796,2,6,12
2115,3116,3335,1.0,1.0,7.126559734344482,0.8752228021621704,0.8752228021621704,0.8752228021621704,5,8,40
2116,3116,4625,0.4999999701976776,0.5049999952316284,1.4163227081298828,0.05947467312216759,0.05947467312216759,0.030034709721803665,5,2,10
2117,3335,4625,0.4999999701976776,0.5049999952316284,7.126559734344482,0.8752228021621704,0.8752228021621704,0.4419875144958496,5,8,40
2118,4020,4423,0.0,0.009999999776482582,2.2935307025909424,0.18479010462760925,0.18479010462760925,0.001847901032306254,2,3,6
2119,3526,4020,1.0,1.0,2.368058681488037,0.19543695449829102,0.19543695449829102,0.19543695449829102,5,3,15
2120,976,4423,0.0,0.009999999776482582,2.2935307025909424,0.18479010462760925,0.18479010462760925,0.001847901032306254,2,3,6
2121,976,4020,0.0,0.009999999776482582,1.9073336124420166,0.12961909174919128,0.12961909174919128,0.0012961908942088485,2,2,4
2122,3526,4225,0.4999999701976776,0.5049999952316284,2.368058681488037,0.19543695449829102,0.19543695449829102,0.09869565814733505,5,3,15
2123,3817,4225,0.0,0.009999999776482582,1.3468637466430664,0.049551963806152344,0.049551963806152344,0.0004955196054652333,2,2,4
2124,3526,3817,1.0,1.0,2.368058681488037,0.19543695449829102,0.19543695449829102,0.19543695449829102,5,3,15
2125,4020,4213,0.0,0.009999999776482582,2.181743621826172,0.16882051527500153,0.16882051527500153,0.0016882051713764668,2,3,6
2126,3526,3858,0.0,0.009999999776482582,2.368058681488037,0.19543695449829102,0.19543695449829102,0.00195436947979033,2,3,6
2127,3858,4450,0.0,0.009999999776482582,1.968510389328003,0.13835862278938293,0.13835862278938293,0.001383586204610765,2,2,4
2128,3154,4450,0.0,0.009999999776482582,1.968510389328003,0.13835862278938293,0.13835862278938293,0.001383586204610765,2,2,4
2129,3154,3526,1.0,1.0,2.368058681488037,0.19543695449829102,0.19543695449829102,0.19543695449829102,5,3,15
2130,3154,3407,0.0,0.009999999776482582,2.0200741291046143,0.14572487771511078,0.14572487771511078,0.001457248697988689,2,3,6
2131,977,3122,0.0,0.009999999776482582,3.4159231185913086,0.34513187408447266,0.34513187408447266,0.0034513187129050493,2,4,8
2132,977,3840,0.0,0.009999999776482582,2.0025558471679688,0.14322225749492645,0.14322225749492645,0.0014322225470095873,2,3,6
2133,3840,3860,0.4999999701976776,0.5049999952316284,2.0025558471679688,0.14322225749492645,0.14322225749492645,0.07232724130153656,5,3,15
2134,3122,3860,0.0,0.009999999776482582,3.4159231185913086,0.34513187408447266,0.34513187408447266,0.0034513187129050493,2,4,8
2135,3526,3860,0.4999999701976776,0.5049999952316284,2.368058681488037,0.19543695449829102,0.19543695449829102,0.09869565814733505,5,3,15
2136,3526,4079,1.0,1.0,2.368058681488037,0.19543695449829102,0.19543695449829102,0.19543695449829102,5,3,15
2137,4079,4225,0.4999999701976776,0.5049999952316284,1.6088249683380127,0.08697499334812164,0.08697499334812164,0.04392237216234207,5,2,10
2138,3832,4225,0.0,0.009999999776482582,2.6969387531280518,0.24241982400417328,0.24241982400417328,0.00242419820278883,2,3,6
2139,3817,4079,0.4999999701976776,0.5049999952316284,1.6088249683380127,0.08697499334812164,0.08697499334812164,0.04392237216234207,5,2,10
2140,4079,4213,0.0,0.009999999776482582,2.181743621826172,0.16882051527500153,0.16882051527500153,0.0016882051713764668,2,3,6
2141,3840,4213,0.0,0.009999999776482582,2.181743621826172,0.16882051527500153,0.16882051527500153,0.0016882051713764668,2,3,6
2142,3154,3840,1.0,1.0,2.0025558471679688,0.14322225749492645,0.14322225749492645,0.14322225749492645,5,3,15
2143,3154,3832,0.0,0.009999999776482582,2.6969387531280518,0.24241982400417328,0.24241982400417328,0.00242419820278883,2,3,6
2144,3122,4079,0.0,0.009999999776482582,3.4159231185913086,0.34513187408447266,0.34513187408447266,0.0034513187129050493,2,4,8
2145,3993,4225,0.0,0.009999999776482582,3.7381486892700195,0.391164094209671,0.391164094209671,0.003911640960723162,2,4,8
2146,3154,3861,0.0,0.009999999776482582,1.4656232595443726,0.06651760637760162,0.06651760637760162,0.0006651760777458549,2,2,4
2147,3861,4088,0.0,0.009999999776482582,2.7143561840057373,0.24490801990032196,0.24490801990032196,0.002449080115184188,2,3,6
2148,3208,3862,1.0,1.0,6.996101379394531,0.8565859198570251,0.8565859198570251,0.8565859198570251,5,7,35
2149,3748,3862,1.0,1.0,2.020857572555542,0.14583680033683777,0.14583680033683777,0.14583680033683777,5,3,15
2150,3287,3748,0.4999999701976776,0.5049999952316284,4.960546016693115,0.5657922625541687,0.5657922625541687,0.28572508692741394,5,5,25
2151,978,3757,0.0,0.009999999776482582,2.2609505653381348,0.1801358014345169,0.1801358014345169,0.0018013579538092017,2,3,6
2152,978,979,0.0,0.009999999776482582,1.3224103450775146,0.046058621257543564,0.046058621257543564,0.0004605861904565245,2,2,4
2153,979,3208,0.0,0.009999999776482582,6.996101379394531,0.8565859198570251,0.8565859198570251,0.00856585893779993,2,7,14
2154,980,3208,0.0,0.009999999776482582,6.996101379394531,0.8565859198570251,0.8565859198570251,0.00856585893779993,2,7,14
2155,980,981,0.0,0.009999999776482582,1.7000226974487305,0.10000324249267578,0.10000324249267578,0.0010000324109569192,2,2,4
2156,981,3208,0.0,0.009999999776482582,6.996101379394531,0.8565859198570251,0.8565859198570251,0.00856585893779993,2,7,14
2157,3208,3785,0.4999999701976776,0.5049999952316284,6.996101379394531,0.8565859198570251,0.8565859198570251,0.43257588148117065,5,7,35
2158,3785,3865,0.0,0.009999999776482582,2.0264623165130615,0.1466374695301056,0.1466374695301056,0.0014663746114820242,2,3,6
2159,3208,3865,0.0,0.009999999776482582,6.996101379394531,0.8565859198570251,0.8565859198570251,0.00856585893779993,2,7,14
2160,982,3173,0.0,0.009999999776482582,1.3716243505477905,0.0530891939997673,0.0530891939997673,0.0005308919353410602,2,2,4
2161,982,983,0.0,0.009999999776482582,1.4048078060150146,0.057829685509204865,0.057829685509204865,0.0005782968364655972,2,2,4
2162,983,3452,0.0,0.009999999776482582,2.8808608055114746,0.2686944007873535,0.2686944007873535,0.0026869438588619232,2,3,6
2163,4064,4451,0.0,0.009999999776482582,1.5248799324035645,0.07498284429311752,0.07498284429311752,0.0007498284103348851,2,2,4
2164,984,4064,0.0,0.009999999776482582,1.5248799324035645,0.07498284429311752,0.07498284429311752,0.0007498284103348851,2,2,4
2165,2885,4451,0.0,0.009999999776482582,1.2166075706481934,0.030943939462304115,0.030943939462304115,0.00030943937599658966,2,2,4
2166,985,2885,0.0,0.009999999776482582,1.2166075706481934,0.030943939462304115,0.030943939462304115,0.00030943937599658966,2,2,4
2167,985,4451,0.0,0.009999999776482582,1.1564013957977295,0.02234305627644062,0.02234305627644062,0.00022343055752571672,2,2,4
2168,986,4451,0.0,0.009999999776482582,1.3714596033096313,0.05306565761566162,0.05306565761566162,0.0005306565435603261,2,2,4
2169,986,987,0.0,0.009999999776482582,1.3714596033096313,0.05306565761566162,0.05306565761566162,0.0005306565435603261,2,2,4
2170,987,2885,0.0,0.009999999776482582,1.2166075706481934,0.030943939462304115,0.030943939462304115,0.00030943937599658966,2,2,4
2171,2886,3263,0.0,0.009999999776482582,2.026113748550415,0.14658768475055695,0.14658768475055695,0.0014658768195658922,2,3,6
2172,2886,4452,0.0,0.009999999776482582,2.026113748550415,0.14658768475055695,0.14658768475055695,0.0014658768195658922,2,3,6
2173,3335,4452,0.0,0.009999999776482582,7.126559734344482,0.8752228021621704,0.8752228021621704,0.008752227760851383,2,8,16
2174,3335,3866,1.0,1.0,7.126559734344482,0.8752228021621704,0.8752228021621704,0.8752228021621704,5,8,40
2175,988,3866,0.0,0.009999999776482582,1.210434079170227,0.030062010511755943,0.030062010511755943,0.00030062010046094656,2,2,4
2176,3866,4325,1.0,1.0,1.178955316543579,0.025565044954419136,0.025565044954419136,0.025565044954419136,5,2,10
2177,3335,4325,1.0,1.0,7.126559734344482,0.8752228021621704,0.8752228021621704,0.8752228021621704,5,8,40
2178,989,3208,0.0,0.009999999776482582,6.996101379394531,0.8565859198570251,0.8565859198570251,0.00856585893779993,2,7,14
2179,989,990,0.0,0.009999999776482582,1.664016842842102,0.0948595479130745,0.0948595479130745,0.0009485954651609063,2,2,4
2180,990,3156,0.0,0.009999999776482582,2.3005504608154297,0.1857929229736328,0.1857929229736328,0.001857929164543748,2,3,6
2181,3287,3873,0.0,0.009999999776482582,4.960546016693115,0.5657922625541687,0.5657922625541687,0.005657922476530075,2,5,10
2182,991,3873,0.0,0.009999999776482582,2.0005810260772705,0.14294014871120453,0.14294014871120453,0.0014294014545157552,2,3,6
2183,991,3208,0.0,0.009999999776482582,6.996101379394531,0.8565859198570251,0.8565859198570251,0.00856585893779993,2,7,14
2184,992,3335,0.0,0.009999999776482582,7.126559734344482,0.8752228021621704,0.8752228021621704,0.008752227760851383,2,8,16
2185,992,4453,0.0,0.009999999776482582,1.4521540403366089,0.06459343433380127,0.06459343433380127,0.000645934313070029,2,2,4
2186,993,4453,0.0,0.009999999776482582,1.522732138633728,0.0746760219335556,0.0746760219335556,0.0007467602263204753,2,2,4
2187,993,994,0.0,0.009999999776482582,1.9342485666275024,0.13346408307552338,0.13346408307552338,0.0013346407795324922,2,2,4
2188,994,995,0.0,0.009999999776482582,1.9342485666275024,0.13346408307552338,0.13346408307552338,0.0013346407795324922,2,2,4
2189,995,996,0.0,0.009999999776482582,1.1329851150512695,0.01899787411093712,0.01899787411093712,0.00018997873121406883,2,2,4
2190,996,3335,0.0,0.009999999776482582,7.126559734344482,0.8752228021621704,0.8752228021621704,0.008752227760851383,2,8,16
2191,3335,3869,0.0,0.009999999776482582,7.126559734344482,0.8752228021621704,0.8752228021621704,0.008752227760851383,2,8,16
2192,3869,4453,0.0,0.009999999776482582,1.4521540403366089,0.06459343433380127,0.06459343433380127,0.000645934313070029,2,2,4
2193,997,3869,0.0,0.009999999776482582,1.155813455581665,0.022259065881371498,0.022259065881371498,0.00022259065008256584,2,2,4
2194,997,3904,0.0,0.009999999776482582,1.154886245727539,0.022126605734229088,0.022126605734229088,0.00022126604744698852,2,2,4
2195,998,3904,0.0,0.009999999776482582,1.1854339838027954,0.02649056911468506,0.02649056911468506,0.0002649056841619313,2,2,4
2196,998,999,0.0,0.009999999776482582,1.1854339838027954,0.02649056911468506,0.02649056911468506,0.0002649056841619313,2,2,4
2197,999,3335,0.0,0.009999999776482582,7.126559734344482,0.8752228021621704,0.8752228021621704,0.008752227760851383,2,8,16
2198,3335,3904,0.0,0.009999999776482582,7.126559734344482,0.8752228021621704,0.8752228021621704,0.008752227760851383,2,8,16
2199,3904,4453,0.0,0.009999999776482582,1.4521540403366089,0.06459343433380127,0.06459343433380127,0.000645934313070029,2,2,4
2200,1000,3904,0.0,0.009999999776482582,1.154886245727539,0.022126605734229088,0.022126605734229088,0.00022126604744698852,2,2,4
2201,1000,3869,0.0,0.009999999776482582,1.155813455581665,0.022259065881371498,0.022259065881371498,0.00022259065008256584,2,2,4
2202,1001,3869,0.0,0.009999999776482582,1.1670467853546143,0.02386382594704628,0.02386382594704628,0.00023863825481384993,2,2,4
2203,1002,3870,0.0,0.009999999776482582,1.2033970355987549,0.029056718572974205,0.029056718572974205,0.00029056717175990343,2,2,4
2204,1002,1003,0.0,0.009999999776482582,1.2033970355987549,0.029056718572974205,0.029056718572974205,0.00029056717175990343,2,2,4
2205,1003,3870,0.0,0.009999999776482582,1.1493052244186401,0.02132931724190712,0.02132931724190712,0.00021329316950868815,2,2,4
2206,1004,4003,0.0,0.009999999776482582,4.180234909057617,0.4543192684650421,0.4543192684650421,0.004543192684650421,2,5,10
2207,1004,1005,0.0,0.009999999776482582,1.993560552597046,0.1419372260570526,0.1419372260570526,0.0014193722745403647,2,2,4
2208,1005,4003,0.0,0.009999999776482582,4.180234909057617,0.4543192684650421,0.4543192684650421,0.004543192684650421,2,5,10
2209,3202,3762,0.0,0.009999999776482582,2.0872933864593506,0.15532763302326202,0.15532763302326202,0.0015532763209193945,2,3,6
2210,3762,3871,0.0,0.009999999776482582,2.07712984085083,0.1538756936788559,0.1538756936788559,0.0015387568855658174,2,3,6
2211,3714,3871,0.0,0.009999999776482582,1.6252654790878296,0.08932363986968994,0.08932363986968994,0.0008932363707572222,2,2,4
2212,1006,3362,0.0,0.009999999776482582,4.025508880615234,0.43221554160118103,0.43221554160118103,0.004322155378758907,2,5,10
2213,1006,3167,0.0,0.009999999776482582,1.9222276210784912,0.1317467987537384,0.1317467987537384,0.0013174680061638355,2,2,4
2214,3167,3799,0.0,0.009999999776482582,5.445672035217285,0.63509601354599,0.63509601354599,0.006350960116833448,2,6,12
2215,1007,4405,0.0,0.009999999776482582,1.2527999877929688,0.03611428290605545,0.03611428290605545,0.00036114282556809485,2,2,4
2216,1007,2887,0.0,0.009999999776482582,1.130527377128601,0.018646767362952232,0.018646767362952232,0.00018646767421159893,2,2,4
2217,2887,4405,0.4999999701976776,0.5049999952316284,1.2527999877929688,0.03611428290605545,0.03611428290605545,0.018237711861729622,5,2,10
2218,1008,4405,0.0,0.009999999776482582,1.2527999877929688,0.03611428290605545,0.03611428290605545,0.00036114282556809485,2,2,4
2219,1008,1009,0.0,0.009999999776482582,1.190688133239746,0.027241161093115807,0.027241161093115807,0.00027241159114055336,2,2,4
2220,1009,1010,0.0,0.009999999776482582,1.330315351486206,0.04718790575861931,0.04718790575861931,0.0004718790587503463,2,2,4
2221,1010,4405,0.0,0.009999999776482582,1.330315351486206,0.04718790575861931,0.04718790575861931,0.0004718790587503463,2,2,4
2222,2888,4454,0.0,0.009999999776482582,3.0678749084472656,0.295410692691803,0.295410692691803,0.002954106777906418,2,4,8
2223,2888,3761,0.0,0.009999999776482582,1.8503645658493042,0.12148065119981766,0.12148065119981766,0.001214806456118822,2,2,4
2224,3335,3761,0.0,0.009999999776482582,7.126559734344482,0.8752228021621704,0.8752228021621704,0.008752227760851383,2,8,16
2225,1011,4405,0.0,0.009999999776482582,1.2527999877929688,0.03611428290605545,0.03611428290605545,0.00036114282556809485,2,2,4
2226,1011,2887,0.0,0.009999999776482582,1.0820409059524536,0.011720129288733006,0.011720129288733006,0.00011720129259629175,2,2,4
2227,1012,3117,0.0,0.009999999776482582,6.122890949249268,0.7318415641784668,0.7318415641784668,0.007318415679037571,2,7,14
2228,1012,1013,0.0,0.009999999776482582,1.7669819593429565,0.10956884920597076,0.10956884920597076,0.0010956884361803532,2,2,4
2229,1013,3117,0.0,0.009999999776482582,6.122890949249268,0.7318415641784668,0.7318415641784668,0.007318415679037571,2,7,14
2230,1014,3335,0.0,0.009999999776482582,7.126559734344482,0.8752228021621704,0.8752228021621704,0.008752227760851383,2,8,16
2231,1014,1015,0.0,0.009999999776482582,1.5643812417984009,0.08062589168548584,0.08062589168548584,0.0008062588749453425,2,2,4
2232,1015,3335,0.0,0.009999999776482582,7.126559734344482,0.8752228021621704,0.8752228021621704,0.008752227760851383,2,8,16
2233,1016,4455,0.0,0.009999999776482582,1.5171712636947632,0.0738816112279892,0.0738816112279892,0.0007388161029666662,2,2,4
2234,1016,1017,0.0,0.009999999776482582,1.1820173263549805,0.02600247599184513,0.02600247599184513,0.00026002476806752384,2,2,4
2235,1017,4455,0.0,0.009999999776482582,1.5171712636947632,0.0738816112279892,0.0738816112279892,0.0007388161029666662,2,2,4
2236,1018,4455,0.0,0.009999999776482582,1.5171712636947632,0.0738816112279892,0.0738816112279892,0.0007388161029666662,2,2,4
2237,1018,1019,0.0,0.009999999776482582,1.5445040464401245,0.07778628915548325,0.07778628915548325,0.0007778628496453166,2,2,4
2238,1019,4455,0.0,0.009999999776482582,1.5445040464401245,0.07778628915548325,0.07778628915548325,0.0007778628496453166,2,2,4
2239,1020,4456,0.0,0.009999999776482582,2.3531453609466553,0.19330647587776184,0.19330647587776184,0.001933064660988748,2,3,6
2240,1020,1021,0.0,0.009999999776482582,1.4609131813049316,0.06584473699331284,0.06584473699331284,0.0006584473303519189,2,2,4
2241,1021,4456,0.0,0.009999999776482582,2.3531453609466553,0.19330647587776184,0.19330647587776184,0.001933064660988748,2,3,6
2242,1022,4456,0.0,0.009999999776482582,2.3531453609466553,0.19330647587776184,0.19330647587776184,0.001933064660988748,2,3,6
2243,1022,3821,0.0,0.009999999776482582,1.4272199869155884,0.06103142723441124,0.06103142723441124,0.0006103142513893545,2,2,4
2244,1023,3821,0.0,0.009999999776482582,1.4272199869155884,0.06103142723441124,0.06103142723441124,0.0006103142513893545,2,2,4
2245,1023,4456,0.0,0.009999999776482582,2.3531453609466553,0.19330647587776184,0.19330647587776184,0.001933064660988748,2,3,6
2246,1024,3875,0.0,0.009999999776482582,2.2947444915771484,0.18496349453926086,0.18496349453926086,0.0018496349221095443,2,3,6
2247,3875,4457,0.0,0.009999999776482582,2.745929718017578,0.24941852688789368,0.24941852688789368,0.0024941852316260338,2,3,6
2248,1025,3825,0.0,0.009999999776482582,2.1623430252075195,0.16604900360107422,0.16604900360107422,0.0016604899428784847,2,3,6
2249,1025,3412,0.0,0.009999999776482582,3.583928108215332,0.3691325783729553,0.3691325783729553,0.0036913256626576185,2,4,8
2250,3799,3877,0.0,0.009999999776482582,5.445672035217285,0.63509601354599,0.63509601354599,0.006350960116833448,2,6,12
2251,3877,4458,0.0,0.009999999776482582,4.092287063598633,0.4417552947998047,0.4417552947998047,0.004417553078383207,2,5,10
2252,3412,4458,0.0,0.009999999776482582,4.092287063598633,0.4417552947998047,0.4417552947998047,0.004417553078383207,2,5,10
2253,3799,4458,0.0,0.009999999776482582,5.445672035217285,0.63509601354599,0.63509601354599,0.006350960116833448,2,6,12
2254,3825,3877,0.0,0.009999999776482582,2.2757771015167236,0.1822538673877716,0.1822538673877716,0.001822538673877716,2,3,6
2255,3880,4134,0.4999999701976776,0.5049999952316284,1.1227753162384033,0.017539331689476967,0.017539331689476967,0.008857361972332,5,2,10
2256,1026,3880,0.0,0.009999999776482582,1.1227753162384033,0.017539331689476967,0.017539331689476967,0.00017539331747684628,2,2,4
2257,1026,3243,0.0,0.009999999776482582,1.0968527793884277,0.013836110942065716,0.013836110942065716,0.00013836110883858055,2,2,4
2258,3243,3880,0.0,0.009999999776482582,1.1227753162384033,0.017539331689476967,0.017539331689476967,0.00017539331747684628,2,2,4
2259,3880,4307,0.4999999701976776,0.5049999952316284,1.2765765190124512,0.03951093181967735,0.03951093181967735,0.01995301991701126,5,2,10
2260,4134,4307,0.0,0.009999999776482582,1.2765765190124512,0.03951093181967735,0.03951093181967735,0.00039510929491370916,2,2,4
2261,3335,3880,0.0,0.009999999776482582,7.126559734344482,0.8752228021621704,0.8752228021621704,0.008752227760851383,2,8,16
2262,1027,3880,0.0,0.009999999776482582,1.1227753162384033,0.017539331689476967,0.017539331689476967,0.00017539331747684628,2,2,4
2263,1027,3881,0.0,0.009999999776482582,1.2945051193237305,0.04207215830683708,0.04207215830683708,0.000420721567934379,2,2,4
2264,1028,1029,0.0,0.009999999776482582,1.0294305086135864,0.0042043584398925304,0.0042043584398925304,4.204358265269548e-05,2,2,4
2265,1029,1030,0.0,0.009999999776482582,1.1655596494674683,0.023651378229260445,0.023651378229260445,0.00023651377705391496,2,2,4
2266,1030,4134,0.0,0.009999999776482582,1.1655596494674683,0.023651378229260445,0.023651378229260445,0.00023651377705391496,2,2,4
2267,1031,3880,0.0,0.009999999776482582,1.1227753162384033,0.017539331689476967,0.017539331689476967,0.00017539331747684628,2,2,4
2268,1031,3243,0.0,0.009999999776482582,1.058345079421997,0.008335011079907417,0.008335011079907417,8.335011079907417e-05,2,2,4
2269,3880,4459,0.0,0.009999999776482582,1.2909932136535645,0.04157045856118202,0.04157045856118202,0.00041570456232875586,2,2,4
2270,4307,4459,0.0,0.009999999776482582,1.2909932136535645,0.04157045856118202,0.04157045856118202,0.00041570456232875586,2,2,4
2271,1032,3882,0.0,0.009999999776482582,1.0988438129425049,0.01412054430693388,0.01412054430693388,0.00014120544074103236,2,2,4
2272,1032,1033,0.0,0.009999999776482582,1.0988438129425049,0.01412054430693388,0.01412054430693388,0.00014120544074103236,2,2,4
2273,1033,3882,0.0,0.009999999776482582,1.0629945993423462,0.008999228477478027,0.008999228477478027,8.999228157335892e-05,2,2,4
2274,1034,3882,0.0,0.009999999776482582,1.0629945993423462,0.008999228477478027,0.008999228477478027,8.999228157335892e-05,2,2,4
2275,1034,1035,0.0,0.009999999776482582,1.0818758010864258,0.011696542613208294,0.011696542613208294,0.00011696542060235515,2,2,4
2276,1035,3882,0.0,0.009999999776482582,1.0818758010864258,0.011696542613208294,0.011696542613208294,0.00011696542060235515,2,2,4
2277,1036,3822,0.0,0.009999999776482582,2.125114679336548,0.16073067486286163,0.16073067486286163,0.0016073067672550678,2,3,6
2278,1036,1037,0.0,0.009999999776482582,1.158183217048645,0.022597601637244225,0.022597601637244225,0.0002259760076412931,2,2,4
2279,1037,1038,0.0,0.009999999776482582,1.1889066696166992,0.02698666788637638,0.02698666788637638,0.0002698666648939252,2,2,4
2280,1038,1039,0.0,0.009999999776482582,1.701477289199829,0.10021103918552399,0.10021103918552399,0.00100211042445153,2,2,4
2281,1039,3252,0.0,0.009999999776482582,5.835938930511475,0.6908484101295471,0.6908484101295471,0.006908483803272247,2,6,12
2282,1040,4460,0.0,0.009999999776482582,1.405375599861145,0.057910799980163574,0.057910799980163574,0.0005791079602204263,2,2,4
2283,1040,4461,0.0,0.009999999776482582,1.2917941808700562,0.04168488457798958,0.04168488457798958,0.00041684883763082325,2,2,4
2284,4461,4462,0.4999999701976776,0.5049999952316284,1.572115182876587,0.08173073828220367,0.08173073828220367,0.041274022310972214,5,2,10
2285,3335,4462,0.0,0.009999999776482582,7.126559734344482,0.8752228021621704,0.8752228021621704,0.008752227760851383,2,8,16
2286,1041,3335,0.0,0.009999999776482582,7.126559734344482,0.8752228021621704,0.8752228021621704,0.008752227760851383,2,8,16
2287,1041,4462,0.0,0.009999999776482582,1.572115182876587,0.08173073828220367,0.08173073828220367,0.0008173073874786496,2,2,4
2288,1042,4462,0.0,0.009999999776482582,2.2208175659179688,0.17440250515937805,0.17440250515937805,0.001744025037623942,2,3,6
2289,1042,3765,0.0,0.009999999776482582,3.1496989727020264,0.307099848985672,0.307099848985672,0.0030709984712302685,2,4,8
2290,3765,4460,0.4999999701976776,0.5049999952316284,3.1496989727020264,0.307099848985672,0.307099848985672,0.15508542954921722,5,4,20
2291,4460,4463,0.4999999701976776,0.5049999952316284,1.405375599861145,0.057910799980163574,0.057910799980163574,0.029244953766465187,5,2,10
2292,3100,4463,0.0,0.009999999776482582,6.839209079742432,0.8341727256774902,0.8341727256774902,0.00834172684699297,2,7,14
2293,1043,3100,0.0,0.009999999776482582,6.839209079742432,0.8341727256774902,0.8341727256774902,0.00834172684699297,2,7,14
2294,1043,4462,0.0,0.009999999776482582,1.9677519798278809,0.13825027644634247,0.13825027644634247,0.0013825027272105217,2,2,4
2295,4460,4462,0.0,0.009999999776482582,1.572115182876587,0.08173073828220367,0.08173073828220367,0.0008173073874786496,2,2,4
2296,1044,4460,0.0,0.009999999776482582,1.9575226306915283,0.13678894937038422,0.13678894937038422,0.001367889461107552,2,2,4
2297,1044,3100,0.0,0.009999999776482582,6.839209079742432,0.8341727256774902,0.8341727256774902,0.00834172684699297,2,7,14
2298,1045,3335,0.0,0.009999999776482582,7.126559734344482,0.8752228021621704,0.8752228021621704,0.008752227760851383,2,8,16
2299,1045,1046,0.0,0.009999999776482582,1.3202933073043823,0.04575618728995323,0.04575618728995323,0.000457561865914613,2,2,4
2300,1046,3497,0.0,0.009999999776482582,5.646668434143066,0.6638097763061523,0.6638097763061523,0.0066380975767970085,2,6,12
2301,1047,3497,0.0,0.009999999776482582,5.646668434143066,0.6638097763061523,0.6638097763061523,0.0066380975767970085,2,6,12
2302,1047,1048,0.0,0.009999999776482582,1.8198049068450928,0.11711498349905014,0.11711498349905014,0.001171149779111147,2,2,4
2303,1048,4462,0.0,0.009999999776482582,1.8198049068450928,0.11711498349905014,0.11711498349905014,0.001171149779111147,2,2,4
2304,4286,4462,0.4999999701976776,0.5049999952316284,1.823840856552124,0.11769155412912369,0.11769155412912369,0.05943423509597778,5,2,10
2305,4286,4461,0.0,0.009999999776482582,1.823840856552124,0.11769155412912369,0.11769155412912369,0.0011769154807552695,2,2,4
2306,3883,4461,0.0,0.009999999776482582,1.2917941808700562,0.04168488457798958,0.04168488457798958,0.00041684883763082325,2,2,4
2307,3765,4461,0.0,0.009999999776482582,3.1496989727020264,0.307099848985672,0.307099848985672,0.0030709984712302685,2,4,8
2308,4460,4461,0.0,0.009999999776482582,1.405375599861145,0.057910799980163574,0.057910799980163574,0.0005791079602204263,2,2,4
2309,1049,4460,0.0,0.009999999776482582,1.4754050970077515,0.06791501492261887,0.06791501492261887,0.0006791501073166728,2,2,4
2310,1049,4462,0.0,0.009999999776482582,1.572115182876587,0.08173073828220367,0.08173073828220367,0.0008173073874786496,2,2,4
2311,4462,4465,0.4999999701976776,0.5049999952316284,1.572115182876587,0.08173073828220367,0.08173073828220367,0.041274022310972214,5,2,10
2312,3335,4465,0.0,0.009999999776482582,7.126559734344482,0.8752228021621704,0.8752228021621704,0.008752227760851383,2,8,16
2313,3428,4460,0.0,0.009999999776482582,1.405375599861145,0.057910799980163574,0.057910799980163574,0.0005791079602204263,2,2,4
2314,1050,4460,0.0,0.009999999776482582,1.405375599861145,0.057910799980163574,0.057910799980163574,0.0005791079602204263,2,2,4
2315,1050,4461,0.0,0.009999999776482582,1.2917941808700562,0.04168488457798958,0.04168488457798958,0.00041684883763082325,2,2,4
2316,4286,4460,0.0,0.009999999776482582,1.823840856552124,0.11769155412912369,0.11769155412912369,0.0011769154807552695,2,2,4
2317,2889,4465,0.0,0.009999999776482582,1.2442348003387451,0.034890685230493546,0.034890685230493546,0.0003489068476483226,2,2,4
2318,2889,4462,0.0,0.009999999776482582,1.572115182876587,0.08173073828220367,0.08173073828220367,0.0008173073874786496,2,2,4
2319,4461,4465,0.0,0.009999999776482582,1.2917941808700562,0.04168488457798958,0.04168488457798958,0.00041684883763082325,2,2,4
2320,4460,4465,0.0,0.009999999776482582,1.405375599861145,0.057910799980163574,0.057910799980163574,0.0005791079602204263,2,2,4
2321,4463,4464,0.0,0.009999999776482582,1.1912285089492798,0.027318358421325684,0.027318358421325684,0.0002731835702434182,2,2,4
2322,3335,4460,0.0,0.009999999776482582,7.126559734344482,0.8752228021621704,0.8752228021621704,0.008752227760851383,2,8,16
2323,3205,4465,0.0,0.009999999776482582,1.6037623882293701,0.08625177294015884,0.08625177294015884,0.0008625176851637661,2,2,4
2324,3335,4461,0.0,0.009999999776482582,7.126559734344482,0.8752228021621704,0.8752228021621704,0.008752227760851383,2,8,16
2325,2889,4461,0.0,0.009999999776482582,1.2917941808700562,0.04168488457798958,0.04168488457798958,0.00041684883763082325,2,2,4
2326,2889,4463,0.0,0.009999999776482582,1.1564477682113647,0.022349681705236435,0.022349681705236435,0.00022349681239575148,2,2,4
2327,3335,4463,0.0,0.009999999776482582,7.126559734344482,0.8752228021621704,0.8752228021621704,0.008752227760851383,2,8,16
2328,1051,3267,0.0,0.009999999776482582,1.0241118669509888,0.0034445524215698242,0.0034445524215698242,3.444552203291096e-05,2,2,4
2329,1051,1052,0.0,0.009999999776482582,1.0241118669509888,0.0034445524215698242,0.0034445524215698242,3.444552203291096e-05,2,2,4
2330,1052,3878,0.0,0.009999999776482582,3.259284019470215,0.3227548599243164,0.3227548599243164,0.0032275484409183264,2,4,8
2331,2890,3878,0.0,0.009999999776482582,3.259284019470215,0.3227548599243164,0.3227548599243164,0.0032275484409183264,2,4,8
2332,1053,2890,0.0,0.009999999776482582,2.2123465538024902,0.1731923669576645,0.1731923669576645,0.001731923664920032,2,3,6
2333,1053,1054,0.0,0.009999999776482582,1.5228883028030396,0.07469832897186279,0.07469832897186279,0.0007469832780770957,2,2,4
2334,1054,2890,0.0,0.009999999776482582,2.2123465538024902,0.1731923669576645,0.1731923669576645,0.001731923664920032,2,3,6
2335,1055,2890,0.0,0.009999999776482582,2.2123465538024902,0.1731923669576645,0.1731923669576645,0.001731923664920032,2,3,6
2336,1055,1056,0.0,0.009999999776482582,1.406882882118225,0.05812612548470497,0.05812612548470497,0.0005812612362205982,2,2,4
2337,3377,4227,0.0,0.009999999776482582,1.1549690961837769,0.02213844284415245,0.02213844284415245,0.0002213844272773713,2,2,4
2338,1057,4227,0.0,0.009999999776482582,2.7416961193084717,0.24881373345851898,0.24881373345851898,0.002488137222826481,2,3,6
2339,1057,3269,0.0,0.009999999776482582,2.7416961193084717,0.24881373345851898,0.24881373345851898,0.002488137222826481,2,3,6
2340,2891,4308,0.0,0.009999999776482582,1.9059948921203613,0.12942783534526825,0.12942783534526825,0.0012942783068865538,2,2,4
2341,1058,2891,0.0,0.009999999776482582,1.9059948921203613,0.12942783534526825,0.12942783534526825,0.0012942783068865538,2,2,4
2342,1058,4308,0.0,0.009999999776482582,1.3986525535583496,0.056950364261865616,0.056950364261865616,0.0005695036379620433,2,2,4
2343,2892,4466,0.0,0.009999999776482582,2.189363718032837,0.16990910470485687,0.16990910470485687,0.0016990910517051816,2,3,6
2344,1059,2892,0.0,0.009999999776482582,1.7687501907348633,0.10982145369052887,0.10982145369052887,0.0010982145322486758,2,2,4
2345,1059,4308,0.0,0.009999999776482582,1.6563963890075684,0.09377091377973557,0.09377091377973557,0.0009377091191709042,2,2,4
2346,1060,4468,0.0,0.009999999776482582,1.229677677154541,0.03281109780073166,0.03281109780073166,0.0003281109675299376,2,2,4
2347,1060,1061,0.0,0.009999999776482582,1.4536457061767578,0.06480652838945389,0.06480652838945389,0.0006480652955360711,2,2,4
2348,1061,4468,0.0,0.009999999776482582,1.4536457061767578,0.06480652838945389,0.06480652838945389,0.0006480652955360711,2,2,4
2349,1062,4468,0.0,0.009999999776482582,1.34205162525177,0.048864517360925674,0.048864517360925674,0.000488645164296031,2,2,4
2350,1062,1063,0.0,0.009999999776482582,1.7814462184906006,0.11163517087697983,0.11163517087697983,0.0011163516901433468,2,2,4
2351,1063,4467,0.0,0.009999999776482582,1.7814462184906006,0.11163517087697983,0.11163517087697983,0.0011163516901433468,2,2,4
2352,4468,4469,0.0,0.009999999776482582,1.3670315742492676,0.052433080971241,0.052433080971241,0.000524330826010555,2,2,4
2353,4469,4470,0.0,0.009999999776482582,1.3670315742492676,0.052433080971241,0.052433080971241,0.000524330826010555,2,2,4
2354,4468,4470,0.0,0.009999999776482582,1.1914068460464478,0.027343835681676865,0.027343835681676865,0.00027343834517523646,2,2,4
2355,3330,3839,0.0,0.009999999776482582,1.890047550201416,0.12714965641498566,0.12714965641498566,0.0012714965268969536,2,2,4
2356,3839,4309,0.0,0.009999999776482582,1.890047550201416,0.12714965641498566,0.12714965641498566,0.0012714965268969536,2,2,4
2357,3330,4309,0.0,0.009999999776482582,1.732964038848877,0.10470914840698242,0.10470914840698242,0.0010470914421603084,2,2,4
2358,3839,3993,0.0,0.009999999776482582,3.7381486892700195,0.391164094209671,0.391164094209671,0.003911640960723162,2,4,8
2359,1064,3839,0.0,0.009999999776482582,1.98637855052948,0.14091122150421143,0.14091122150421143,0.0014091121265664697,2,2,4
2360,1064,3993,0.0,0.009999999776482582,3.7381486892700195,0.391164094209671,0.391164094209671,0.003911640960723162,2,4,8
2361,1065,3330,0.0,0.009999999776482582,1.732964038848877,0.10470914840698242,0.10470914840698242,0.0010470914421603084,2,2,4
2362,1065,3839,0.0,0.009999999776482582,1.890047550201416,0.12714965641498566,0.12714965641498566,0.0012714965268969536,2,2,4
2363,1066,3839,0.0,0.009999999776482582,1.890047550201416,0.12714965641498566,0.12714965641498566,0.0012714965268969536,2,2,4
2364,1066,3330,0.0,0.009999999776482582,1.732964038848877,0.10470914840698242,0.10470914840698242,0.0010470914421603084,2,2,4
2365,1067,2893,0.0,0.009999999776482582,1.1491585969924927,0.021308371797204018,0.021308371797204018,0.00021308370924089104,2,2,4
2366,1067,1068,0.0,0.009999999776482582,1.3990044593811035,0.05700063705444336,0.05700063705444336,0.0005700063775293529,2,2,4
2367,1068,2894,0.0,0.009999999776482582,1.3990044593811035,0.05700063705444336,0.05700063705444336,0.0005700063775293529,2,2,4
2368,1069,4471,0.0,0.009999999776482582,1.3469582796096802,0.04956546798348427,0.04956546798348427,0.0004956546472385526,2,2,4
2369,1069,1070,0.0,0.009999999776482582,1.1946871280670166,0.027812447398900986,0.027812447398900986,0.000278124469332397,2,2,4
2370,1070,4471,0.0,0.009999999776482582,1.3469582796096802,0.04956546798348427,0.04956546798348427,0.0004956546472385526,2,2,4
2371,1071,4472,0.0,0.009999999776482582,1.440414547920227,0.0629163607954979,0.0629163607954979,0.0006291635800153017,2,2,4
2372,1071,1072,0.0,0.009999999776482582,1.157639503479004,0.022519929334521294,0.022519929334521294,0.0002251992846140638,2,2,4
2373,1072,4472,0.0,0.009999999776482582,1.440414547920227,0.0629163607954979,0.0629163607954979,0.0006291635800153017,2,2,4
2374,1073,4472,0.0,0.009999999776482582,1.440414547920227,0.0629163607954979,0.0629163607954979,0.0006291635800153017,2,2,4
2375,1073,2895,0.0,0.009999999776482582,1.7764225006103516,0.11091750115156174,0.11091750115156174,0.0011091750347986817,2,2,4
2376,2895,4473,0.0,0.009999999776482582,1.7764225006103516,0.11091750115156174,0.11091750115156174,0.0011091750347986817,2,2,4
2377,1074,3335,0.0,0.009999999776482582,7.126559734344482,0.8752228021621704,0.8752228021621704,0.008752227760851383,2,8,16
2378,1074,1075,0.0,0.009999999776482582,1.1732032299041748,0.024743318557739258,0.024743318557739258,0.00024743317044340074,2,2,4
2379,1075,4133,0.0,0.009999999776482582,1.1874908208847046,0.02678440324962139,0.02678440324962139,0.00026784403598867357,2,2,4
2380,2896,4405,0.0,0.009999999776482582,1.9381978511810303,0.13402827084064484,0.13402827084064484,0.0013402827316895127,2,2,4
2381,1076,2896,0.0,0.009999999776482582,1.9381978511810303,0.13402827084064484,0.13402827084064484,0.0013402827316895127,2,2,4
2382,1076,2897,0.0,0.009999999776482582,1.1114442348480225,0.01592060551047325,0.01592060551047325,0.00015920605801511556,2,2,4
2383,2897,3160,0.0,0.009999999776482582,1.414048194885254,0.059149742126464844,0.059149742126464844,0.0005914974026381969,2,2,4
2384,2896,3160,0.0,0.009999999776482582,1.9381978511810303,0.13402827084064484,0.13402827084064484,0.0013402827316895127,2,2,4
2385,2896,3884,0.0,0.009999999776482582,1.9381978511810303,0.13402827084064484,0.13402827084064484,0.0013402827316895127,2,2,4
2386,3884,4405,0.0,0.009999999776482582,1.5216277837753296,0.07451825588941574,0.07451825588941574,0.0007451825658790767,2,2,4
2387,2897,4405,0.0,0.009999999776482582,1.2527999877929688,0.03611428290605545,0.03611428290605545,0.00036114282556809485,2,2,4
2388,2897,2898,0.0,0.009999999776482582,1.0625724792480469,0.008938925340771675,0.008938925340771675,8.93892502062954e-05,2,2,4
2389,2898,3732,0.0,0.009999999776482582,1.02372145652771,0.0033887794706970453,0.0033887794706970453,3.388779441593215e-05,2,2,4
2390,1077,3101,0.0,0.009999999776482582,1.7307159900665283,0.10438799858093262,0.10438799858093262,0.0010438800090923905,2,2,4
2391,1077,1078,0.0,0.009999999776482582,1.1553457975387573,0.022192256525158882,0.022192256525158882,0.0002219225571025163,2,2,4
2392,1078,3591,0.0,0.009999999776482582,4.721456527709961,0.531636655330658,0.531636655330658,0.005316366441547871,2,5,10
2393,1079,3591,0.0,0.009999999776482582,4.721456527709961,0.531636655330658,0.531636655330658,0.005316366441547871,2,5,10
2394,1079,1080,0.0,0.009999999776482582,2.294557809829712,0.18493683636188507,0.18493683636188507,0.0018493683310225606,2,3,6
2395,1080,3591,0.0,0.009999999776482582,4.721456527709961,0.531636655330658,0.531636655330658,0.005316366441547871,2,5,10
2396,1081,3591,0.0,0.009999999776482582,4.721456527709961,0.531636655330658,0.531636655330658,0.005316366441547871,2,5,10
2397,1081,1082,0.0,0.009999999776482582,2.6655848026275635,0.2379406839609146,0.2379406839609146,0.0023794067092239857,2,3,6
2398,1082,3591,0.0,0.009999999776482582,4.721456527709961,0.531636655330658,0.531636655330658,0.005316366441547871,2,5,10
2399,1083,3591,0.0,0.009999999776482582,4.721456527709961,0.531636655330658,0.531636655330658,0.005316366441547871,2,5,10
2400,1083,3329,0.0,0.009999999776482582,1.9339749813079834,0.13342499732971191,0.13342499732971191,0.0013342499732971191,2,2,4
2401,3329,3591,0.0,0.009999999776482582,4.721456527709961,0.531636655330658,0.531636655330658,0.005316366441547871,2,5,10
2402,1084,4173,0.0,0.009999999776482582,4.969567775726318,0.567081093788147,0.567081093788147,0.005670810583978891,2,5,10
2403,1084,1085,0.0,0.009999999776482582,1.0777658224105835,0.01110940333455801,0.01110940333455801,0.00011109402839792892,2,2,4
2404,1085,4173,0.0,0.009999999776482582,4.969567775726318,0.567081093788147,0.567081093788147,0.005670810583978891,2,5,10
2405,1086,4173,0.0,0.009999999776482582,4.969567775726318,0.567081093788147,0.567081093788147,0.005670810583978891,2,5,10
2406,1086,1087,0.0,0.009999999776482582,1.159583568572998,0.022797653451561928,0.022797653451561928,0.00022797653218731284,2,2,4
2407,1087,4173,0.0,0.009999999776482582,4.969567775726318,0.567081093788147,0.567081093788147,0.005670810583978891,2,5,10
2408,1088,1089,0.0,0.009999999776482582,1.1059589385986328,0.015136991627514362,0.015136991627514362,0.00015136990987230092,2,2,4
2409,1089,4474,0.0,0.009999999776482582,1.1064187288284302,0.015202675946056843,0.015202675946056843,0.00015202675422187895,2,2,4
2410,3252,4474,0.0,0.009999999776482582,5.835938930511475,0.6908484101295471,0.6908484101295471,0.006908483803272247,2,6,12
2411,1090,4474,0.0,0.009999999776482582,1.1064187288284302,0.015202675946056843,0.015202675946056843,0.00015202675422187895,2,2,4
2412,1090,1091,0.0,0.009999999776482582,1.0541272163391113,0.007732459343969822,0.007732459343969822,7.73245919845067e-05,2,2,4
2413,1091,4474,0.0,0.009999999776482582,1.1064187288284302,0.015202675946056843,0.015202675946056843,0.00015202675422187895,2,2,4
2414,3166,4474,0.0,0.009999999776482582,1.1064187288284302,0.015202675946056843,0.015202675946056843,0.00015202675422187895,2,2,4
2415,1092,4474,0.0,0.009999999776482582,1.1064187288284302,0.015202675946056843,0.015202675946056843,0.00015202675422187895,2,2,4
2416,1092,1093,0.0,0.009999999776482582,1.137681007385254,0.019668715074658394,0.019668715074658394,0.00019668714958243072,2,2,4
2417,1093,3335,0.0,0.009999999776482582,7.126559734344482,0.8752228021621704,0.8752228021621704,0.008752227760851383,2,8,16
2418,3335,3891,0.0,0.009999999776482582,7.126559734344482,0.8752228021621704,0.8752228021621704,0.008752227760851383,2,8,16
2419,1094,3891,0.0,0.009999999776482582,1.3316348791122437,0.04737641289830208,0.04737641289830208,0.00047376411384902894,2,2,4
2420,1094,3252,0.0,0.009999999776482582,5.835938930511475,0.6908484101295471,0.6908484101295471,0.006908483803272247,2,6,12
2421,1095,3892,0.0,0.009999999776482582,2.713007926940918,0.24471542239189148,0.24471542239189148,0.002447154140099883,2,3,6
2422,1095,1096,0.0,0.009999999776482582,2.713007926940918,0.24471542239189148,0.24471542239189148,0.002447154140099883,2,3,6
2423,1096,3888,0.0,0.009999999776482582,1.8531032800674438,0.12187189608812332,0.12187189608812332,0.0012187189422547817,2,2,4
2424,3887,3888,0.0,0.009999999776482582,1.8531032800674438,0.12187189608812332,0.12187189608812332,0.0012187189422547817,2,2,4
2425,3221,3412,0.4999999701976776,0.5049999952316284,3.583928108215332,0.3691325783729553,0.3691325783729553,0.18641194701194763,5,4,20
2426,1097,3221,0.0,0.009999999776482582,1.3022111654281616,0.04317302256822586,0.04317302256822586,0.00043173020821996033,2,2,4
2427,1097,3412,0.0,0.009999999776482582,3.583928108215332,0.3691325783729553,0.3691325783729553,0.0036913256626576185,2,4,8
2428,3198,3686,0.0,0.009999999776482582,6.814609527587891,0.830658495426178,0.830658495426178,0.008306584320962429,2,7,14
2429,1098,3686,0.0,0.009999999776482582,2.1371028423309326,0.16244326531887054,0.16244326531887054,0.0016244326252490282,2,3,6
2430,1098,3198,0.0,0.009999999776482582,6.814609527587891,0.830658495426178,0.830658495426178,0.008306584320962429,2,7,14
2431,3687,3893,0.0,0.009999999776482582,2.104670763015747,0.15781010687351227,0.15781010687351227,0.0015781010733917356,2,3,6
2432,3689,3893,0.0,0.009999999776482582,2.240419387817383,0.17720277607440948,0.17720277607440948,0.0017720276955515146,2,3,6
2433,1099,3689,0.0,0.009999999776482582,2.240419387817383,0.17720277607440948,0.17720277607440948,0.0017720276955515146,2,3,6
2434,1099,3691,0.0,0.009999999776482582,1.8700015544891357,0.12428593635559082,0.12428593635559082,0.0012428592890501022,2,2,4
2435,3198,3691,0.0,0.009999999776482582,6.814609527587891,0.830658495426178,0.830658495426178,0.008306584320962429,2,7,14
2436,3686,3687,0.0,0.009999999776482582,2.1371028423309326,0.16244326531887054,0.16244326531887054,0.0016244326252490282,2,3,6
2437,3684,3686,0.0,0.009999999776482582,2.1371028423309326,0.16244326531887054,0.16244326531887054,0.0016244326252490282,2,3,6
2438,3198,3684,0.0,0.009999999776482582,6.814609527587891,0.830658495426178,0.830658495426178,0.008306584320962429,2,7,14
2439,3686,3771,0.4999999701976776,0.5049999952316284,2.1371028423309326,0.16244326531887054,0.16244326531887054,0.08203385025262833,5,3,15
2440,3688,3698,0.0,0.009999999776482582,2.0024805068969727,0.1432114988565445,0.1432114988565445,0.0014321149792522192,2,3,6
2441,1100,3688,0.0,0.009999999776482582,1.98757004737854,0.14108143746852875,0.14108143746852875,0.0014108143514022231,2,2,4
2442,1100,3771,0.0,0.009999999776482582,2.0204761028289795,0.14578230679035187,0.14578230679035187,0.001457823091186583,2,3,6
2443,3684,3693,0.0,0.009999999776482582,2.022042989730835,0.14600613713264465,0.14600613713264465,0.0014600612921640277,2,3,6
2444,3688,3693,0.0,0.009999999776482582,2.0054023265838623,0.14362891018390656,0.14362891018390656,0.001436289050616324,2,3,6
2445,3100,3693,0.4999999701976776,0.5049999952316284,6.839209079742432,0.8341727256774902,0.8341727256774902,0.42125722765922546,5,7,35
2446,3684,3685,0.0,0.009999999776482582,2.1724259853363037,0.1674894243478775,0.1674894243478775,0.001674894243478775,2,3,6
2447,3752,3828,0.0,0.009999999776482582,2.358599901199341,0.19408570230007172,0.19408570230007172,0.0019408570369705558,2,3,6
2448,3752,3894,0.0,0.009999999776482582,1.4287713766098022,0.061253052204847336,0.061253052204847336,0.0006125305080786347,2,2,4
2449,3545,3894,0.0,0.009999999776482582,1.3295557498931885,0.04707939177751541,0.04707939177751541,0.00047079389332793653,2,2,4
2450,3429,3545,0.0,0.009999999776482582,1.0424083471298218,0.006058335304260254,0.006058335304260254,6.058335202396847e-05,2,2,4
2451,3124,3948,0.0,0.009999999776482582,2.2396233081817627,0.17708905041217804,0.17708905041217804,0.0017708904342725873,2,3,6
2452,3545,3948,0.0,0.009999999776482582,1.3679018020629883,0.05255740135908127,0.05255740135908127,0.0005255740252323449,2,2,4
2453,3425,3545,0.0,0.009999999776482582,1.0424083471298218,0.006058335304260254,0.006058335304260254,6.058335202396847e-05,2,2,4
2454,3782,3848,0.0,0.009999999776482582,3.0291638374328613,0.28988054394721985,0.28988054394721985,0.002898805309087038,2,4,8
2455,1101,3782,0.0,0.009999999776482582,1.2732338905334473,0.03903341293334961,0.03903341293334961,0.00039033411303535104,2,2,4
2456,1101,3848,0.0,0.009999999776482582,3.0291638374328613,0.28988054394721985,0.28988054394721985,0.002898805309087038,2,4,8
2457,1102,4456,0.0,0.009999999776482582,2.3531453609466553,0.19330647587776184,0.19330647587776184,0.001933064660988748,2,3,6
2458,1102,1103,0.0,0.009999999776482582,1.0845643281936646,0.012080618180334568,0.012080618180334568,0.00012080618034815416,2,2,4
2459,1103,1104,0.0,0.009999999776482582,1.1840227842330933,0.026288969442248344,0.026288969442248344,0.0002628896909300238,2,2,4
2460,1104,4456,0.0,0.009999999776482582,2.3531453609466553,0.19330647587776184,0.19330647587776184,0.001933064660988748,2,3,6
2461,1105,4456,0.0,0.009999999776482582,2.3531453609466553,0.19330647587776184,0.19330647587776184,0.001933064660988748,2,3,6
2462,1105,2899,0.0,0.009999999776482582,1.4642677307128906,0.06632395833730698,0.06632395833730698,0.0006632395670749247,2,2,4
2463,2899,4456,0.0,0.009999999776482582,2.3531453609466553,0.19330647587776184,0.19330647587776184,0.001933064660988748,2,3,6
2464,1106,2899,0.0,0.009999999776482582,1.2330156564712524,0.03328794986009598,0.03328794986009598,0.00033287948463112116,2,2,4
2465,1106,4456,0.0,0.009999999776482582,2.3531453609466553,0.19330647587776184,0.19330647587776184,0.001933064660988748,2,3,6
2466,1107,4456,0.0,0.009999999776482582,2.3531453609466553,0.19330647587776184,0.19330647587776184,0.001933064660988748,2,3,6
2467,1107,1108,0.0,0.009999999776482582,1.133979082107544,0.019139869138598442,0.019139869138598442,0.00019139869255013764,2,2,4
2468,1108,4456,0.0,0.009999999776482582,2.3531453609466553,0.19330647587776184,0.19330647587776184,0.001933064660988748,2,3,6
2469,1109,4002,0.0,0.009999999776482582,1.0184135437011719,0.0026305061765015125,0.0026305061765015125,2.6305060600861907e-05,2,2,4
2470,1109,3922,0.0,0.009999999776482582,1.079407811164856,0.011343972757458687,0.011343972757458687,0.00011343972437316552,2,2,4
2471,3227,3922,0.0,0.009999999776482582,1.079407811164856,0.011343972757458687,0.011343972757458687,0.00011343972437316552,2,2,4
2472,1110,3227,0.0,0.009999999776482582,1.0585988759994507,0.008371268399059772,0.008371268399059772,8.371267904294655e-05,2,2,4
2473,1110,4493,0.0,0.009999999776482582,1.0585988759994507,0.008371268399059772,0.008371268399059772,8.371267904294655e-05,2,2,4
2474,3227,4493,0.0,0.009999999776482582,1.0075193643569946,0.0010741949081420898,0.0010741949081420898,1.0741949154180475e-05,2,2,4
2475,1111,3227,0.0,0.009999999776482582,1.0027470588684082,0.0003924369812011719,0.0003924369812011719,3.92436959373299e-06,2,2,4
2476,1111,1112,0.0,0.009999999776482582,1.0374178886413574,0.005345412530004978,0.005345412530004978,5.345412500901148e-05,2,2,4
2477,1112,1113,0.0,0.009999999776482582,1.2343995571136475,0.03348565101623535,0.03348565101623535,0.0003348565078340471,2,2,4
2478,1113,1114,0.0,0.009999999776482582,1.2343995571136475,0.03348565101623535,0.03348565101623535,0.0003348565078340471,2,2,4
2479,1114,3227,0.0,0.009999999776482582,1.1440494060516357,0.02057848684489727,0.02057848684489727,0.0002057848614640534,2,2,4
2480,3272,4476,0.0,0.009999999776482582,1.2196093797683716,0.03137276694178581,0.03137276694178581,0.00031372765079140663,2,2,4
2481,1115,3272,0.0,0.009999999776482582,1.056915521621704,0.008130788803100586,0.008130788803100586,8.130788773996755e-05,2,2,4
2482,1115,4475,0.0,0.009999999776482582,1.0352394580841064,0.005034208297729492,0.005034208297729492,5.03420815221034e-05,2,2,4
2483,1116,4477,0.0,0.009999999776482582,2.727776527404785,0.2468252182006836,0.2468252182006836,0.0024682520888745785,2,3,6
2484,1116,1117,0.0,0.009999999776482582,1.8103468418121338,0.1157638356089592,0.1157638356089592,0.0011576383840292692,2,2,4
2485,1117,4477,0.0,0.009999999776482582,2.727776527404785,0.2468252182006836,0.2468252182006836,0.0024682520888745785,2,3,6
2486,1118,4477,0.0,0.009999999776482582,2.727776527404785,0.2468252182006836,0.2468252182006836,0.0024682520888745785,2,3,6
2487,1118,1119,0.0,0.009999999776482582,1.3596069812774658,0.051372427493333817,0.051372427493333817,0.0005137242842465639,2,2,4
2488,1119,4477,0.0,0.009999999776482582,2.727776527404785,0.2468252182006836,0.2468252182006836,0.0024682520888745785,2,3,6
2489,1120,4478,0.0,0.009999999776482582,1.4628764390945435,0.06612520664930344,0.06612520664930344,0.0006612520664930344,2,2,4
2490,1120,1121,0.0,0.009999999776482582,1.1460555791854858,0.02086508274078369,0.02086508274078369,0.00020865081751253456,2,2,4
2491,1121,1122,0.0,0.009999999776482582,1.2323418855667114,0.03319169953465462,0.03319169953465462,0.0003319169918540865,2,2,4
2492,1122,4478,0.0,0.009999999776482582,1.4628764390945435,0.06612520664930344,0.06612520664930344,0.0006612520664930344,2,2,4
2493,3120,3896,0.0,0.009999999776482582,5.087865829467773,0.5839808583259583,0.5839808583259583,0.005839808378368616,2,6,12
2494,1123,3896,0.0,0.009999999776482582,1.4526093006134033,0.06465847045183182,0.06465847045183182,0.0006465846672654152,2,2,4
2495,1123,3120,0.0,0.009999999776482582,5.087865829467773,0.5839808583259583,0.5839808583259583,0.005839808378368616,2,6,12
2496,1124,3645,0.0,0.009999999776482582,3.5183727741241455,0.35976752638816833,0.35976752638816833,0.003597675124183297,2,4,8
2497,1124,1125,0.0,0.009999999776482582,2.1980574131011963,0.1711510568857193,0.1711510568857193,0.0017115105874836445,2,3,6
2498,1125,3645,0.0,0.009999999776482582,3.5183727741241455,0.35976752638816833,0.35976752638816833,0.003597675124183297,2,4,8
2499,1126,3252,0.0,0.009999999776482582,5.835938930511475,0.6908484101295471,0.6908484101295471,0.006908483803272247,2,6,12
2500,1126,1127,0.0,0.009999999776482582,1.082483172416687,0.01178331021219492,0.01178331021219492,0.00011783310037571937,2,2,4
2501,1127,3252,0.0,0.009999999776482582,5.835938930511475,0.6908484101295471,0.6908484101295471,0.006908483803272247,2,6,12
2502,3210,3320,0.0,0.009999999776482582,1.2730844020843506,0.03901205584406853,0.03901205584406853,0.0003901205491274595,2,2,4
2503,3177,3320,1.0,1.0,1.6774234771728516,0.09677477926015854,0.09677477926015854,0.09677477926015854,5,2,10
2504,3177,3259,0.0,0.009999999776482582,1.6774234771728516,0.09677477926015854,0.09677477926015854,0.0009677477646619081,2,2,4
2505,3142,4195,0.0,0.009999999776482582,2.351139545440674,0.19301994144916534,0.19301994144916534,0.0019301993306726217,2,3,6
2506,1128,3142,0.0,0.009999999776482582,1.9958703517913818,0.14226719737052917,0.14226719737052917,0.0014226719504222274,2,2,4
2507,1128,3102,0.0,0.009999999776482582,1.5925798416137695,0.08465426415205002,0.08465426415205002,0.0008465426508337259,2,2,4
2508,3128,3320,0.0,0.009999999776482582,1.8325238227844238,0.11893197149038315,0.11893197149038315,0.0011893196497112513,2,2,4
2509,3102,3320,0.0,0.009999999776482582,1.5925798416137695,0.08465426415205002,0.08465426415205002,0.0008465426508337259,2,2,4
2510,3100,3913,0.0,0.009999999776482582,6.839209079742432,0.8341727256774902,0.8341727256774902,0.00834172684699297,2,7,14
2511,1129,3913,0.0,0.009999999776482582,2.0325374603271484,0.14750535786151886,0.14750535786151886,0.001475053490139544,2,3,6
2512,1129,3498,0.0,0.009999999776482582,2.212677001953125,0.1732395738363266,0.1732395738363266,0.0017323957290500402,2,3,6
2513,3498,3693,0.0,0.009999999776482582,2.212677001953125,0.1732395738363266,0.1732395738363266,0.0017323957290500402,2,3,6
2514,3696,3702,0.0,0.009999999776482582,2.062084197998047,0.15172632038593292,0.15172632038593292,0.0015172631246969104,2,3,6
2515,3693,3696,0.0,0.009999999776482582,2.0552995204925537,0.1507570743560791,0.1507570743560791,0.0015075707342475653,2,3,6
2516,3497,3693,0.0,0.009999999776482582,5.646668434143066,0.6638097763061523,0.6638097763061523,0.0066380975767970085,2,6,12
2517,1130,3100,0.0,0.009999999776482582,6.839209079742432,0.8341727256774902,0.8341727256774902,0.00834172684699297,2,7,14
2518,1130,3683,0.0,0.009999999776482582,2.0754878520965576,0.15364111959934235,0.15364111959934235,0.0015364111168310046,2,3,6
2519,3683,3893,0.0,0.009999999776482582,2.104670763015747,0.15781010687351227,0.15781010687351227,0.0015781010733917356,2,3,6
2520,1131,3893,0.0,0.009999999776482582,2.104670763015747,0.15781010687351227,0.15781010687351227,0.0015781010733917356,2,3,6
2521,1131,3771,0.0,0.009999999776482582,2.0204761028289795,0.14578230679035187,0.14578230679035187,0.001457823091186583,2,3,6
2522,1132,3771,0.0,0.009999999776482582,2.236114501953125,0.1765877902507782,0.1765877902507782,0.0017658778233453631,2,3,6
2523,1132,3497,0.0,0.009999999776482582,5.646668434143066,0.6638097763061523,0.6638097763061523,0.0066380975767970085,2,6,12
2524,3335,4479,0.0,0.009999999776482582,7.126559734344482,0.8752228021621704,0.8752228021621704,0.008752227760851383,2,8,16
2525,2900,4479,0.0,0.009999999776482582,1.2280429601669312,0.03257756680250168,0.03257756680250168,0.00032577564707025886,2,2,4
2526,1133,2900,0.0,0.009999999776482582,1.1726630926132202,0.024666156619787216,0.024666156619787216,0.0002466615696903318,2,2,4
2527,1133,1134,0.0,0.009999999776482582,1.092695713043213,0.013242244720458984,0.013242244720458984,0.00013242244313005358,2,2,4
2528,1134,3967,0.0,0.009999999776482582,1.0127116441726685,0.001815949217416346,0.001815949217416346,1.81594914465677e-05,2,2,4
2529,1135,3335,0.0,0.009999999776482582,7.126559734344482,0.8752228021621704,0.8752228021621704,0.008752227760851383,2,8,16
2530,1135,4479,0.0,0.009999999776482582,1.2280429601669312,0.03257756680250168,0.03257756680250168,0.00032577564707025886,2,2,4
2531,3967,4479,0.0,0.009999999776482582,1.2280429601669312,0.03257756680250168,0.03257756680250168,0.00032577564707025886,2,2,4
2532,1136,3967,0.0,0.009999999776482582,1.0773404836654663,0.011048640124499798,0.011048640124499798,0.00011048639862565324,2,2,4
2533,1136,1137,0.0,0.009999999776482582,1.0954195261001587,0.013631360605359077,0.013631360605359077,0.00013631359615828842,2,2,4
2534,1137,2900,0.0,0.009999999776482582,1.1726630926132202,0.024666156619787216,0.024666156619787216,0.0002466615696903318,2,2,4
2535,2900,3967,0.0,0.009999999776482582,1.1726630926132202,0.024666156619787216,0.024666156619787216,0.0002466615696903318,2,2,4
2536,1138,3967,0.0,0.009999999776482582,1.0415797233581543,0.005939960479736328,0.005939960479736328,5.939960465184413e-05,2,2,4
2537,1138,3899,0.0,0.009999999776482582,1.2563576698303223,0.03662252426147461,0.03662252426147461,0.00036622522748075426,2,2,4
2538,1139,3899,0.0,0.009999999776482582,1.3987922668457031,0.056970324367284775,0.056970324367284775,0.0005697032320313156,2,2,4
2539,1139,4479,0.0,0.009999999776482582,1.3987922668457031,0.056970324367284775,0.056970324367284775,0.0005697032320313156,2,2,4
2540,1140,4479,0.0,0.009999999776482582,1.2280429601669312,0.03257756680250168,0.03257756680250168,0.00032577564707025886,2,2,4
2541,1140,1141,0.0,0.009999999776482582,2.1069979667663574,0.1581425666809082,0.1581425666809082,0.0015814256621524692,2,3,6
2542,1141,1142,0.0,0.009999999776482582,2.1069979667663574,0.1581425666809082,0.1581425666809082,0.0015814256621524692,2,3,6
2543,1142,4479,0.0,0.009999999776482582,1.5164413452148438,0.07377733290195465,0.07377733290195465,0.0007377733127214015,2,2,4
2544,1143,4479,0.0,0.009999999776482582,1.2280429601669312,0.03257756680250168,0.03257756680250168,0.00032577564707025886,2,2,4
2545,1143,3899,0.0,0.009999999776482582,1.2563576698303223,0.03662252426147461,0.03662252426147461,0.00036622522748075426,2,2,4
2546,1144,3899,0.0,0.009999999776482582,1.2563576698303223,0.03662252426147461,0.03662252426147461,0.00036622522748075426,2,2,4
2547,1144,1145,0.0,0.009999999776482582,1.3343843221664429,0.04776918888092041,0.04776918888092041,0.00047769187949597836,2,2,4
2548,1145,4332,0.0,0.009999999776482582,1.3343843221664429,0.04776918888092041,0.04776918888092041,0.00047769187949597836,2,2,4
2549,3899,4332,0.0,0.009999999776482582,1.2563576698303223,0.03662252426147461,0.03662252426147461,0.00036622522748075426,2,2,4
2550,3899,4479,0.0,0.009999999776482582,1.2563576698303223,0.03662252426147461,0.03662252426147461,0.00036622522748075426,2,2,4
2551,1146,4479,0.0,0.009999999776482582,1.2280429601669312,0.03257756680250168,0.03257756680250168,0.00032577564707025886,2,2,4
2552,1146,3335,0.0,0.009999999776482582,7.126559734344482,0.8752228021621704,0.8752228021621704,0.008752227760851383,2,8,16
2553,1147,4480,0.0,0.009999999776482582,1.7208716869354248,0.10298167169094086,0.10298167169094086,0.0010298166889697313,2,2,4
2554,1148,4480,0.0,0.009999999776482582,2.208890438079834,0.17269863188266754,0.17269863188266754,0.001726986258290708,2,3,6
2555,1148,1149,0.0,0.009999999776482582,2.208890438079834,0.17269863188266754,0.17269863188266754,0.001726986258290708,2,3,6
2556,1149,4480,0.0,0.009999999776482582,1.7208716869354248,0.10298167169094086,0.10298167169094086,0.0010298166889697313,2,2,4
2557,4480,4481,0.4999999701976776,0.5049999952316284,1.8682899475097656,0.12404142320156097,0.12404142320156097,0.06264092028141022,5,2,10
2558,1150,4481,0.0,0.009999999776482582,1.8682899475097656,0.12404142320156097,0.12404142320156097,0.0012404142180457711,2,2,4
2559,1151,4481,0.0,0.009999999776482582,1.8682899475097656,0.12404142320156097,0.12404142320156097,0.0012404142180457711,2,2,4
2560,1151,4480,0.0,0.009999999776482582,1.7208716869354248,0.10298167169094086,0.10298167169094086,0.0010298166889697313,2,2,4
2561,1152,4481,0.0,0.009999999776482582,1.9602620601654053,0.13718029856681824,0.13718029856681824,0.0013718029949814081,2,2,4
2562,1152,4480,0.0,0.009999999776482582,1.9602620601654053,0.13718029856681824,0.13718029856681824,0.0013718029949814081,2,2,4
2563,3158,4480,0.0,0.009999999776482582,1.8441568613052368,0.1205938383936882,0.1205938383936882,0.0012059384025633335,2,2,4
2564,1153,4311,0.0,0.009999999776482582,2.8008952140808105,0.2572707533836365,0.2572707533836365,0.0025727073661983013,2,3,6
2565,1153,1154,0.0,0.009999999776482582,3.150175094604492,0.3071678578853607,0.3071678578853607,0.0030716785695403814,2,4,8
2566,1154,4311,0.0,0.009999999776482582,3.150175094604492,0.3071678578853607,0.3071678578853607,0.0030716785695403814,2,4,8
2567,1155,3117,0.0,0.009999999776482582,6.122890949249268,0.7318415641784668,0.7318415641784668,0.007318415679037571,2,7,14
2568,1155,3170,0.0,0.009999999776482582,1.6864655017852783,0.09806650131940842,0.09806650131940842,0.0009806649759411812,2,2,4
2569,3117,3170,0.0,0.009999999776482582,6.122890949249268,0.7318415641784668,0.7318415641784668,0.007318415679037571,2,7,14
2570,1156,4482,0.0,0.009999999776482582,1.4490303993225098,0.06414719671010971,0.06414719671010971,0.0006414719391614199,2,2,4
2571,3475,4482,0.4999999701976776,0.5049999952316284,6.79606294631958,0.8280090093612671,0.8280090093612671,0.418144553899765,5,7,35
2572,2901,3475,0.0,0.009999999776482582,6.79606294631958,0.8280090093612671,0.8280090093612671,0.008280090056359768,2,7,14
2573,2901,4482,0.0,0.009999999776482582,1.1030206680297852,0.014717238023877144,0.014717238023877144,0.00014717238082084805,2,2,4
2574,1157,3475,0.0,0.009999999776482582,6.79606294631958,0.8280090093612671,0.8280090093612671,0.008280090056359768,2,7,14
2575,1157,1158,0.0,0.009999999776482582,1.0398272275924683,0.005689603742212057,0.005689603742212057,5.689603494829498e-05,2,2,4
2576,1158,1159,0.0,0.009999999776482582,1.107595443725586,0.015370777808129787,0.015370777808129787,0.00015370777691714466,2,2,4
2577,1159,2902,0.0,0.009999999776482582,1.302869439125061,0.04326706379652023,0.04326706379652023,0.00043267064029350877,2,2,4
2578,2901,2902,0.0,0.009999999776482582,1.302869439125061,0.04326706379652023,0.04326706379652023,0.00043267064029350877,2,2,4
2579,2904,3497,0.4999999701976776,0.5049999952316284,5.646668434143066,0.6638097763061523,0.6638097763061523,0.3352239429950714,5,6,30
2580,1160,2904,0.0,0.009999999776482582,1.960507869720459,0.13721540570259094,0.13721540570259094,0.0013721539871767163,2,2,4
2581,1160,3765,0.0,0.009999999776482582,3.1496989727020264,0.307099848985672,0.307099848985672,0.0030709984712302685,2,4,8
2582,1161,3765,0.0,0.009999999776482582,3.1496989727020264,0.307099848985672,0.307099848985672,0.0030709984712302685,2,4,8
2583,1161,2905,0.0,0.009999999776482582,2.133918046951294,0.1619882881641388,0.1619882881641388,0.001619882881641388,2,3,6
2584,2905,2906,0.0,0.009999999776482582,1.3374890089035034,0.04821271449327469,0.04821271449327469,0.00048212712863460183,2,2,4
2585,2906,3208,0.0,0.009999999776482582,6.996101379394531,0.8565859198570251,0.8565859198570251,0.00856585893779993,2,7,14
2586,3497,3767,0.0,0.009999999776482582,5.646668434143066,0.6638097763061523,0.6638097763061523,0.0066380975767970085,2,6,12
2587,1162,3767,0.0,0.009999999776482582,1.5801955461502075,0.08288507908582687,0.08288507908582687,0.000828850781545043,2,2,4
2588,1162,1163,0.0,0.009999999776482582,1.063353180885315,0.009050454013049603,0.009050454013049603,9.050453809322789e-05,2,2,4
2589,1163,1164,0.0,0.009999999776482582,1.1370519399642944,0.019578848034143448,0.019578848034143448,0.0001957884815055877,2,2,4
2590,1164,2903,0.0,0.009999999776482582,1.4895977973937988,0.06994254142045975,0.06994254142045975,0.0006994254072196782,2,2,4
2591,2903,3208,0.0,0.009999999776482582,6.996101379394531,0.8565859198570251,0.8565859198570251,0.00856585893779993,2,7,14
2592,1165,3208,0.0,0.009999999776482582,6.996101379394531,0.8565859198570251,0.8565859198570251,0.00856585893779993,2,7,14
2593,1165,4483,0.0,0.009999999776482582,1.7183488607406616,0.10262126475572586,0.10262126475572586,0.0010262125870212913,2,2,4
2594,3902,4483,0.0,0.009999999776482582,1.2478289604187012,0.03540413826704025,0.03540413826704025,0.00035404137452133,2,2,4
2595,1166,3902,0.0,0.009999999776482582,1.1172951459884644,0.01675644889473915,0.01675644889473915,0.0001675644889473915,2,2,4
2596,1166,1167,0.0,0.009999999776482582,1.060750961303711,0.008678709156811237,0.008678709156811237,8.678709127707407e-05,2,2,4
2597,1167,4483,0.0,0.009999999776482582,1.2478289604187012,0.03540413826704025,0.03540413826704025,0.00035404137452133,2,2,4
2598,2906,4483,0.0,0.009999999776482582,1.3374890089035034,0.04821271449327469,0.04821271449327469,0.00048212712863460183,2,2,4
2599,1168,2906,0.0,0.009999999776482582,1.5825068950653076,0.08321527391672134,0.08321527391672134,0.0008321527275256813,2,2,4
2600,1168,2905,0.0,0.009999999776482582,1.5825068950653076,0.08321527391672134,0.08321527391672134,0.0008321527275256813,2,2,4
2601,2905,3497,0.0,0.009999999776482582,5.646668434143066,0.6638097763061523,0.6638097763061523,0.0066380975767970085,2,6,12
2602,1169,2904,0.0,0.009999999776482582,1.960507869720459,0.13721540570259094,0.13721540570259094,0.0013721539871767163,2,2,4
2603,1169,3100,0.0,0.009999999776482582,6.839209079742432,0.8341727256774902,0.8341727256774902,0.00834172684699297,2,7,14
2604,3782,4003,1.0,1.0,4.180234909057617,0.4543192684650421,0.4543192684650421,0.4543192684650421,5,5,25
2605,1170,3782,0.0,0.009999999776482582,2.013681650161743,0.14481166005134583,0.14481166005134583,0.0014481166144832969,2,3,6
2606,1170,1171,0.0,0.009999999776482582,2.013681650161743,0.14481166005134583,0.14481166005134583,0.0014481166144832969,2,3,6
2607,1171,4003,0.0,0.009999999776482582,4.180234909057617,0.4543192684650421,0.4543192684650421,0.004543192684650421,2,5,10
2608,3159,3782,1.0,1.0,1.5667881965637207,0.08096974343061447,0.08096974343061447,0.08096974343061447,5,2,10
2609,3782,3975,0.0,0.009999999776482582,2.016010046005249,0.1451442986726761,0.1451442986726761,0.0014514429494738579,2,3,6
2610,3159,4003,0.0,0.009999999776482582,4.180234909057617,0.4543192684650421,0.4543192684650421,0.004543192684650421,2,5,10
2611,1172,3113,0.0,0.009999999776482582,1.0147870779037476,0.002112439600750804,0.002112439600750804,2.112439506163355e-05,2,2,4
2612,1172,1173,0.0,0.009999999776482582,1.0144522190093994,0.002064602682366967,0.002064602682366967,2.064602631435264e-05,2,2,4
2613,1173,3113,0.0,0.009999999776482582,1.0147870779037476,0.002112439600750804,0.002112439600750804,2.112439506163355e-05,2,2,4
2614,1174,3113,0.0,0.009999999776482582,1.0147870779037476,0.002112439600750804,0.002112439600750804,2.112439506163355e-05,2,2,4
2615,1174,1175,0.0,0.009999999776482582,1.0084354877471924,0.001205069711431861,0.001205069711431861,1.2050696568621788e-05,2,2,4
2616,1175,3263,0.0,0.009999999776482582,1.2862355709075928,0.04089079424738884,0.04089079424738884,0.00040890794480219483,2,2,4
2617,1176,3822,0.0,0.009999999776482582,2.125114679336548,0.16073067486286163,0.16073067486286163,0.0016073067672550678,2,3,6
2618,1176,1177,0.0,0.009999999776482582,3.11637544631958,0.3023393452167511,0.3023393452167511,0.003023393452167511,2,4,8
2619,1177,3822,0.0,0.009999999776482582,3.11637544631958,0.3023393452167511,0.3023393452167511,0.003023393452167511,2,4,8
2620,3906,4484,0.4999999701976776,0.5049999952316284,1.9090018272399902,0.1298574060201645,0.1298574060201645,0.06557799130678177,5,2,10
2621,2907,3906,0.0,0.009999999776482582,2.52851939201355,0.21835991740226746,0.21835991740226746,0.002183599164709449,2,3,6
2622,2907,4484,0.0,0.009999999776482582,2.52851939201355,0.21835991740226746,0.21835991740226746,0.002183599164709449,2,3,6
2623,1178,3335,0.0,0.009999999776482582,7.126559734344482,0.8752228021621704,0.8752228021621704,0.008752227760851383,2,8,16
2624,1178,3905,0.0,0.009999999776482582,1.960575819015503,0.13722512125968933,0.13722512125968933,0.0013722511939704418,2,2,4
2625,2907,3905,0.0,0.009999999776482582,2.52851939201355,0.21835991740226746,0.21835991740226746,0.002183599164709449,2,3,6
2626,1179,2907,0.0,0.009999999776482582,2.52851939201355,0.21835991740226746,0.21835991740226746,0.002183599164709449,2,3,6
2627,1179,4484,0.0,0.009999999776482582,1.9090018272399902,0.1298574060201645,0.1298574060201645,0.0012985740322619677,2,2,4
2628,3905,4484,0.4999999701976776,0.5049999952316284,1.960575819015503,0.13722512125968933,0.13722512125968933,0.06929868459701538,5,2,10
2629,3905,4485,0.0,0.009999999776482582,2.355618476867676,0.19365978240966797,0.19365978240966797,0.0019365977495908737,2,3,6
2630,3906,4485,0.0,0.009999999776482582,2.355618476867676,0.19365978240966797,0.19365978240966797,0.0019365977495908737,2,3,6
2631,3906,4486,0.4999999701976776,0.5049999952316284,1.8037030696868896,0.11481472104787827,0.11481472104787827,0.05798143520951271,5,2,10
2632,4484,4486,1.0,1.0,1.9090018272399902,0.1298574060201645,0.1298574060201645,0.1298574060201645,5,2,10
2633,1180,3156,0.0,0.009999999776482582,2.7894608974456787,0.2556372582912445,0.2556372582912445,0.002556372433900833,2,3,6
2634,1180,3905,0.0,0.009999999776482582,2.7894608974456787,0.2556372582912445,0.2556372582912445,0.002556372433900833,2,3,6
2635,1181,3905,0.0,0.009999999776482582,3.369127035140991,0.338446706533432,0.338446706533432,0.0033844669815152884,2,4,8
2636,1181,4486,0.0,0.009999999776482582,3.369127035140991,0.338446706533432,0.338446706533432,0.0033844669815152884,2,4,8
2637,1182,3554,0.0,0.009999999776482582,2.352172613143921,0.1931675225496292,0.1931675225496292,0.0019316751277074218,2,3,6
2638,1182,3370,0.0,0.009999999776482582,2.686471462249756,0.24092449247837067,0.24092449247837067,0.0024092448875308037,2,3,6
2639,1183,3370,0.0,0.009999999776482582,2.686471462249756,0.24092449247837067,0.24092449247837067,0.0024092448875308037,2,3,6
2640,1183,3554,0.0,0.009999999776482582,1.7317039966583252,0.10452914237976074,0.10452914237976074,0.0010452914284542203,2,2,4
2641,1184,3131,0.0,0.009999999776482582,2.6015067100524902,0.2287866771221161,0.2287866771221161,0.0022878667805343866,2,3,6
2642,1184,1185,0.0,0.009999999776482582,2.6641292572021484,0.23773275315761566,0.23773275315761566,0.0023773275315761566,2,3,6
2643,1185,3460,0.0,0.009999999776482582,2.6641292572021484,0.23773275315761566,0.23773275315761566,0.0023773275315761566,2,3,6
2644,1186,3460,0.0,0.009999999776482582,2.538694143295288,0.21981345117092133,0.21981345117092133,0.0021981345489621162,2,3,6
2645,1186,1187,0.0,0.009999999776482582,2.975739002227783,0.28224843740463257,0.28224843740463257,0.002822484355419874,2,3,6
2646,1187,3460,0.0,0.009999999776482582,2.975739002227783,0.28224843740463257,0.28224843740463257,0.002822484355419874,2,3,6
2647,1188,3093,0.0,0.009999999776482582,1.5736145973205566,0.08194494247436523,0.08194494247436523,0.0008194494294002652,2,2,4
2648,1188,1189,0.0,0.009999999776482582,1.0283406972885132,0.00404867110773921,0.00404867110773921,4.048670962220058e-05,2,2,4
2649,1189,1190,0.0,0.009999999776482582,1.0226786136627197,0.0032398018520325422,0.0032398018520325422,3.239801662857644e-05,2,2,4
2650,1190,1191,0.0,0.009999999776482582,1.2973777055740356,0.04248252883553505,0.04248252883553505,0.00042482526623643935,2,2,4
2651,1191,1192,0.0,0.009999999776482582,1.2973777055740356,0.04248252883553505,0.04248252883553505,0.00042482526623643935,2,2,4
2652,1192,1193,0.0,0.009999999776482582,1.1141605377197266,0.016308648511767387,0.016308648511767387,0.0001630864862818271,2,2,4
2653,1193,1194,0.0,0.009999999776482582,1.1142666339874268,0.01632380485534668,0.01632380485534668,0.00016323804447893053,2,2,4
2654,1194,1195,0.0,0.009999999776482582,1.1142666339874268,0.01632380485534668,0.01632380485534668,0.00016323804447893053,2,2,4
2655,2908,3788,0.0,0.009999999776482582,1.4848028421401978,0.06925754994153976,0.06925754994153976,0.0006925754714757204,2,2,4
2656,1196,2908,0.0,0.009999999776482582,1.6020722389221191,0.08601032197475433,0.08601032197475433,0.0008601031731814146,2,2,4
2657,1196,1197,0.0,0.009999999776482582,1.6020722389221191,0.08601032197475433,0.08601032197475433,0.0008601031731814146,2,2,4
2658,1197,1198,0.0,0.009999999776482582,1.0844149589538574,0.012059279717504978,0.012059279717504978,0.00012059279106324539,2,2,4
2659,1198,4280,0.0,0.009999999776482582,1.0895347595214844,0.012790679931640625,0.012790679931640625,0.00012790679465979338,2,2,4
2660,1199,3100,0.0,0.009999999776482582,6.839209079742432,0.8341727256774902,0.8341727256774902,0.00834172684699297,2,7,14
2661,1199,1200,0.0,0.009999999776482582,1.2831459045410156,0.040449414402246475,0.040449414402246475,0.00040449414518661797,2,2,4
2662,1200,3788,0.0,0.009999999776482582,1.4848028421401978,0.06925754994153976,0.06925754994153976,0.0006925754714757204,2,2,4
2663,1201,3275,0.0,0.009999999776482582,1.1236929893493652,0.01767042651772499,0.01767042651772499,0.00017670425586402416,2,2,4
2664,1201,1202,0.0,0.009999999776482582,1.1251789331436157,0.017882704734802246,0.017882704734802246,0.00017882704560179263,2,2,4
2665,1202,1203,0.0,0.009999999776482582,1.2151473760604858,0.03073533996939659,0.03073533996939659,0.00030735338805243373,2,2,4
2666,1203,3788,0.0,0.009999999776482582,1.4848028421401978,0.06925754994153976,0.06925754994153976,0.0006925754714757204,2,2,4
2667,3335,3606,0.0,0.009999999776482582,7.126559734344482,0.8752228021621704,0.8752228021621704,0.008752227760851383,2,8,16
2668,1204,3606,0.0,0.009999999776482582,1.272578477859497,0.03893978148698807,0.03893978148698807,0.00038939781370572746,2,2,4
2669,1204,3335,0.0,0.009999999776482582,7.126559734344482,0.8752228021621704,0.8752228021621704,0.008752227760851383,2,8,16
2670,4487,4488,0.0,0.009999999776482582,1.2212116718292236,0.031601667404174805,0.031601667404174805,0.00031601666705682874,2,2,4
2671,1205,4487,0.0,0.009999999776482582,1.4402929544448853,0.06289899349212646,0.06289899349212646,0.0006289899465627968,2,2,4
2672,1205,1206,0.0,0.009999999776482582,1.4402929544448853,0.06289899349212646,0.06289899349212646,0.0006289899465627968,2,2,4
2673,1206,3606,0.0,0.009999999776482582,1.334093451499939,0.047727636992931366,0.047727636992931366,0.00047727636410854757,2,2,4
2674,3606,4488,0.0,0.009999999776482582,1.272578477859497,0.03893978148698807,0.03893978148698807,0.00038939781370572746,2,2,4
2675,2909,4488,0.0,0.009999999776482582,1.2212116718292236,0.031601667404174805,0.031601667404174805,0.00031601666705682874,2,2,4
2676,2909,4487,0.0,0.009999999776482582,1.0612223148345947,0.008746044710278511,0.008746044710278511,8.746044477447867e-05,2,2,4
2677,1207,4487,0.0,0.009999999776482582,1.0612223148345947,0.008746044710278511,0.008746044710278511,8.746044477447867e-05,2,2,4
2678,1207,1208,0.0,0.009999999776482582,1.0611804723739624,0.008740067481994629,0.008740067481994629,8.740067278267816e-05,2,2,4
2679,1208,4488,0.0,0.009999999776482582,1.2212116718292236,0.031601667404174805,0.031601667404174805,0.00031601666705682874,2,2,4
2680,1209,3335,0.0,0.009999999776482582,7.126559734344482,0.8752228021621704,0.8752228021621704,0.008752227760851383,2,8,16
2681,1209,1210,0.0,0.009999999776482582,1.1340383291244507,0.019148332998156548,0.019148332998156548,0.00019148332648910582,2,2,4
2682,1210,3335,0.0,0.009999999776482582,7.126559734344482,0.8752228021621704,0.8752228021621704,0.008752227760851383,2,8,16
2683,2910,4488,0.0,0.009999999776482582,4.124632358551025,0.4463760554790497,0.4463760554790497,0.004463760647922754,2,5,10
2684,1211,2910,0.0,0.009999999776482582,4.124632358551025,0.4463760554790497,0.4463760554790497,0.004463760647922754,2,5,10
2685,1211,4487,0.0,0.009999999776482582,1.0986368656158447,0.014090980403125286,0.014090980403125286,0.00014090980403125286,2,2,4
2686,1212,4487,0.0,0.009999999776482582,1.0730419158935547,0.010434559546411037,0.010434559546411037,0.00010434559226268902,2,2,4
2687,1212,3335,0.0,0.009999999776482582,7.126559734344482,0.8752228021621704,0.8752228021621704,0.008752227760851383,2,8,16
2688,1213,4488,0.0,0.009999999776482582,3.0186386108398438,0.28837695717811584,0.28837695717811584,0.0028837695717811584,2,4,8
2689,1213,2911,0.0,0.009999999776482582,3.0186386108398438,0.28837695717811584,0.28837695717811584,0.0028837695717811584,2,4,8
2690,2911,3335,0.0,0.009999999776482582,7.126559734344482,0.8752228021621704,0.8752228021621704,0.008752227760851383,2,8,16
2691,2911,4488,0.0,0.009999999776482582,1.2985031604766846,0.04264330863952637,0.04264330863952637,0.00042643307824619114,2,2,4
2692,1214,2911,0.0,0.009999999776482582,1.2985031604766846,0.04264330863952637,0.04264330863952637,0.00042643307824619114,2,2,4
2693,1214,1215,0.0,0.009999999776482582,1.0607898235321045,0.00868426077067852,0.00868426077067852,8.684260683367029e-05,2,2,4
2694,1215,4487,0.0,0.009999999776482582,1.0612223148345947,0.008746044710278511,0.008746044710278511,8.746044477447867e-05,2,2,4
2695,3806,4487,0.0,0.009999999776482582,1.0703359842300415,0.01004799734801054,0.01004799734801054,0.00010047997056972235,2,2,4
2696,1216,3606,0.0,0.009999999776482582,1.272578477859497,0.03893978148698807,0.03893978148698807,0.00038939781370572746,2,2,4
2697,1216,4488,0.0,0.009999999776482582,1.2212116718292236,0.031601667404174805,0.031601667404174805,0.00031601666705682874,2,2,4
2698,3335,3911,0.0,0.009999999776482582,7.126559734344482,0.8752228021621704,0.8752228021621704,0.008752227760851383,2,8,16
2699,1217,3911,0.0,0.009999999776482582,1.600992202758789,0.08585602790117264,0.08585602790117264,0.0008585602627135813,2,2,4
2700,1217,3335,0.0,0.009999999776482582,7.126559734344482,0.8752228021621704,0.8752228021621704,0.008752227760851383,2,8,16
2701,3335,4491,0.4999999701976776,0.5049999952316284,7.126559734344482,0.8752228021621704,0.8752228021621704,0.4419875144958496,5,8,40
2702,1218,4491,0.0,0.009999999776482582,2.2523932456970215,0.17891332507133484,0.17891332507133484,0.0017891331808641553,2,3,6
2703,1218,3335,0.0,0.009999999776482582,7.126559734344482,0.8752228021621704,0.8752228021621704,0.008752227760851383,2,8,16
2704,1219,3335,0.0,0.009999999776482582,7.126559734344482,0.8752228021621704,0.8752228021621704,0.008752227760851383,2,8,16
2705,1219,2913,0.0,0.009999999776482582,1.8762789964675903,0.12518271803855896,0.12518271803855896,0.0012518271105363965,2,2,4
2706,2913,2914,0.4999999701976776,0.5049999952316284,1.8762789964675903,0.12518271803855896,0.12518271803855896,0.06321727484464645,5,2,10
2707,2914,3335,0.4999999701976776,0.5049999952316284,7.126559734344482,0.8752228021621704,0.8752228021621704,0.4419875144958496,5,8,40
2708,1220,3335,0.0,0.009999999776482582,7.126559734344482,0.8752228021621704,0.8752228021621704,0.008752227760851383,2,8,16
2709,1220,4491,0.0,0.009999999776482582,1.1654508113861084,0.023635830730199814,0.023635830730199814,0.0002363583043916151,2,2,4
2710,4490,4491,0.0,0.009999999776482582,1.0716744661331177,0.010239209048449993,0.010239209048449993,0.00010239208495477214,2,2,4
2711,3335,4490,0.4999999701976776,0.5049999952316284,7.126559734344482,0.8752228021621704,0.8752228021621704,0.4419875144958496,5,8,40
2712,1221,3848,0.0,0.009999999776482582,3.0291638374328613,0.28988054394721985,0.28988054394721985,0.002898805309087038,2,4,8
2713,1221,2912,0.0,0.009999999776482582,1.3737763166427612,0.053396616131067276,0.053396616131067276,0.0005339661729522049,2,2,4
2714,2912,3335,0.0,0.009999999776482582,7.126559734344482,0.8752228021621704,0.8752228021621704,0.008752227760851383,2,8,16
2715,3335,4489,0.0,0.009999999776482582,7.126559734344482,0.8752228021621704,0.8752228021621704,0.008752227760851383,2,8,16
2716,4489,4490,0.0,0.009999999776482582,1.0697604417800903,0.009965777397155762,0.009965777397155762,9.96577728074044e-05,2,2,4
2717,2913,3186,0.0,0.009999999776482582,4.555845260620117,0.5079779028892517,0.5079779028892517,0.005079778842628002,2,5,10
2718,1222,3335,0.0,0.009999999776482582,7.126559734344482,0.8752228021621704,0.8752228021621704,0.008752227760851383,2,8,16
2719,1222,1223,0.0,0.009999999776482582,1.3239549398422241,0.04627927765250206,0.04627927765250206,0.00046279275557026267,2,2,4
2720,1223,3335,0.0,0.009999999776482582,7.126559734344482,0.8752228021621704,0.8752228021621704,0.008752227760851383,2,8,16
2721,1224,4134,0.0,0.009999999776482582,1.110379695892334,0.01576852798461914,0.01576852798461914,0.00015768528101034462,2,2,4
2722,1224,1225,0.0,0.009999999776482582,1.0805394649505615,0.011505638249218464,0.011505638249218464,0.00011505637667141855,2,2,4
2723,1225,4134,0.0,0.009999999776482582,1.110379695892334,0.01576852798461914,0.01576852798461914,0.00015768528101034462,2,2,4
2724,3252,4493,0.4999999701976776,0.5049999952316284,5.835938930511475,0.6908484101295471,0.6908484101295471,0.3488784432411194,5,6,30
2725,1226,4493,0.0,0.009999999776482582,1.0736206769943237,0.010517239570617676,0.010517239570617676,0.00010517239570617676,2,2,4
2726,1226,3252,0.0,0.009999999776482582,5.835938930511475,0.6908484101295471,0.6908484101295471,0.006908483803272247,2,6,12
2727,1227,3252,0.0,0.009999999776482582,5.835938930511475,0.6908484101295471,0.6908484101295471,0.006908483803272247,2,6,12
2728,1227,1228,0.0,0.009999999776482582,1.1315516233444214,0.01879308931529522,0.01879308931529522,0.00018793088383972645,2,2,4
2729,1228,3252,0.0,0.009999999776482582,5.835938930511475,0.6908484101295471,0.6908484101295471,0.006908483803272247,2,6,12
2730,1229,4493,0.0,0.009999999776482582,1.1797901391983032,0.025684306398034096,0.025684306398034096,0.00025684305001050234,2,2,4
2731,1229,1230,0.0,0.009999999776482582,1.1797901391983032,0.025684306398034096,0.025684306398034096,0.00025684305001050234,2,2,4
2732,1230,3252,0.0,0.009999999776482582,5.835938930511475,0.6908484101295471,0.6908484101295471,0.006908483803272247,2,6,12
2733,2915,3100,0.0,0.009999999776482582,6.839209079742432,0.8341727256774902,0.8341727256774902,0.00834172684699297,2,7,14
2734,1231,2915,0.0,0.009999999776482582,1.346154808998108,0.04945068806409836,0.04945068806409836,0.0004945068503729999,2,2,4
2735,1231,3252,0.0,0.009999999776482582,5.835938930511475,0.6908484101295471,0.6908484101295471,0.006908483803272247,2,6,12
2736,3198,3912,0.0,0.009999999776482582,6.814609527587891,0.830658495426178,0.830658495426178,0.008306584320962429,2,7,14
2737,3691,3912,0.0,0.009999999776482582,1.8700015544891357,0.12428593635559082,0.12428593635559082,0.0012428592890501022,2,2,4
2738,3691,3693,0.0,0.009999999776482582,2.0054023265838623,0.14362891018390656,0.14362891018390656,0.001436289050616324,2,3,6
2739,1232,3198,0.0,0.009999999776482582,6.814609527587891,0.830658495426178,0.830658495426178,0.008306584320962429,2,7,14
2740,1232,1233,0.0,0.009999999776482582,1.9524445533752441,0.13606350123882294,0.13606350123882294,0.0013606349239125848,2,2,4
2741,1233,3100,0.0,0.009999999776482582,6.839209079742432,0.8341727256774902,0.8341727256774902,0.00834172684699297,2,7,14
2742,1234,3100,0.0,0.009999999776482582,6.839209079742432,0.8341727256774902,0.8341727256774902,0.00834172684699297,2,7,14
2743,1234,3698,0.0,0.009999999776482582,2.117445945739746,0.15963514149188995,0.15963514149188995,0.0015963513869792223,2,3,6
2744,3686,3913,0.0,0.009999999776482582,2.1371028423309326,0.16244326531887054,0.16244326531887054,0.0016244326252490282,2,3,6
2745,3100,3686,0.4999999701976776,0.5049999952316284,6.839209079742432,0.8341727256774902,0.8341727256774902,0.42125722765922546,5,7,35
2746,3683,3693,0.0,0.009999999776482582,2.0328216552734375,0.1475459486246109,0.1475459486246109,0.0014754594303667545,2,3,6
2747,3096,3693,0.0,0.009999999776482582,2.0054023265838623,0.14362891018390656,0.14362891018390656,0.001436289050616324,2,3,6
2748,3096,3198,0.0,0.009999999776482582,6.814609527587891,0.830658495426178,0.830658495426178,0.008306584320962429,2,7,14
2749,1235,2916,0.0,0.009999999776482582,1.761955738067627,0.10885082185268402,0.10885082185268402,0.0010885081719607115,2,2,4
2750,1235,3991,0.0,0.009999999776482582,1.761955738067627,0.10885082185268402,0.10885082185268402,0.0010885081719607115,2,2,4
2751,3335,3991,0.4999999701976776,0.5049999952316284,7.126559734344482,0.8752228021621704,0.8752228021621704,0.4419875144958496,5,8,40
2752,1236,3991,0.0,0.009999999776482582,1.8570597171783447,0.12243710458278656,0.12243710458278656,0.0012243710225448012,2,2,4
2753,1236,3335,0.0,0.009999999776482582,7.126559734344482,0.8752228021621704,0.8752228021621704,0.008752227760851383,2,8,16
2754,3126,3560,0.0,0.009999999776482582,1.8552054166793823,0.12217219918966293,0.12217219918966293,0.0012217219918966293,2,2,4
2755,1237,3560,0.0,0.009999999776482582,2.011422634124756,0.14448894560337067,0.14448894560337067,0.0014448894653469324,2,3,6
2756,1237,3271,0.0,0.009999999776482582,2.7419676780700684,0.24885252118110657,0.24885252118110657,0.002488525118678808,2,3,6
2757,1238,4494,0.0,0.009999999776482582,1.7858233451843262,0.11226047575473785,0.11226047575473785,0.001122604706324637,2,2,4
2758,1238,1239,0.0,0.009999999776482582,1.7858233451843262,0.11226047575473785,0.11226047575473785,0.001122604706324637,2,2,4
2759,1239,1240,0.0,0.009999999776482582,1.58882474899292,0.0841178223490715,0.0841178223490715,0.0008411782328039408,2,2,4
2760,1240,4494,0.0,0.009999999776482582,1.7754114866256714,0.11077307164669037,0.11077307164669037,0.001107730669900775,2,2,4
2761,1241,4003,0.0,0.009999999776482582,4.180234909057617,0.4543192684650421,0.4543192684650421,0.004543192684650421,2,5,10
2762,1241,3916,0.0,0.009999999776482582,2.5643579959869385,0.2234797179698944,0.2234797179698944,0.002234797226265073,2,3,6
2763,3916,4003,0.0,0.009999999776482582,4.180234909057617,0.4543192684650421,0.4543192684650421,0.004543192684650421,2,5,10
2764,2917,3879,0.4999999701976776,0.5049999952316284,1.5281157493591309,0.07544510811567307,0.07544510811567307,0.038099780678749084,5,2,10
2765,2918,3879,0.0,0.009999999776482582,1.9961919784545898,0.1423131376504898,0.1423131376504898,0.0014231313252821565,2,2,4
2766,1242,2918,0.0,0.009999999776482582,1.9961919784545898,0.1423131376504898,0.1423131376504898,0.0014231313252821565,2,2,4
2767,1242,1243,0.0,0.009999999776482582,1.737797737121582,0.10539967566728592,0.10539967566728592,0.0010539967333897948,2,2,4
2768,1243,3273,0.0,0.009999999776482582,1.4617856740951538,0.06596938520669937,0.06596938520669937,0.0006596938474103808,2,2,4
2769,3308,3919,0.4999999701976776,0.5049999952316284,6.258337497711182,0.7511910796165466,0.7511910796165466,0.37935149669647217,5,7,35
2770,1244,3919,0.0,0.009999999776482582,2.7099645137786865,0.2442806512117386,0.2442806512117386,0.0024428064934909344,2,3,6
2771,1244,3308,0.0,0.009999999776482582,6.258337497711182,0.7511910796165466,0.7511910796165466,0.007511910516768694,2,7,14
2772,1245,4492,0.0,0.009999999776482582,2.3578007221221924,0.19397152960300446,0.19397152960300446,0.0019397152354940772,2,3,6
2773,1245,1246,0.0,0.009999999776482582,2.0640482902526855,0.15200689435005188,0.15200689435005188,0.0015200689667835832,2,3,6
2774,329,1246,0.0,0.009999999776482582,2.1464595794677734,0.16377994418144226,0.16377994418144226,0.0016377994325011969,2,3,6
2775,3308,3331,0.4999999701976776,0.5049999952316284,6.258337497711182,0.7511910796165466,0.7511910796165466,0.37935149669647217,5,7,35
2776,1247,3331,0.0,0.009999999776482582,3.2400779724121094,0.3200111389160156,0.3200111389160156,0.003200111212208867,2,4,8
2777,1247,3828,0.0,0.009999999776482582,3.2400779724121094,0.3200111389160156,0.3200111389160156,0.003200111212208867,2,4,8
2778,3211,3850,0.0,0.009999999776482582,1.5127567052841187,0.07325095683336258,0.07325095683336258,0.0007325095357373357,2,2,4
2779,1248,3497,0.0,0.009999999776482582,5.646668434143066,0.6638097763061523,0.6638097763061523,0.0066380975767970085,2,6,12
2780,1248,1249,0.0,0.009999999776482582,2.05216646194458,0.1503094881772995,0.1503094881772995,0.0015030947979539633,2,3,6
2781,1249,3191,0.0,0.009999999776482582,3.7095437049865723,0.387077659368515,0.387077659368515,0.0038707766216248274,2,4,8
2782,1250,3351,0.0,0.009999999776482582,4.757808685302734,0.5368298292160034,0.5368298292160034,0.005368298385292292,2,5,10
2783,1250,1251,0.0,0.009999999776482582,2.060824394226074,0.15154634416103363,0.15154634416103363,0.0015154634602367878,2,3,6
2784,1251,3921,0.0,0.009999999776482582,2.060824394226074,0.15154634416103363,0.15154634416103363,0.0015154634602367878,2,3,6
2785,3351,3921,1.0,1.0,4.757808685302734,0.5368298292160034,0.5368298292160034,0.5368298292160034,5,5,25
2786,1252,3232,0.0,0.009999999776482582,1.5546876192092896,0.07924108952283859,0.07924108952283859,0.0007924108649604023,2,2,4
2787,1252,1253,0.0,0.009999999776482582,1.5082811117172241,0.07261158525943756,0.07261158525943756,0.0007261158316396177,2,2,4
2788,1253,3743,0.0,0.009999999776482582,3.7707786560058594,0.3958255350589752,0.3958255350589752,0.003958255052566528,2,4,8
2789,3921,4313,0.4999999701976776,0.5049999952316284,1.1913865804672241,0.02734093926846981,0.02734093926846981,0.013807173818349838,5,2,10
2790,3351,4313,0.4999999701976776,0.5049999952316284,4.757808685302734,0.5368298292160034,0.5368298292160034,0.2710990607738495,5,5,25
2791,1254,3351,0.0,0.009999999776482582,4.757808685302734,0.5368298292160034,0.5368298292160034,0.005368298385292292,2,5,10
2792,1254,3232,0.0,0.009999999776482582,1.5546876192092896,0.07924108952283859,0.07924108952283859,0.0007924108649604023,2,2,4
2793,3209,3232,0.0,0.009999999776482582,4.979783058166504,0.5685404539108276,0.5685404539108276,0.005685404408723116,2,5,10
2794,1255,3922,0.0,0.009999999776482582,1.1948045492172241,0.02782922051846981,0.02782922051846981,0.00027829219470731914,2,2,4
2795,1255,1256,0.0,0.009999999776482582,1.1948045492172241,0.02782922051846981,0.02782922051846981,0.00027829219470731914,2,2,4
2796,1256,1257,0.0,0.009999999776482582,1.1198374032974243,0.017119629308581352,0.017119629308581352,0.00017119628319051117,2,2,4
2797,1257,3335,0.0,0.009999999776482582,7.126559734344482,0.8752228021621704,0.8752228021621704,0.008752227760851383,2,8,16
2798,1258,3335,0.0,0.009999999776482582,7.126559734344482,0.8752228021621704,0.8752228021621704,0.008752227760851383,2,8,16
2799,1258,1259,0.0,0.009999999776482582,1.4318560361862183,0.061693720519542694,0.061693720519542694,0.0006169371772557497,2,2,4
2800,1259,1260,0.0,0.009999999776482582,1.2560712099075317,0.036581601947546005,0.036581601947546005,0.0003658159985207021,2,2,4
2801,1260,1261,0.0,0.009999999776482582,1.2560712099075317,0.036581601947546005,0.036581601947546005,0.0003658159985207021,2,2,4
2802,1261,3278,0.0,0.009999999776482582,1.1510158777236938,0.02157369628548622,0.02157369628548622,0.00021573695994447917,2,2,4
2803,1262,3278,0.0,0.009999999776482582,1.2939605712890625,0.0419943667948246,0.0419943667948246,0.00041994365165010095,2,2,4
2804,1262,1263,0.0,0.009999999776482582,1.2939605712890625,0.0419943667948246,0.0419943667948246,0.00041994365165010095,2,2,4
2805,1263,1264,0.0,0.009999999776482582,1.5045483112335205,0.07207833230495453,0.07207833230495453,0.0007207833114080131,2,2,4
2806,1264,1265,0.0,0.009999999776482582,2.847991943359375,0.2639988362789154,0.2639988362789154,0.0026399882044643164,2,3,6
2807,1266,4495,0.0,0.009999999776482582,2.3918914794921875,0.1988416463136673,0.1988416463136673,0.0019884163048118353,2,3,6
2808,1266,4314,0.0,0.009999999776482582,1.7029592990875244,0.10042275488376617,0.10042275488376617,0.0010042275534942746,2,2,4
2809,4314,4495,0.4999999701976776,0.5049999952316284,2.3918914794921875,0.1988416463136673,0.1988416463136673,0.10041502863168716,5,3,15
2810,1267,4495,0.0,0.009999999776482582,2.3918914794921875,0.1988416463136673,0.1988416463136673,0.0019884163048118353,2,3,6
2811,1267,4314,0.0,0.009999999776482582,1.8825616836547852,0.1260802447795868,0.1260802447795868,0.0012608023826032877,2,2,4
2812,1268,3100,0.0,0.009999999776482582,6.839209079742432,0.8341727256774902,0.8341727256774902,0.00834172684699297,2,7,14
2813,1268,1269,0.0,0.009999999776482582,1.4236544370651245,0.060522060841321945,0.060522060841321945,0.0006052206153981388,2,2,4
2814,1269,3100,0.0,0.009999999776482582,6.839209079742432,0.8341727256774902,0.8341727256774902,0.00834172684699297,2,7,14
2815,1270,4496,0.0,0.009999999776482582,1.43766450881958,0.0625234991312027,0.0625234991312027,0.000625234970357269,2,2,4
2816,1270,1271,0.0,0.009999999776482582,1.43766450881958,0.0625234991312027,0.0625234991312027,0.000625234970357269,2,2,4
2817,1271,4496,0.0,0.009999999776482582,1.3581233024597168,0.05116047337651253,0.05116047337651253,0.0005116047104820609,2,2,4
2818,3475,4497,0.0,0.009999999776482582,6.79606294631958,0.8280090093612671,0.8280090093612671,0.008280090056359768,2,7,14
2819,4497,4498,0.0,0.009999999776482582,1.9921441078186035,0.14173486828804016,0.14173486828804016,0.0014173486270010471,2,2,4
2820,3928,4498,0.0,0.009999999776482582,1.9921441078186035,0.14173486828804016,0.14173486828804016,0.0014173486270010471,2,2,4
2821,3484,4499,0.4999999701976776,0.5049999952316284,1.2160210609436035,0.03086015209555626,0.03086015209555626,0.015584376640617847,5,2,10
2822,2920,3484,0.0,0.009999999776482582,1.133424162864685,0.019060594961047173,0.019060594961047173,0.0001906059478642419,2,2,4
2823,2920,4499,0.4999999701976776,0.5049999952316284,1.2160210609436035,0.03086015209555626,0.03086015209555626,0.015584376640617847,5,2,10
2824,4057,4499,0.0,0.009999999776482582,1.2160210609436035,0.03086015209555626,0.03086015209555626,0.00030860150582157075,2,2,4
2825,1272,4057,0.0,0.009999999776482582,1.03441321849823,0.004916173871606588,0.004916173871606588,4.916173929814249e-05,2,2,4
2826,1272,1273,0.0,0.009999999776482582,1.124260663986206,0.017751524224877357,0.017751524224877357,0.00017751523409970105,2,2,4
2827,1273,4500,0.0,0.009999999776482582,1.1247714757919312,0.01782449707388878,0.01782449707388878,0.00017824496899265796,2,2,4
2828,4499,4500,0.4999999701976776,0.5049999952316284,1.2160210609436035,0.03086015209555626,0.03086015209555626,0.015584376640617847,5,2,10
2829,1274,4499,0.0,0.009999999776482582,1.3558239936828613,0.05083199962973595,0.05083199962973595,0.000508319993969053,2,2,4
2830,1274,1275,0.0,0.009999999776482582,1.804866909980774,0.11498098820447922,0.11498098820447922,0.0011498098028823733,2,2,4
2831,1275,2921,0.0,0.009999999776482582,1.804866909980774,0.11498098820447922,0.11498098820447922,0.0011498098028823733,2,2,4
2832,2921,4499,0.0,0.009999999776482582,1.4438674449920654,0.06340963393449783,0.06340963393449783,0.0006340963300317526,2,2,4
2833,3421,4057,0.0,0.009999999776482582,5.032994270324707,0.5761420130729675,0.5761420130729675,0.005761419888585806,2,6,12
2834,1276,4057,0.0,0.009999999776482582,1.0546287298202515,0.0078041041269898415,0.0078041041269898415,7.804104097886011e-05,2,2,4
2835,1276,4499,0.0,0.009999999776482582,1.2160210609436035,0.03086015209555626,0.03086015209555626,0.00030860150582157075,2,2,4
2836,3484,4500,0.0,0.009999999776482582,1.133424162864685,0.019060594961047173,0.019060594961047173,0.0001906059478642419,2,2,4
2837,2919,4499,0.0,0.009999999776482582,1.4415013790130615,0.06307162344455719,0.06307162344455719,0.0006307162111625075,2,2,4
2838,1277,2919,0.0,0.009999999776482582,1.4415013790130615,0.06307162344455719,0.06307162344455719,0.0006307162111625075,2,2,4
2839,1277,4499,0.0,0.009999999776482582,1.2160210609436035,0.03086015209555626,0.03086015209555626,0.00030860150582157075,2,2,4
2840,1278,2921,0.0,0.009999999776482582,1.8974931240081787,0.1282133013010025,0.1282133013010025,0.0012821329291909933,2,2,4
2841,1278,4057,0.0,0.009999999776482582,1.8974931240081787,0.1282133013010025,0.1282133013010025,0.0012821329291909933,2,2,4
2842,2920,4057,0.0,0.009999999776482582,1.0517691373825073,0.0073955911211669445,0.0073955911211669445,7.395591092063114e-05,2,2,4
2843,3221,4173,1.0,1.0,4.969567775726318,0.567081093788147,0.567081093788147,0.567081093788147,5,5,25
2844,2922,3911,0.0,0.009999999776482582,1.3206446170806885,0.04580637440085411,0.04580637440085411,0.0004580637323670089,2,2,4
2845,1279,3911,0.0,0.009999999776482582,1.2282806634902954,0.03261152282357216,0.03261152282357216,0.000326115230564028,2,2,4
2846,1279,2922,0.0,0.009999999776482582,1.3206446170806885,0.04580637440085411,0.04580637440085411,0.0004580637323670089,2,2,4
2847,1280,4269,0.0,0.009999999776482582,1.3083086013793945,0.04404408484697342,0.04404408484697342,0.00044044083915650845,2,2,4
2848,1280,4501,0.0,0.009999999776482582,1.3083086013793945,0.04404408484697342,0.04404408484697342,0.00044044083915650845,2,2,4
2849,4269,4501,0.0,0.009999999776482582,1.2726744413375854,0.03895349055528641,0.03895349055528641,0.0003895348927471787,2,2,4
2850,1281,3259,0.0,0.009999999776482582,1.3004505634307861,0.042921509593725204,0.042921509593725204,0.00042921508429571986,2,2,4
2851,1281,1282,0.0,0.009999999776482582,1.0562149286270142,0.008030704222619534,0.008030704222619534,8.030704339034855e-05,2,2,4
2852,1282,1283,0.0,0.009999999776482582,1.0839701890945435,0.011995741166174412,0.011995741166174412,0.0001199574107886292,2,2,4
2853,1283,1284,0.0,0.009999999776482582,1.596618890762329,0.08523126691579819,0.08523126691579819,0.0008523126598447561,2,2,4
2854,1284,3308,0.0,0.009999999776482582,6.258337497711182,0.7511910796165466,0.7511910796165466,0.007511910516768694,2,7,14
2855,1285,3198,0.0,0.009999999776482582,6.814609527587891,0.830658495426178,0.830658495426178,0.008306584320962429,2,7,14
2856,1285,1286,0.0,0.009999999776482582,2.0442795753479004,0.14918279647827148,0.14918279647827148,0.0014918278902769089,2,3,6
2857,1286,3085,0.0,0.009999999776482582,2.540442943572998,0.22006328403949738,0.22006328403949738,0.0022006328217685223,2,3,6
2858,2923,4502,0.0,0.009999999776482582,1.1112498044967651,0.01589282974600792,0.01589282974600792,0.0001589282910572365,2,2,4
2859,1287,2923,0.0,0.009999999776482582,1.1112498044967651,0.01589282974600792,0.01589282974600792,0.0001589282910572365,2,2,4
2860,1287,4502,0.0,0.009999999776482582,1.077973484992981,0.011139069683849812,0.011139069683849812,0.00011139069101773202,2,2,4
2861,3448,3858,1.0,1.0,6.803559303283691,0.8290799260139465,0.8290799260139465,0.8290799260139465,5,7,35
2862,3347,3858,1.0,1.0,2.0220413208007812,0.14600589871406555,0.14600589871406555,0.14600589871406555,5,3,15
2863,3347,4503,0.0,0.009999999776482582,2.0220413208007812,0.14600589871406555,0.14600589871406555,0.0014600589638575912,2,3,6
2864,3448,4503,1.0,1.0,6.803559303283691,0.8290799260139465,0.8290799260139465,0.8290799260139465,5,7,35
2865,3448,3673,0.4999999701976776,0.5049999952316284,6.803559303283691,0.8290799260139465,0.8290799260139465,0.41868534684181213,5,7,35
2866,3673,4503,0.4999999701976776,0.5049999952316284,1.5784416198730469,0.08263451606035233,0.08263451606035233,0.041730429977178574,5,2,10
2867,2924,3448,0.0,0.009999999776482582,6.803559303283691,0.8290799260139465,0.8290799260139465,0.008290799334645271,2,7,14
2868,2924,3347,0.0,0.009999999776482582,2.0220413208007812,0.14600589871406555,0.14600589871406555,0.0014600589638575912,2,3,6
2869,3858,4503,0.4999999701976776,0.5049999952316284,1.618613600730896,0.08837337046861649,0.08837337046861649,0.044628553092479706,5,2,10
2870,2925,4503,0.4999999701976776,0.5049999952316284,2.4214906692504883,0.20307008922100067,0.20307008922100067,0.10255039483308792,5,3,15
2871,2925,3448,0.4999999701976776,0.5049999952316284,6.803559303283691,0.8290799260139465,0.8290799260139465,0.41868534684181213,5,7,35
2872,3347,3448,1.0,1.0,6.803559303283691,0.8290799260139465,0.8290799260139465,0.8290799260139465,5,7,35
2873,3446,4503,1.0,1.0,1.5784416198730469,0.08263451606035233,0.08263451606035233,0.08263451606035233,5,2,10
2874,3446,3448,0.4999999701976776,0.5049999952316284,6.803559303283691,0.8290799260139465,0.8290799260139465,0.41868534684181213,5,7,35
2875,2926,3448,0.0,0.009999999776482582,6.803559303283691,0.8290799260139465,0.8290799260139465,0.008290799334645271,3,7,21
2876,2926,3447,0.0,0.009999999776482582,1.3480260372161865,0.04971800372004509,0.04971800372004509,0.0004971800372004509,3,2,6
2877,3447,3448,0.0,0.009999999776482582,6.803559303283691,0.8290799260139465,0.8290799260139465,0.008290799334645271,3,7,21
2878,2924,3446,0.0,0.009999999776482582,1.3309519290924072,0.04727884754538536,0.04727884754538536,0.00047278846614062786,3,2,6
2879,3448,4504,0.4999999701976776,0.5049999952316284,6.803559303283691,0.8290799260139465,0.8290799260139465,0.41868534684181213,5,7,35
2880,3858,4504,0.4999999701976776,0.5049999952316284,1.618613600730896,0.08837337046861649,0.08837337046861649,0.044628553092479706,5,2,10
2881,3347,3446,0.0,0.009999999776482582,2.0220413208007812,0.14600589871406555,0.14600589871406555,0.0014600589638575912,3,3,9
2882,3673,3930,0.0,0.009999999776482582,1.6790189743041992,0.09700270742177963,0.09700270742177963,0.0009700270602479577,3,2,6
2883,3347,3930,0.0,0.009999999776482582,2.0220413208007812,0.14600589871406555,0.14600589871406555,0.0014600589638575912,3,3,9
2884,3347,4504,0.0,0.009999999776482582,2.0220413208007812,0.14600589871406555,0.14600589871406555,0.0014600589638575912,3,3,9
2885,4503,4504,0.0,0.009999999776482582,1.5784416198730469,0.08263451606035233,0.08263451606035233,0.000826345116365701,3,2,6
2886,3446,3858,0.0,0.009999999776482582,1.618613600730896,0.08837337046861649,0.08837337046861649,0.000883733679074794,3,2,6
2887,1288,3448,0.0,0.009999999776482582,6.803559303283691,0.8290799260139465,0.8290799260139465,0.008290799334645271,3,7,21
2888,1288,3347,0.0,0.009999999776482582,2.0220413208007812,0.14600589871406555,0.14600589871406555,0.0014600589638575912,3,3,9
2889,3673,3858,0.0,0.009999999776482582,1.618613600730896,0.08837337046861649,0.08837337046861649,0.000883733679074794,3,2,6
2890,3118,3448,0.4999999701976776,0.5049999952316284,6.803559303283691,0.8290799260139465,0.8290799260139465,0.41868534684181213,5,7,35
2891,3118,4503,0.0,0.009999999776482582,1.5784416198730469,0.08263451606035233,0.08263451606035233,0.000826345116365701,3,2,6
2892,3118,3446,0.0,0.009999999776482582,1.3309519290924072,0.04727884754538536,0.04727884754538536,0.00047278846614062786,3,2,6
2893,1289,3448,0.0,0.009999999776482582,6.803559303283691,0.8290799260139465,0.8290799260139465,0.008290799334645271,3,7,21
2894,1289,3930,0.0,0.009999999776482582,1.6790189743041992,0.09700270742177963,0.09700270742177963,0.0009700270602479577,3,2,6
2895,3448,3930,0.0,0.009999999776482582,6.803559303283691,0.8290799260139465,0.8290799260139465,0.008290799334645271,3,7,21
2896,3448,3931,0.0,0.009999999776482582,6.803559303283691,0.8290799260139465,0.8290799260139465,0.008290799334645271,3,7,21
2897,3931,4503,0.0,0.009999999776482582,1.5784416198730469,0.08263451606035233,0.08263451606035233,0.000826345116365701,3,2,6
2898,1290,3268,0.0,0.009999999776482582,2.618976354598999,0.2312823385000229,0.2312823385000229,0.0023128234315663576,3,3,9
2899,1290,3224,0.0,0.009999999776482582,2.1306679248809814,0.1615239828824997,0.1615239828824997,0.0016152397729456425,3,3,9
2900,1291,3224,0.0,0.009999999776482582,2.001862049102783,0.14312314987182617,0.14312314987182617,0.0014312315033748746,3,3,9
2901,1291,1292,0.0,0.009999999776482582,3.7753818035125732,0.3964831233024597,0.3964831233024597,0.003964831121265888,3,4,12
2902,1292,3932,0.0,0.009999999776482582,3.7753818035125732,0.3964831233024597,0.3964831233024597,0.003964831121265888,3,4,12
2903,2927,3370,0.0,0.009999999776482582,2.686471462249756,0.24092449247837067,0.24092449247837067,0.0024092448875308037,3,3,9
2904,1293,2927,0.0,0.009999999776482582,1.9083863496780396,0.1297694742679596,0.1297694742679596,0.0012976947473362088,3,2,6
2905,1293,3370,0.0,0.009999999776482582,2.686471462249756,0.24092449247837067,0.24092449247837067,0.0024092448875308037,3,3,9
2906,3370,3933,0.0,0.009999999776482582,2.686471462249756,0.24092449247837067,0.24092449247837067,0.0024092448875308037,3,3,9
2907,1294,3933,0.0,0.009999999776482582,1.8623143434524536,0.12318776547908783,0.12318776547908783,0.0012318775989115238,3,2,6
2908,1294,1295,0.0,0.009999999776482582,1.654369592666626,0.09348136931657791,0.09348136931657791,0.0009348136954940856,3,2,6
2909,1295,3933,0.0,0.009999999776482582,1.8623143434524536,0.12318776547908783,0.12318776547908783,0.0012318775989115238,3,2,6
2910,1296,4132,0.0,0.009999999776482582,6.181303024291992,0.7401861548423767,0.7401861548423767,0.007401861250400543,3,7,21
2911,1296,1297,0.0,0.009999999776482582,1.2338755130767822,0.03341078758239746,0.03341078758239746,0.0003341078700032085,3,2,6
2912,1297,4132,0.0,0.009999999776482582,6.181303024291992,0.7401861548423767,0.7401861548423767,0.007401861250400543,3,7,21
2913,1298,4258,0.0,0.009999999776482582,3.3398547172546387,0.33426496386528015,0.33426496386528015,0.0033426496665924788,3,4,12
2914,1298,3733,0.0,0.009999999776482582,1.309393048286438,0.044199008494615555,0.044199008494615555,0.00044199006515555084,3,2,6
2915,3733,4258,0.0,0.009999999776482582,3.3398547172546387,0.33426496386528015,0.33426496386528015,0.0033426496665924788,3,4,12
2916,3938,4258,0.0,0.009999999776482582,3.3398547172546387,0.33426496386528015,0.33426496386528015,0.0033426496665924788,3,4,12
2917,3938,4006,0.0,0.009999999776482582,1.3596949577331543,0.05138499289751053,0.05138499289751053,0.0005138498963788152,3,2,6
2918,4006,4258,0.4999999701976776,0.5049999952316284,3.3398547172546387,0.33426496386528015,0.33426496386528015,0.16880381107330322,5,4,20
2919,4008,4258,1.0,1.0,3.3398547172546387,0.33426496386528015,0.33426496386528015,0.33426496386528015,5,4,20
2920,3939,4008,0.0,0.009999999776482582,1.4405786991119385,0.06293981522321701,0.06293981522321701,0.000629398156888783,3,2,6
2921,3939,4258,0.0,0.009999999776482582,3.3398547172546387,0.33426496386528015,0.33426496386528015,0.0033426496665924788,3,4,12
2922,4258,4505,1.0,1.0,3.3398547172546387,0.33426496386528015,0.33426496386528015,0.33426496386528015,5,4,20
2923,4008,4505,1.0,1.0,1.2714476585388184,0.038778237998485565,0.038778237998485565,0.038778237998485565,5,2,10
2924,3940,4258,0.0,0.009999999776482582,3.3398547172546387,0.33426496386528015,0.33426496386528015,0.0033426496665924788,3,4,12
2925,3940,4006,0.0,0.009999999776482582,1.8547680377960205,0.12210971862077713,0.12210971862077713,0.0012210971908643842,3,2,6
2926,1299,3836,0.0,0.009999999776482582,1.9492111206054688,0.13560159504413605,0.13560159504413605,0.0013560159131884575,3,2,6
2927,1299,1300,0.0,0.009999999776482582,1.792636513710022,0.1132337898015976,0.1132337898015976,0.0011323378421366215,3,2,6
2928,1300,3224,0.0,0.009999999776482582,2.001862049102783,0.14312314987182617,0.14312314987182617,0.0014312315033748746,3,3,9
2929,3224,3836,0.0,0.009999999776482582,2.001862049102783,0.14312314987182617,0.14312314987182617,0.0014312315033748746,3,3,9
2930,3244,3300,1.0,1.0,7.0578413009643555,0.8654059171676636,0.8654059171676636,0.8654059171676636,5,8,40
2931,1301,3244,0.0,0.009999999776482582,1.3449714183807373,0.04928163066506386,0.04928163066506386,0.0004928162670694292,3,2,6
2932,1301,3300,0.0,0.009999999776482582,7.0578413009643555,0.8654059171676636,0.8654059171676636,0.008654058910906315,3,8,24
2933,1302,3244,0.0,0.009999999776482582,1.3449714183807373,0.04928163066506386,0.04928163066506386,0.0004928162670694292,3,2,6
2934,1302,3300,0.0,0.009999999776482582,7.0578413009643555,0.8654059171676636,0.8654059171676636,0.008654058910906315,3,8,24
2935,1303,3244,0.0,0.009999999776482582,1.5724422931671143,0.08177746832370758,0.08177746832370758,0.0008177746785804629,3,2,6
2936,1303,3300,0.0,0.009999999776482582,7.0578413009643555,0.8654059171676636,0.8654059171676636,0.008654058910906315,3,8,24
2937,3109,3110,0.0,0.009999999776482582,1.8012146949768066,0.11445923894643784,0.11445923894643784,0.0011445924174040556,3,2,6
2938,1304,3109,0.0,0.009999999776482582,1.186890959739685,0.026698708534240723,0.026698708534240723,0.00026698707370087504,3,2,6
2939,1304,3429,0.0,0.009999999776482582,1.0261619091033936,0.0037374156527221203,0.0037374156527221203,3.737415681825951e-05,3,2,6
2940,3377,3956,0.0,0.009999999776482582,2.0537986755371094,0.15054266154766083,0.15054266154766083,0.0015054265968501568,3,3,9
2941,1305,3956,0.0,0.009999999776482582,2.0537986755371094,0.15054266154766083,0.15054266154766083,0.0015054265968501568,3,3,9
2942,1305,3943,0.0,0.009999999776482582,3.2966504096984863,0.32809290289878845,0.32809290289878845,0.0032809290569275618,3,4,12
2943,1306,3943,0.0,0.009999999776482582,3.2966504096984863,0.32809290289878845,0.32809290289878845,0.0032809290569275618,3,4,12
2944,1306,1307,0.0,0.009999999776482582,1.1017438173294067,0.014534831047058105,0.014534831047058105,0.0001453483127988875,3,2,6
2945,1307,3956,0.0,0.009999999776482582,2.0537986755371094,0.15054266154766083,0.15054266154766083,0.0015054265968501568,3,3,9
2946,4029,4030,0.0,0.009999999776482582,1.4503464698791504,0.06433521211147308,0.06433521211147308,0.0006433521048165858,3,2,6
2947,1308,4029,0.0,0.009999999776482582,1.2716045379638672,0.03880064934492111,0.03880064934492111,0.00038800647598691285,3,2,6
2948,1308,3807,0.0,0.009999999776482582,1.8543965816497803,0.12205665558576584,0.12205665558576584,0.001220566569827497,3,2,6
2949,1309,3117,0.0,0.009999999776482582,6.122890949249268,0.7318415641784668,0.7318415641784668,0.007318415679037571,3,7,21
2950,1309,1310,0.0,0.009999999776482582,1.2716963291168213,0.0388137623667717,0.0388137623667717,0.0003881376178469509,3,2,6
2951,1310,3117,0.0,0.009999999776482582,6.122890949249268,0.7318415641784668,0.7318415641784668,0.007318415679037571,3,7,21
2952,3947,4180,0.0,0.009999999776482582,5.444040298461914,0.6348628997802734,0.6348628997802734,0.006348629016429186,3,6,18
2953,1311,3947,0.0,0.009999999776482582,2.1129441261291504,0.15899202227592468,0.15899202227592468,0.0015899201389402151,3,3,9
2954,1311,4180,0.0,0.009999999776482582,5.444040298461914,0.6348628997802734,0.6348628997802734,0.006348629016429186,3,6,18
2955,1312,3187,0.0,0.009999999776482582,5.219306945800781,0.6027581095695496,0.6027581095695496,0.006027581170201302,3,6,18
2956,1312,1313,0.0,0.009999999776482582,1.0834871530532837,0.011926735751330853,0.011926735751330853,0.00011926735169254243,3,2,6
2957,1313,3187,0.0,0.009999999776482582,5.219306945800781,0.6027581095695496,0.6027581095695496,0.006027581170201302,3,6,18
2958,147,1314,0.0,0.009999999776482582,2.076228141784668,0.15374687314033508,0.15374687314033508,0.0015374687500298023,3,3,9
2959,1314,1315,0.0,0.009999999776482582,1.9412480592727661,0.13446401059627533,0.13446401059627533,0.001344640040770173,3,2,6
2960,1315,1316,0.0,0.009999999776482582,1.0923285484313965,0.01318979263305664,0.01318979263305664,0.0001318979193456471,3,2,6
2961,3693,3771,0.0,0.009999999776482582,2.0204761028289795,0.14578230679035187,0.14578230679035187,0.001457823091186583,3,3,9
2962,1317,3683,0.0,0.009999999776482582,2.0328216552734375,0.1475459486246109,0.1475459486246109,0.0014754594303667545,3,3,9
2963,1317,3913,0.0,0.009999999776482582,2.0325374603271484,0.14750535786151886,0.14750535786151886,0.001475053490139544,3,3,9
2964,3683,3913,0.0,0.009999999776482582,2.0328216552734375,0.1475459486246109,0.1475459486246109,0.0014754594303667545,3,3,9
2965,3683,3771,0.0,0.009999999776482582,2.0328216552734375,0.1475459486246109,0.1475459486246109,0.0014754594303667545,3,3,9
2966,3600,3771,0.0,0.009999999776482582,2.424067497253418,0.20343820750713348,0.20343820750713348,0.002034381963312626,3,3,9
2967,3100,3498,0.0,0.009999999776482582,6.839209079742432,0.8341727256774902,0.8341727256774902,0.00834172684699297,3,7,21
2968,3498,3692,0.0,0.009999999776482582,2.212677001953125,0.1732395738363266,0.1732395738363266,0.0017323957290500402,3,3,9
2969,1318,3600,0.0,0.009999999776482582,2.424067497253418,0.20343820750713348,0.20343820750713348,0.002034381963312626,3,3,9
2970,1318,3771,0.0,0.009999999776482582,2.0204761028289795,0.14578230679035187,0.14578230679035187,0.001457823091186583,3,3,9
2971,3497,3696,0.0,0.009999999776482582,5.646668434143066,0.6638097763061523,0.6638097763061523,0.0066380975767970085,3,6,18
2972,3696,3771,0.0,0.009999999776482582,2.0552995204925537,0.1507570743560791,0.1507570743560791,0.0015075707342475653,3,3,9
2973,1319,3591,0.0,0.009999999776482582,4.721456527709961,0.531636655330658,0.531636655330658,0.005316366441547871,3,5,15
2974,1319,1320,0.0,0.009999999776482582,1.5003020763397217,0.07147172838449478,0.07147172838449478,0.000714717258233577,3,2,6
2975,1320,3591,0.0,0.009999999776482582,4.721456527709961,0.531636655330658,0.531636655330658,0.005316366441547871,3,5,15
2976,1321,3101,0.0,0.009999999776482582,1.7307159900665283,0.10438799858093262,0.10438799858093262,0.0010438800090923905,3,2,6
2977,1321,1322,0.0,0.009999999776482582,1.343506097793579,0.049072299152612686,0.049072299152612686,0.000490723003167659,3,2,6
2978,1322,4181,0.0,0.009999999776482582,1.3907595872879028,0.05582279711961746,0.05582279711961746,0.000558227940928191,3,2,6
2979,3591,4181,0.0,0.009999999776482582,4.721456527709961,0.531636655330658,0.531636655330658,0.005316366441547871,3,5,15
2980,1323,3248,0.0,0.009999999776482582,3.3505382537841797,0.3357911705970764,0.3357911705970764,0.00335791171528399,3,4,12
2981,1323,3329,0.0,0.009999999776482582,3.3505382537841797,0.3357911705970764,0.3357911705970764,0.00335791171528399,3,4,12
2982,3329,3885,0.0,0.009999999776482582,3.830127239227295,0.4043038785457611,0.4043038785457611,0.004043038468807936,3,4,12
2983,1324,3591,0.0,0.009999999776482582,4.721456527709961,0.531636655330658,0.531636655330658,0.005316366441547871,3,5,15
2984,1324,1325,0.0,0.009999999776482582,3.3550949096679688,0.33644214272499084,0.33644214272499084,0.0033644214272499084,3,4,12
2985,1325,3591,0.0,0.009999999776482582,4.721456527709961,0.531636655330658,0.531636655330658,0.005316366441547871,3,5,15
2986,1326,3591,0.0,0.009999999776482582,4.721456527709961,0.531636655330658,0.531636655330658,0.005316366441547871,3,5,15
2987,1326,4181,0.0,0.009999999776482582,1.4602261781692505,0.06574659794569016,0.06574659794569016,0.0006574659491889179,3,2,6
2988,3709,4181,0.0,0.009999999776482582,1.3985481262207031,0.056935448199510574,0.056935448199510574,0.0005693544517271221,3,2,6
2989,3591,3709,0.0,0.009999999776482582,4.721456527709961,0.531636655330658,0.531636655330658,0.005316366441547871,3,5,15
2990,1327,3591,0.0,0.009999999776482582,4.721456527709961,0.531636655330658,0.531636655330658,0.005316366441547871,3,5,15
2991,1327,1328,0.0,0.009999999776482582,2.574721574783325,0.22496022284030914,0.22496022284030914,0.0022496022284030914,3,3,9
2992,1328,4181,0.0,0.009999999776482582,2.574721574783325,0.22496022284030914,0.22496022284030914,0.0022496022284030914,3,3,9
2993,3874,4181,0.0,0.009999999776482582,2.116919994354248,0.15955999493598938,0.15955999493598938,0.0015955999260768294,3,3,9
2994,3763,3874,0.4999999701976776,0.5049999952316284,3.2476119995117188,0.32108741998672485,0.32108741998672485,0.16214914619922638,5,4,20
2995,1329,3540,0.0,0.009999999776482582,2.287999153137207,0.18399988114833832,0.18399988114833832,0.0018399987602606416,3,3,9
2996,1329,3255,0.0,0.009999999776482582,1.5037261247634888,0.07196087390184402,0.07196087390184402,0.0007196087390184402,3,2,6
2997,3255,3540,0.0,0.009999999776482582,2.287999153137207,0.18399988114833832,0.18399988114833832,0.0018399987602606416,3,3,9
2998,1330,1331,0.0,0.009999999776482582,2.2359108924865723,0.1765587031841278,0.1765587031841278,0.0017655870178714395,3,3,9
2999,1331,3949,0.0,0.009999999776482582,2.235058307647705,0.1764369010925293,0.1764369010925293,0.0017643689643591642,3,3,9
3000,3949,3950,0.4999999701976776,0.5049999952316284,3.252213478088379,0.32174476981163025,0.32174476981163025,0.16248111426830292,5,4,20
3001,1332,3491,0.0,0.009999999776482582,1.1469323635101318,0.020990338176488876,0.020990338176488876,0.00020990337361581624,3,2,6
3002,1332,3475,0.0,0.009999999776482582,6.79606294631958,0.8280090093612671,0.8280090093612671,0.008280090056359768,3,7,21
3003,3312,3491,0.0,0.009999999776482582,2.711240291595459,0.24446289241313934,0.24446289241313934,0.002444628858938813,3,3,9
3004,1333,4395,0.0,0.009999999776482582,1.630619764328003,0.09008853882551193,0.09008853882551193,0.0009008853812702,3,2,6
3005,1333,3351,0.0,0.009999999776482582,4.757808685302734,0.5368298292160034,0.5368298292160034,0.005368298385292292,3,5,15
3006,3351,3731,0.0,0.009999999776482582,4.757808685302734,0.5368298292160034,0.5368298292160034,0.005368298385292292,3,5,15
3007,3731,4070,0.0,0.009999999776482582,1.767996907234192,0.1097138449549675,0.1097138449549675,0.0010971383890137076,3,2,6
3008,3351,4070,0.0,0.009999999776482582,4.757808685302734,0.5368298292160034,0.5368298292160034,0.005368298385292292,3,5,15
3009,1334,3591,0.0,0.009999999776482582,4.721456527709961,0.531636655330658,0.531636655330658,0.005316366441547871,3,5,15
3010,1334,1335,0.0,0.009999999776482582,2.7681221961975098,0.2525888979434967,0.2525888979434967,0.0025258888490498066,3,3,9
3011,1335,3591,0.0,0.009999999776482582,4.721456527709961,0.531636655330658,0.531636655330658,0.005316366441547871,3,5,15
3012,3533,3952,0.0,0.009999999776482582,1.8352863788604736,0.1193266287446022,0.1193266287446022,0.0011932662455365062,3,2,6
3013,1336,3952,0.0,0.009999999776482582,1.8352863788604736,0.1193266287446022,0.1193266287446022,0.0011932662455365062,3,2,6
3014,1336,1337,0.0,0.009999999776482582,1.8104151487350464,0.11577359586954117,0.11577359586954117,0.0011577359400689602,3,2,6
3015,1337,1338,0.0,0.009999999776482582,1.1660466194152832,0.02372094616293907,0.02372094616293907,0.0002372094604652375,3,2,6
3016,1339,3578,0.0,0.009999999776482582,1.4982762336730957,0.07118231803178787,0.07118231803178787,0.0007118231733329594,3,2,6
3017,1339,1340,0.0,0.009999999776482582,2.890068769454956,0.2700098156929016,0.2700098156929016,0.002700098091736436,3,3,9
3018,1340,3193,0.0,0.009999999776482582,2.890068769454956,0.2700098156929016,0.2700098156929016,0.002700098091736436,3,3,9
3019,3225,3953,0.0,0.009999999776482582,6.652153015136719,0.8074504137039185,0.8074504137039185,0.0080745043233037,3,7,21
3020,3944,3953,0.0,0.009999999776482582,1.2549315690994263,0.036418795585632324,0.036418795585632324,0.0003641879593487829,3,2,6
3021,3225,3944,0.0,0.009999999776482582,6.652153015136719,0.8074504137039185,0.8074504137039185,0.0080745043233037,3,7,21
3022,4192,4506,0.0,0.009999999776482582,1.528487205505371,0.07549817115068436,0.07549817115068436,0.0007549817091785371,3,2,6
3023,1341,4192,0.0,0.009999999776482582,1.528487205505371,0.07549817115068436,0.07549817115068436,0.0007549817091785371,3,2,6
3024,1341,4506,0.0,0.009999999776482582,1.485291838645935,0.06932740658521652,0.06932740658521652,0.0006932740216143429,3,2,6
3025,2928,4506,0.0,0.009999999776482582,1.1289244890213013,0.018417784944176674,0.018417784944176674,0.00018417784303892404,3,2,6
3026,1342,2928,0.0,0.009999999776482582,1.1289244890213013,0.018417784944176674,0.018417784944176674,0.00018417784303892404,3,2,6
3027,1342,1343,0.0,0.009999999776482582,1.1109788417816162,0.0158541202545166,0.0158541202545166,0.0001585411955602467,3,2,6
3028,1343,4192,0.0,0.009999999776482582,1.528487205505371,0.07549817115068436,0.07549817115068436,0.0007549817091785371,3,2,6
3029,1344,3247,0.0,0.009999999776482582,3.75626802444458,0.3937525749206543,0.3937525749206543,0.003937525674700737,3,4,12
3030,1344,1345,0.0,0.009999999776482582,2.080629825592041,0.15437568724155426,0.15437568724155426,0.0015437568072229624,3,3,9
3031,1345,3247,0.0,0.009999999776482582,3.75626802444458,0.3937525749206543,0.3937525749206543,0.003937525674700737,3,4,12
3032,1346,3247,0.0,0.009999999776482582,3.75626802444458,0.3937525749206543,0.3937525749206543,0.003937525674700737,3,4,12
3033,1346,1347,0.0,0.009999999776482582,1.5755177736282349,0.08221682161092758,0.08221682161092758,0.0008221681928262115,3,2,6
3034,1347,1348,0.0,0.009999999776482582,1.3912031650543213,0.0558861680328846,0.0558861680328846,0.0005588616477325559,3,2,6
3035,1348,3247,0.0,0.009999999776482582,3.75626802444458,0.3937525749206543,0.3937525749206543,0.003937525674700737,3,4,12
3036,3589,4316,1.0,1.0,2.0815083980560303,0.15450119972229004,0.15450119972229004,0.15450119972229004,5,3,15
3037,3954,4316,0.4999999701976776,0.5049999952316284,2.279799461364746,0.18282850086688995,0.18282850086688995,0.09232839196920395,5,3,15
3038,3589,3954,0.0,0.009999999776482582,2.279799461364746,0.18282850086688995,0.18282850086688995,0.0018282849341630936,3,3,9
3039,1349,4316,0.0,0.009999999776482582,2.069939374923706,0.152848482131958,0.152848482131958,0.0015284847468137741,3,3,9
3040,1349,3589,0.0,0.009999999776482582,2.0815083980560303,0.15450119972229004,0.15450119972229004,0.0015450119972229004,3,3,9
3041,3251,4507,0.0,0.009999999776482582,4.527510166168213,0.5039300322532654,0.5039300322532654,0.005039300303906202,3,5,15
3042,2929,4507,0.0,0.009999999776482582,4.527510166168213,0.5039300322532654,0.5039300322532654,0.005039300303906202,3,5,15
3043,2929,3993,0.0,0.009999999776482582,3.7381486892700195,0.391164094209671,0.391164094209671,0.003911640960723162,3,4,12
3044,3104,4316,0.4999999701976776,0.5049999952316284,2.069939374923706,0.152848482131958,0.152848482131958,0.07718848437070847,5,3,15
3045,3104,3746,0.0,0.009999999776482582,6.075577259063721,0.7250824570655823,0.7250824570655823,0.007250824477523565,3,7,21
3046,3411,4316,0.0,0.009999999776482582,2.8797552585601807,0.2685364782810211,0.2685364782810211,0.0026853648014366627,3,3,9
3047,1350,3954,0.0,0.009999999776482582,3.2666659355163574,0.323809415102005,0.323809415102005,0.003238094039261341,3,4,12
3048,1350,3589,0.0,0.009999999776482582,3.2666659355163574,0.323809415102005,0.323809415102005,0.003238094039261341,3,4,12
3049,1351,3746,0.0,0.009999999776482582,6.075577259063721,0.7250824570655823,0.7250824570655823,0.007250824477523565,3,7,21
3050,1351,4507,0.0,0.009999999776482582,4.527510166168213,0.5039300322532654,0.5039300322532654,0.005039300303906202,3,5,15
3051,3411,4507,0.0,0.009999999776482582,4.527510166168213,0.5039300322532654,0.5039300322532654,0.005039300303906202,3,5,15
3052,3251,4316,0.0,0.009999999776482582,2.069939374923706,0.152848482131958,0.152848482131958,0.0015284847468137741,3,3,9
3053,1352,4316,0.0,0.009999999776482582,2.069939374923706,0.152848482131958,0.152848482131958,0.0015284847468137741,3,3,9
3054,3104,3589,0.0,0.009999999776482582,2.0815083980560303,0.15450119972229004,0.15450119972229004,0.0015450119972229004,3,3,9
3055,3955,4508,0.0,0.009999999776482582,1.8326048851013184,0.11894355714321136,0.11894355714321136,0.0011894355993717909,3,2,6
3056,3955,4205,0.0,0.009999999776482582,1.3539243936538696,0.05056062713265419,0.05056062713265419,0.0005056062364019454,3,2,6
3057,4205,4508,0.0,0.009999999776482582,1.8326048851013184,0.11894355714321136,0.11894355714321136,0.0011894355993717909,3,2,6
3058,2930,4508,0.0,0.009999999776482582,1.8326048851013184,0.11894355714321136,0.11894355714321136,0.0011894355993717909,3,2,6
3059,2930,4179,0.0,0.009999999776482582,1.2209522724151611,0.031564611941576004,0.031564611941576004,0.0003156461170874536,3,2,6
3060,1353,4179,0.0,0.009999999776482582,1.3918603658676147,0.055980052798986435,0.055980052798986435,0.0005598005373030901,3,2,6
3061,1353,4508,0.0,0.009999999776482582,1.8326048851013184,0.11894355714321136,0.11894355714321136,0.0011894355993717909,3,2,6
3062,4179,4508,0.0,0.009999999776482582,1.8326048851013184,0.11894355714321136,0.11894355714321136,0.0011894355993717909,3,2,6
3063,1354,4179,0.0,0.009999999776482582,1.3417203426361084,0.048817191272974014,0.048817191272974014,0.00048817190690897405,3,2,6
3064,1354,4509,0.0,0.009999999776482582,1.5148769617080688,0.07355385273694992,0.07355385273694992,0.0007355384877882898,3,2,6
3065,1355,3300,0.0,0.009999999776482582,7.0578413009643555,0.8654059171676636,0.8654059171676636,0.008654058910906315,3,8,24
3066,1355,4510,0.0,0.009999999776482582,1.0690784454345703,0.009868348948657513,0.009868348948657513,9.868348570307717e-05,3,2,6
3067,3300,4510,0.0,0.009999999776482582,7.0578413009643555,0.8654059171676636,0.8654059171676636,0.008654058910906315,3,8,24
3068,2932,3765,0.0,0.009999999776482582,3.1496989727020264,0.307099848985672,0.307099848985672,0.0030709984712302685,3,4,12
3069,2932,2933,0.0,0.009999999776482582,1.2045692205429077,0.029224174097180367,0.029224174097180367,0.000292241747956723,3,2,6
3070,2933,3766,0.0,0.009999999776482582,1.325219750404358,0.04645996540784836,0.04645996540784836,0.0004645996377803385,3,2,6
3071,2934,3377,0.0,0.009999999776482582,1.1239643096923828,0.017709186300635338,0.017709186300635338,0.00017709186067804694,3,2,6
3072,2931,2934,0.0,0.009999999776482582,1.1239643096923828,0.017709186300635338,0.017709186300635338,0.00017709186067804694,3,2,6
3073,2931,3377,0.0,0.009999999776482582,1.0777151584625244,0.011102165095508099,0.011102165095508099,0.00011102164717158303,3,2,6
3074,1356,3184,0.0,0.009999999776482582,4.520293712615967,0.5028991103172302,0.5028991103172302,0.005028991028666496,3,5,15
3075,1356,3956,0.0,0.009999999776482582,2.0537986755371094,0.15054266154766083,0.15054266154766083,0.0015054265968501568,3,3,9
3076,3878,3956,0.0,0.009999999776482582,3.259284019470215,0.3227548599243164,0.3227548599243164,0.0032275484409183264,3,4,12
3077,3335,3711,0.0,0.009999999776482582,7.126559734344482,0.8752228021621704,0.8752228021621704,0.008752227760851383,3,8,24
3078,1357,3711,0.0,0.009999999776482582,1.5386239290237427,0.07694627344608307,0.07694627344608307,0.0007694627274759114,3,2,6
3079,1357,3438,0.0,0.009999999776482582,3.0603084564208984,0.29432979226112366,0.29432979226112366,0.0029432978481054306,3,4,12
3080,1358,3103,0.0,0.009999999776482582,1.504434585571289,0.07206208258867264,0.07206208258867264,0.0007206207956187427,3,2,6
3081,1358,3143,0.0,0.009999999776482582,1.504434585571289,0.07206208258867264,0.07206208258867264,0.0007206207956187427,3,2,6
3082,2935,3143,0.0,0.009999999776482582,1.0892008543014526,0.01274297945201397,0.01274297945201397,0.00012742979743052274,3,2,6
3083,2935,3959,0.0,0.009999999776482582,1.0892008543014526,0.01274297945201397,0.01274297945201397,0.00012742979743052274,3,2,6
3084,3890,4121,0.0,0.009999999776482582,1.863999366760254,0.12342847883701324,0.12342847883701324,0.0012342847185209394,3,2,6
3085,1359,4121,0.0,0.009999999776482582,1.7445964813232422,0.10637092590332031,0.10637092590332031,0.001063709263689816,3,2,6
3086,1359,1360,0.0,0.009999999776482582,1.178416132926941,0.02548801898956299,0.02548801898956299,0.0002548801712691784,3,2,6
3087,1360,4121,0.0,0.009999999776482582,1.7445964813232422,0.10637092590332031,0.10637092590332031,0.001063709263689816,3,2,6
3088,1361,3960,0.0,0.009999999776482582,1.1994949579238892,0.02849927917122841,0.02849927917122841,0.0002849927986972034,3,2,6
3089,1361,3225,0.0,0.009999999776482582,6.652153015136719,0.8074504137039185,0.8074504137039185,0.0080745043233037,3,7,21
3090,3135,3225,0.0,0.009999999776482582,6.652153015136719,0.8074504137039185,0.8074504137039185,0.0080745043233037,3,7,21
3091,3135,3793,0.0,0.009999999776482582,1.8984547853469849,0.12835069000720978,0.12835069000720978,0.0012835068628191948,3,2,6
3092,3225,3793,0.0,0.009999999776482582,6.652153015136719,0.8074504137039185,0.8074504137039185,0.0080745043233037,3,7,21
3093,1362,3225,0.0,0.009999999776482582,6.652153015136719,0.8074504137039185,0.8074504137039185,0.0080745043233037,3,7,21
3094,1362,2936,0.0,0.009999999776482582,1.7002363204956055,0.10003376007080078,0.10003376007080078,0.0010003375355154276,3,2,6
3095,2936,3225,0.0,0.009999999776482582,6.652153015136719,0.8074504137039185,0.8074504137039185,0.0080745043233037,3,7,21
3096,3351,4172,0.0,0.009999999776482582,4.757808685302734,0.5368298292160034,0.5368298292160034,0.005368298385292292,3,5,15
3097,1363,4172,0.0,0.009999999776482582,1.2589255571365356,0.03698936477303505,0.03698936477303505,0.0003698936488945037,3,2,6
3098,1363,3312,0.0,0.009999999776482582,2.711240291595459,0.24446289241313934,0.24446289241313934,0.002444628858938813,3,3,9
3099,1364,3275,0.0,0.009999999776482582,1.0757348537445068,0.010819264687597752,0.010819264687597752,0.0001081926457118243,3,2,6
3100,1364,1365,0.0,0.009999999776482582,1.0757348537445068,0.010819264687597752,0.010819264687597752,0.0001081926457118243,3,2,6
3101,1365,1366,0.0,0.009999999776482582,1.072340488433838,0.010334355756640434,0.010334355756640434,0.0001033435546560213,3,2,6
3102,1366,1367,0.0,0.009999999776482582,1.072340488433838,0.010334355756640434,0.010334355756640434,0.0001033435546560213,3,2,6
3103,1367,3275,0.0,0.009999999776482582,1.0151045322418213,0.0021577903535217047,0.0021577903535217047,2.15779036807362e-05,3,2,6
3104,2937,3275,0.0,0.009999999776482582,1.1397017240524292,0.019957389682531357,0.019957389682531357,0.000199573885765858,3,2,6
3105,1368,2937,0.0,0.009999999776482582,1.1397017240524292,0.019957389682531357,0.019957389682531357,0.000199573885765858,3,2,6
3106,1368,3275,0.0,0.009999999776482582,1.0457730293273926,0.006539004389196634,0.006539004389196634,6.539004243677482e-05,3,2,6
3107,1369,3515,0.0,0.009999999776482582,1.2995699644088745,0.042795710265636444,0.042795710265636444,0.000427957100328058,3,2,6
3108,1369,1370,0.0,0.009999999776482582,1.0103678703308105,0.001481124316342175,0.001481124316342175,1.4811243090662174e-05,3,2,6
3109,1370,3515,0.0,0.009999999776482582,1.2995699644088745,0.042795710265636444,0.042795710265636444,0.000427957100328058,3,2,6
3110,3901,3963,0.0,0.009999999776482582,7.014254093170166,0.8591791391372681,0.8591791391372681,0.008591791614890099,3,8,24
3111,1371,3963,0.0,0.009999999776482582,1.4440898895263672,0.06344141066074371,0.06344141066074371,0.0006344140856526792,3,2,6
3112,1371,3901,0.0,0.009999999776482582,7.014254093170166,0.8591791391372681,0.8591791391372681,0.008591791614890099,3,8,24
3113,1372,3195,0.0,0.009999999776482582,5.761999130249023,0.6802855730056763,0.6802855730056763,0.006802855525165796,3,6,18
3114,1372,1373,0.0,0.009999999776482582,1.2053152322769165,0.029330747202038765,0.029330747202038765,0.00029330747202038765,3,2,6
3115,1373,4511,0.0,0.009999999776482582,1.170637845993042,0.02437683567404747,0.02437683567404747,0.00024376835790462792,3,2,6
3116,1374,4511,0.0,0.009999999776482582,1.170637845993042,0.02437683567404747,0.02437683567404747,0.00024376835790462792,3,2,6
3117,1374,1375,0.0,0.009999999776482582,1.0251401662826538,0.00359145225957036,0.00359145225957036,3.591452332329936e-05,3,2,6
3118,1375,4511,0.0,0.009999999776482582,1.170637845993042,0.02437683567404747,0.02437683567404747,0.00024376835790462792,3,2,6
3119,3107,3693,0.0,0.009999999776482582,2.0054023265838623,0.14362891018390656,0.14362891018390656,0.001436289050616324,3,3,9
3120,3693,4273,0.0,0.009999999776482582,2.0054023265838623,0.14362891018390656,0.14362891018390656,0.001436289050616324,3,3,9
3121,3568,4273,0.0,0.009999999776482582,2.117751359939575,0.15967877209186554,0.15967877209186554,0.0015967877116054296,3,3,9
3122,3434,3568,0.0,0.009999999776482582,2.4722867012023926,0.2103266716003418,0.2103266716003418,0.0021032667718827724,3,3,9
3123,1376,3093,0.0,0.009999999776482582,2.9002325534820557,0.2714617848396301,0.2714617848396301,0.0027146178763359785,3,3,9
3124,1376,1377,0.0,0.009999999776482582,2.9002325534820557,0.2714617848396301,0.2714617848396301,0.0027146178763359785,3,3,9
3125,1377,3274,0.0,0.009999999776482582,3.282177448272705,0.3260253369808197,0.3260253369808197,0.003260253230109811,3,4,12
3126,3427,3925,0.4999999701976776,0.5049999952316284,2.0065648555755615,0.143794983625412,0.143794983625412,0.07261646538972855,5,3,15
3127,3855,3925,0.0,0.009999999776482582,2.0065648555755615,0.143794983625412,0.143794983625412,0.001437949831597507,3,3,9
3128,3427,3855,1.0,1.0,1.8525447845458984,0.12179211527109146,0.12179211527109146,0.12179211527109146,5,2,10
3129,3311,3925,0.0,0.009999999776482582,2.0065648555755615,0.143794983625412,0.143794983625412,0.001437949831597507,3,3,9
3130,3311,3348,0.0,0.009999999776482582,2.8790488243103027,0.268435537815094,0.268435537815094,0.0026843552477657795,3,3,9
3131,1378,4512,0.0,0.009999999776482582,1.3709625005722046,0.05299464240670204,0.05299464240670204,0.0005299464100971818,3,2,6
3132,1378,4148,0.0,0.009999999776482582,1.3709625005722046,0.05299464240670204,0.05299464240670204,0.0005299464100971818,3,2,6
3133,3468,4148,0.0,0.009999999776482582,1.5453381538391113,0.07790545374155045,0.07790545374155045,0.000779054535087198,3,2,6
3134,1379,3188,0.0,0.009999999776482582,2.884145736694336,0.26916366815567017,0.26916366815567017,0.002691636560484767,3,3,9
3135,1379,3968,0.0,0.009999999776482582,1.8320651054382324,0.1188664436340332,0.1188664436340332,0.0011886644642800093,3,2,6
3136,3367,3968,0.0,0.009999999776482582,7.011823654174805,0.8588319420814514,0.8588319420814514,0.008588319644331932,3,8,24
3137,3188,3306,0.0,0.009999999776482582,2.884145736694336,0.26916366815567017,0.26916366815567017,0.002691636560484767,3,3,9
3138,3306,4044,0.0,0.009999999776482582,1.176845908164978,0.025263700634241104,0.025263700634241104,0.00025263699353672564,3,2,6
3139,3188,4044,0.0,0.009999999776482582,2.884145736694336,0.26916366815567017,0.26916366815567017,0.002691636560484767,3,3,9
3140,1380,3437,0.0,0.009999999776482582,2.5798258781433105,0.22568941116333008,0.22568941116333008,0.0022568940185010433,3,3,9
3141,1380,1381,0.0,0.009999999776482582,1.8753305673599243,0.1250472217798233,0.1250472217798233,0.0012504721526056528,3,2,6
3142,1381,1382,0.0,0.009999999776482582,1.8753305673599243,0.1250472217798233,0.1250472217798233,0.0012504721526056528,3,2,6
3143,1382,3437,0.0,0.009999999776482582,2.5798258781433105,0.22568941116333008,0.22568941116333008,0.0022568940185010433,3,3,9
3144,2939,3970,0.0,0.009999999776482582,2.3211917877197266,0.18874168395996094,0.18874168395996094,0.001887416816316545,3,3,9
3145,1383,2939,0.0,0.009999999776482582,1.4349737167358398,0.06213910132646561,0.06213910132646561,0.0006213909946382046,3,2,6
3146,1383,2938,0.0,0.009999999776482582,1.2292275428771973,0.03274679183959961,0.03274679183959961,0.0003274679183959961,3,2,6
3147,2938,3970,0.0,0.009999999776482582,2.3211917877197266,0.18874168395996094,0.18874168395996094,0.001887416816316545,3,3,9
3148,3556,4132,0.4999999701976776,0.5049999952316284,6.181303024291992,0.7401861548423767,0.7401861548423767,0.3737940192222595,5,7,35
3149,2940,3556,0.0,0.009999999776482582,1.3273309469223022,0.046761564910411835,0.046761564910411835,0.0004676156386267394,3,2,6
3150,2940,4132,0.0,0.009999999776482582,6.181303024291992,0.7401861548423767,0.7401861548423767,0.007401861250400543,3,7,21
3151,2940,3861,0.0,0.009999999776482582,1.4656232595443726,0.06651760637760162,0.06651760637760162,0.0006651760777458549,3,2,6
3152,3861,4132,0.0,0.009999999776482582,6.181303024291992,0.7401861548423767,0.7401861548423767,0.007401861250400543,3,7,21
3153,3556,4363,0.0,0.009999999776482582,2.205153703689575,0.17216481268405914,0.17216481268405914,0.001721648033708334,3,3,9
3154,1384,3556,0.0,0.009999999776482582,4.0379767417907715,0.43399667739868164,0.43399667739868164,0.004339966457337141,3,5,15
3155,1384,4132,0.0,0.009999999776482582,6.181303024291992,0.7401861548423767,0.7401861548423767,0.007401861250400543,3,7,21
3156,1385,3861,0.0,0.009999999776482582,1.7376725673675537,0.1053817942738533,0.1053817942738533,0.0010538179194554687,3,2,6
3157,1385,4132,0.0,0.009999999776482582,6.181303024291992,0.7401861548423767,0.7401861548423767,0.007401861250400543,3,7,21
3158,1386,3533,0.0,0.009999999776482582,2.519052028656006,0.21700742840766907,0.21700742840766907,0.002170074265450239,3,3,9
3159,1386,1387,0.0,0.009999999776482582,2.519052028656006,0.21700742840766907,0.21700742840766907,0.002170074265450239,3,3,9
3160,1387,3973,0.0,0.009999999776482582,1.7515826225280762,0.10736894607543945,0.10736894607543945,0.0010736894328147173,3,2,6
3161,3746,4513,0.0,0.009999999776482582,6.075577259063721,0.7250824570655823,0.7250824570655823,0.007250824477523565,3,7,21
3162,1388,4513,0.0,0.009999999776482582,1.422940969467163,0.06042013689875603,0.06042013689875603,0.000604201341047883,3,2,6
3163,1388,3746,0.0,0.009999999776482582,6.075577259063721,0.7250824570655823,0.7250824570655823,0.007250824477523565,3,7,21
3164,1389,3746,0.0,0.009999999776482582,6.075577259063721,0.7250824570655823,0.7250824570655823,0.007250824477523565,3,7,21
3165,1389,2941,0.0,0.009999999776482582,1.9234771728515625,0.1319253146648407,0.1319253146648407,0.0013192531187087297,3,2,6
3166,2941,3746,0.0,0.009999999776482582,6.075577259063721,0.7250824570655823,0.7250824570655823,0.007250824477523565,3,7,21
3167,3207,3974,0.0,0.009999999776482582,1.7607347965240479,0.10867639631032944,0.10867639631032944,0.0010867639211937785,3,2,6
3168,3782,3974,0.0,0.009999999776482582,1.5353384017944336,0.07647691667079926,0.07647691667079926,0.0007647691527381539,3,2,6
3169,1390,3782,0.0,0.009999999776482582,1.4127600193023682,0.058965716511011124,0.058965716511011124,0.0005896571674384177,3,2,6
3170,1390,3180,0.0,0.009999999776482582,1.4193865060806274,0.05991235747933388,0.05991235747933388,0.0005991235375404358,3,2,6
3171,3159,3271,0.0,0.009999999776482582,2.7419676780700684,0.24885252118110657,0.24885252118110657,0.002488525118678808,3,3,9
3172,3356,3861,1.0,1.0,1.8445146083831787,0.1206449419260025,0.1206449419260025,0.1206449419260025,5,2,10
3173,3335,3861,1.0,1.0,7.126559734344482,0.8752228021621704,0.8752228021621704,0.8752228021621704,5,8,40
3174,3796,3861,0.0,0.009999999776482582,1.6903471946716309,0.09862102568149567,0.09862102568149567,0.0009862101869657636,3,2,6
3175,3335,3796,0.0,0.009999999776482582,7.126559734344482,0.8752228021621704,0.8752228021621704,0.008752227760851383,3,8,24
3176,1391,4003,0.0,0.009999999776482582,4.180234909057617,0.4543192684650421,0.4543192684650421,0.004543192684650421,3,5,15
3177,1391,4514,0.0,0.009999999776482582,2.0472304821014404,0.14960435032844543,0.14960435032844543,0.0014960435219109058,3,3,9
3178,1392,4514,0.0,0.009999999776482582,2.535588026046753,0.21936972439289093,0.21936972439289093,0.002193697262555361,3,3,9
3179,1392,3861,0.0,0.009999999776482582,2.535588026046753,0.21936972439289093,0.21936972439289093,0.002193697262555361,3,3,9
3180,3861,4079,0.4999999701976776,0.5049999952316284,1.6088249683380127,0.08697499334812164,0.08697499334812164,0.04392237216234207,5,2,10
3181,3356,4514,0.0,0.009999999776482582,1.8445146083831787,0.1206449419260025,0.1206449419260025,0.001206449349410832,3,2,6
3182,3335,4514,0.4999999701976776,0.5049999952316284,7.126559734344482,0.8752228021621704,0.8752228021621704,0.4419875144958496,5,8,40
3183,3861,4514,0.4999999701976776,0.5049999952316284,1.5301241874694824,0.0757320299744606,0.0757320299744606,0.03824467584490776,5,2,10
3184,3356,4003,0.0,0.009999999776482582,4.180234909057617,0.4543192684650421,0.4543192684650421,0.004543192684650421,3,5,15
3185,4003,4514,0.0,0.009999999776482582,4.180234909057617,0.4543192684650421,0.4543192684650421,0.004543192684650421,3,5,15
3186,3335,3356,0.0,0.009999999776482582,7.126559734344482,0.8752228021621704,0.8752228021621704,0.008752227760851383,3,8,24
3187,1393,3861,0.0,0.009999999776482582,1.9502774477005005,0.13575391471385956,0.13575391471385956,0.001357539091259241,3,2,6
3188,1393,3335,0.0,0.009999999776482582,7.126559734344482,0.8752228021621704,0.8752228021621704,0.008752227760851383,3,8,24
3189,1394,3603,0.0,0.009999999776482582,1.6510406732559204,0.09300581365823746,0.09300581365823746,0.0009300581295974553,3,2,6
3190,1394,1395,0.0,0.009999999776482582,1.4283921718597412,0.0611988827586174,0.0611988827586174,0.000611988827586174,3,2,6
3191,1395,4336,0.0,0.009999999776482582,1.2384552955627441,0.034065041691064835,0.034065041691064835,0.00034065041108988225,3,2,6
3192,1396,3603,0.0,0.009999999776482582,1.6510406732559204,0.09300581365823746,0.09300581365823746,0.0009300581295974553,3,2,6
3193,1396,1397,0.0,0.009999999776482582,1.1329026222229004,0.018986089155077934,0.018986089155077934,0.00018986088980454952,3,2,6
3194,1397,3603,0.0,0.009999999776482582,1.6510406732559204,0.09300581365823746,0.09300581365823746,0.0009300581295974553,3,2,6
3195,1398,4515,0.0,0.009999999776482582,1.214955449104309,0.03070792183279991,0.03070792183279991,0.00030707920086570084,3,2,6
3196,1398,1399,0.0,0.009999999776482582,1.1902824640274048,0.027183208614587784,0.027183208614587784,0.0002718320756684989,3,2,6
3197,1399,4515,0.0,0.009999999776482582,1.214955449104309,0.03070792183279991,0.03070792183279991,0.00030707920086570084,3,2,6
3198,1400,4173,0.0,0.009999999776482582,4.969567775726318,0.567081093788147,0.567081093788147,0.005670810583978891,3,5,15
3199,1400,3889,0.0,0.009999999776482582,1.1125423908233643,0.01607748493552208,0.01607748493552208,0.00016077484178822488,3,2,6
3200,3889,4173,0.4999999701976776,0.5049999952316284,4.969567775726318,0.567081093788147,0.567081093788147,0.2863759398460388,5,5,25
3201,1401,4173,0.0,0.009999999776482582,4.969567775726318,0.567081093788147,0.567081093788147,0.005670810583978891,3,5,15
3202,1401,3333,0.0,0.009999999776482582,1.1033016443252563,0.014757378026843071,0.014757378026843071,0.00014757378085050732,3,2,6
3203,3333,4173,0.0,0.009999999776482582,4.969567775726318,0.567081093788147,0.567081093788147,0.005670810583978891,3,5,15
3204,3333,3889,0.0,0.009999999776482582,1.0695229768753052,0.009931853972375393,0.009931853972375393,9.931853855960071e-05,3,2,6
3205,1402,4058,0.0,0.009999999776482582,6.7721381187438965,0.8245911598205566,0.8245911598205566,0.008245911449193954,3,7,21
3206,1402,1403,0.0,0.009999999776482582,1.6903777122497559,0.09862538427114487,0.09862538427114487,0.0009862538427114487,3,2,6
3207,1403,3199,0.0,0.009999999776482582,2.2862374782562256,0.18374821543693542,0.18374821543693542,0.001837482093833387,3,3,9
3208,3590,4193,0.0,0.009999999776482582,2.6847891807556152,0.2406841665506363,0.2406841665506363,0.0024068416096270084,3,3,9
3209,1404,4193,0.0,0.009999999776482582,2.3857078552246094,0.19795826077461243,0.19795826077461243,0.001979582477360964,3,3,9
3210,1404,4058,0.0,0.009999999776482582,6.7721381187438965,0.8245911598205566,0.8245911598205566,0.008245911449193954,3,7,21
3211,1405,3351,0.0,0.009999999776482582,4.757808685302734,0.5368298292160034,0.5368298292160034,0.005368298385292292,3,5,15
3212,1405,1406,0.0,0.009999999776482582,1.376356840133667,0.05376526340842247,0.05376526340842247,0.0005376526387408376,3,2,6
3213,1406,3351,0.0,0.009999999776482582,4.757808685302734,0.5368298292160034,0.5368298292160034,0.005368298385292292,3,5,15
3214,1407,3351,0.0,0.009999999776482582,4.757808685302734,0.5368298292160034,0.5368298292160034,0.005368298385292292,3,5,15
3215,1407,1408,0.0,0.009999999776482582,1.4851808547973633,0.06931155174970627,0.06931155174970627,0.0006931155221536756,3,2,6
3216,1408,1409,0.0,0.009999999776482582,1.4851808547973633,0.06931155174970627,0.06931155174970627,0.0006931155221536756,3,2,6
3217,1409,3351,0.0,0.009999999776482582,4.757808685302734,0.5368298292160034,0.5368298292160034,0.005368298385292292,3,5,15
3218,1410,3351,0.0,0.009999999776482582,4.757808685302734,0.5368298292160034,0.5368298292160034,0.005368298385292292,3,5,15
3219,1410,4190,0.0,0.009999999776482582,1.5961941480636597,0.08517058938741684,0.08517058938741684,0.0008517059031873941,3,2,6
3220,3247,4190,0.0,0.009999999776482582,3.75626802444458,0.3937525749206543,0.3937525749206543,0.003937525674700737,3,4,12
3221,1411,3351,0.0,0.009999999776482582,4.757808685302734,0.5368298292160034,0.5368298292160034,0.005368298385292292,3,5,15
3222,1411,3232,0.0,0.009999999776482582,1.6812517642974854,0.09732168167829514,0.09732168167829514,0.0009732167818583548,3,2,6
3223,1412,3351,0.0,0.009999999776482582,4.757808685302734,0.5368298292160034,0.5368298292160034,0.005368298385292292,3,5,15
3224,1412,1413,0.0,0.009999999776482582,1.171176791191101,0.02445382811129093,0.02445382811129093,0.00024453827063553035,3,2,6
3225,1413,3351,0.0,0.009999999776482582,4.757808685302734,0.5368298292160034,0.5368298292160034,0.005368298385292292,3,5,15
3226,1414,3351,0.0,0.009999999776482582,4.757808685302734,0.5368298292160034,0.5368298292160034,0.005368298385292292,3,5,15
3227,1414,3232,0.0,0.009999999776482582,1.8578612804412842,0.12255161255598068,0.12255161255598068,0.001225516083650291,3,2,6
3228,1415,3351,0.0,0.009999999776482582,4.757808685302734,0.5368298292160034,0.5368298292160034,0.005368298385292292,3,5,15
3229,1415,1416,0.0,0.009999999776482582,1.5265147686004639,0.0752163976430893,0.0752163976430893,0.0007521639345213771,3,2,6
3230,1416,3351,0.0,0.009999999776482582,4.757808685302734,0.5368298292160034,0.5368298292160034,0.005368298385292292,3,5,15
3231,1417,3161,0.0,0.009999999776482582,2.3173084259033203,0.188186913728714,0.188186913728714,0.0018818690441548824,3,3,9
3232,1417,1418,0.0,0.009999999776482582,2.3813252449035645,0.19733217358589172,0.19733217358589172,0.0019733216613531113,3,3,9
3233,1418,3161,0.0,0.009999999776482582,2.3813252449035645,0.19733217358589172,0.19733217358589172,0.0019733216613531113,3,3,9
3234,2942,3161,0.0,0.009999999776482582,3.221499443054199,0.31735706329345703,0.31735706329345703,0.003173570614308119,3,4,12
3235,1419,2942,0.0,0.009999999776482582,3.221499443054199,0.31735706329345703,0.31735706329345703,0.003173570614308119,3,4,12
3236,1419,3161,0.0,0.009999999776482582,2.261805534362793,0.18025793135166168,0.18025793135166168,0.001802579266950488,3,3,9
3237,3351,4516,0.4999999701976776,0.5049999952316284,4.757808685302734,0.5368298292160034,0.5368298292160034,0.2710990607738495,5,5,25
3238,4004,4516,0.0,0.009999999776482582,1.2780952453613281,0.039727892726659775,0.039727892726659775,0.00039727892726659775,3,2,6
3239,3351,4004,0.0,0.009999999776482582,4.757808685302734,0.5368298292160034,0.5368298292160034,0.005368298385292292,3,5,15
3240,1420,3351,0.0,0.009999999776482582,4.757808685302734,0.5368298292160034,0.5368298292160034,0.005368298385292292,3,5,15
3241,1420,3981,0.0,0.009999999776482582,1.582284927368164,0.08318356424570084,0.08318356424570084,0.0008318356121890247,3,2,6
3242,3351,3981,0.0,0.009999999776482582,4.757808685302734,0.5368298292160034,0.5368298292160034,0.005368298385292292,3,5,15
3243,3286,4516,0.0,0.009999999776482582,1.1831470727920532,0.026163866743445396,0.026163866743445396,0.0002616386627778411,3,2,6
3244,3286,3351,0.0,0.009999999776482582,4.757808685302734,0.5368298292160034,0.5368298292160034,0.005368298385292292,3,5,15
3245,1421,3351,0.0,0.009999999776482582,4.757808685302734,0.5368298292160034,0.5368298292160034,0.005368298385292292,3,5,15
3246,1421,1422,0.0,0.009999999776482582,1.0966708660125732,0.013810123316943645,0.013810123316943645,0.00013810122618451715,3,2,6
3247,1422,3982,0.0,0.009999999776482582,1.1214563846588135,0.01735091209411621,0.01735091209411621,0.0001735091209411621,3,2,6
3248,3351,3982,0.0,0.009999999776482582,4.757808685302734,0.5368298292160034,0.5368298292160034,0.005368298385292292,3,5,15
3249,3972,4004,0.0,0.009999999776482582,2.07297420501709,0.153282031416893,0.153282031416893,0.0015328202862292528,3,3,9
3250,3351,3972,0.0,0.009999999776482582,4.757808685302734,0.5368298292160034,0.5368298292160034,0.005368298385292292,3,5,15
3251,3362,3876,0.0,0.009999999776482582,4.025508880615234,0.43221554160118103,0.43221554160118103,0.004322155378758907,3,5,15
3252,3221,3876,0.0,0.009999999776482582,2.2993311882019043,0.18561874330043793,0.18561874330043793,0.0018561873584985733,3,3,9
3253,1423,3287,0.0,0.009999999776482582,4.960546016693115,0.5657922625541687,0.5657922625541687,0.005657922476530075,3,5,15
3254,1423,3774,0.0,0.009999999776482582,1.9342098236083984,0.13345853984355927,0.13345853984355927,0.0013345853658393025,3,2,6
3255,2943,4517,0.0,0.009999999776482582,3.778438091278076,0.39691972732543945,0.39691972732543945,0.003969197161495686,3,4,12
3256,1424,2943,0.0,0.009999999776482582,1.412211298942566,0.05888732895255089,0.05888732895255089,0.000588873284868896,3,2,6
3257,1424,4517,0.0,0.009999999776482582,3.778438091278076,0.39691972732543945,0.39691972732543945,0.003969197161495686,3,4,12
3258,4517,4518,0.0,0.009999999776482582,3.778438091278076,0.39691972732543945,0.39691972732543945,0.003969197161495686,3,4,12
3259,1425,4518,0.0,0.009999999776482582,1.410710096359253,0.05867287144064903,0.05867287144064903,0.0005867286818102002,3,2,6
3260,1425,3984,0.0,0.009999999776482582,1.6911941766738892,0.09874202311038971,0.09874202311038971,0.0009874202078208327,3,2,6
3261,3984,4517,0.0,0.009999999776482582,3.778438091278076,0.39691972732543945,0.39691972732543945,0.003969197161495686,3,4,12
3262,3979,4517,0.0,0.009999999776482582,3.778438091278076,0.39691972732543945,0.39691972732543945,0.003969197161495686,3,4,12
3263,1426,3979,0.0,0.009999999776482582,2.4403090476989746,0.20575843751430511,0.20575843751430511,0.002057584235444665,3,3,9
3264,1426,4518,0.0,0.009999999776482582,1.8352012634277344,0.11931446939706802,0.11931446939706802,0.0011931447079405189,3,2,6
3265,1427,4517,0.0,0.009999999776482582,3.778438091278076,0.39691972732543945,0.39691972732543945,0.003969197161495686,3,4,12
3266,1427,2944,0.0,0.009999999776482582,1.2137844562530518,0.03054063580930233,0.03054063580930233,0.00030540634179487824,3,2,6
3267,2944,4518,0.0,0.009999999776482582,1.2137844562530518,0.03054063580930233,0.03054063580930233,0.00030540634179487824,3,2,6
3268,1428,4518,0.0,0.009999999776482582,1.1242475509643555,0.01774965040385723,0.01774965040385723,0.00017749650578480214,3,2,6
3269,1428,1429,0.0,0.009999999776482582,1.34287691116333,0.0489824153482914,0.0489824153482914,0.0004898241604678333,3,2,6
3270,1429,4517,0.0,0.009999999776482582,3.778438091278076,0.39691972732543945,0.39691972732543945,0.003969197161495686,3,4,12
3271,1430,3591,0.0,0.009999999776482582,4.721456527709961,0.531636655330658,0.531636655330658,0.005316366441547871,3,5,15
3272,1430,1431,0.0,0.009999999776482582,1.3484797477722168,0.04978282004594803,0.04978282004594803,0.0004978281795047224,3,2,6
3273,1431,3591,0.0,0.009999999776482582,4.721456527709961,0.531636655330658,0.531636655330658,0.005316366441547871,3,5,15
3274,1432,3591,0.0,0.009999999776482582,4.721456527709961,0.531636655330658,0.531636655330658,0.005316366441547871,3,5,15
3275,1432,1433,0.0,0.009999999776482582,1.352954626083374,0.05042209103703499,0.05042209103703499,0.0005042208940722048,3,2,6
3276,1433,3591,0.0,0.009999999776482582,4.721456527709961,0.531636655330658,0.531636655330658,0.005316366441547871,3,5,15
3277,1434,3986,0.0,0.009999999776482582,1.2386977672576904,0.034099679440259933,0.034099679440259933,0.00034099677577614784,3,2,6
3278,1434,3971,0.0,0.009999999776482582,1.7004096508026123,0.10005851835012436,0.10005851835012436,0.0010005851509049535,3,2,6
3279,3971,3987,0.0,0.009999999776482582,2.1167409420013428,0.15953442454338074,0.15953442454338074,0.0015953441616147757,3,3,9
3280,2945,3415,0.4999999701976776,0.5049999952316284,4.253567218780518,0.46479532122612,0.46479532122612,0.23472163081169128,5,5,25
3281,1435,2945,0.0,0.009999999776482582,1.545102834701538,0.07787183672189713,0.07787183672189713,0.0007787183276377618,3,2,6
3282,1435,3415,0.0,0.009999999776482582,4.253567218780518,0.46479532122612,0.46479532122612,0.0046479529701173306,3,5,15
3283,1436,2945,0.0,0.009999999776482582,1.9613085985183716,0.1373298019170761,0.1373298019170761,0.0013732980005443096,3,2,6
3284,1436,3415,0.0,0.009999999776482582,4.253567218780518,0.46479532122612,0.46479532122612,0.0046479529701173306,3,5,15
3285,1437,3534,0.0,0.009999999776482582,2.756946563720703,0.2509923577308655,0.2509923577308655,0.002509923418983817,3,3,9
3286,1437,1438,0.0,0.009999999776482582,1.3519961833953857,0.05028516799211502,0.05028516799211502,0.0005028516752645373,3,2,6
3287,1438,1439,0.0,0.009999999776482582,1.1629935503005981,0.02328479290008545,0.02328479290008545,0.0002328479167772457,3,2,6
3288,1439,3534,0.0,0.009999999776482582,2.756946563720703,0.2509923577308655,0.2509923577308655,0.002509923418983817,3,3,9
3289,1440,3162,0.0,0.009999999776482582,1.7237635850906372,0.10339479893445969,0.10339479893445969,0.0010339479194954038,3,2,6
3290,1440,1441,0.0,0.009999999776482582,1.9409008026123047,0.134414404630661,0.134414404630661,0.0013441439950838685,3,2,6
3291,1441,1442,0.0,0.009999999776482582,2.237147331237793,0.17673532664775848,0.17673532664775848,0.0017673532711341977,3,3,9
3292,1442,3246,0.0,0.009999999776482582,2.237147331237793,0.17673532664775848,0.17673532664775848,0.0017673532711341977,3,3,9
3293,3162,3246,0.4999999701976776,0.5049999952316284,1.7237635850906372,0.10339479893445969,0.10339479893445969,0.0522143729031086,5,2,10
3294,2946,3162,0.0,0.009999999776482582,1.7237635850906372,0.10339479893445969,0.10339479893445969,0.0010339479194954038,3,2,6
3295,1443,3208,0.0,0.009999999776482582,6.996101379394531,0.8565859198570251,0.8565859198570251,0.00856585893779993,3,7,21
3296,1443,3873,0.0,0.009999999776482582,2.0005810260772705,0.14294014871120453,0.14294014871120453,0.0014294014545157552,3,3,9
3297,3208,3873,1.0,1.0,6.996101379394531,0.8565859198570251,0.8565859198570251,0.8565859198570251,5,7,35
3298,3229,3828,0.0,0.009999999776482582,2.358599901199341,0.19408570230007172,0.19408570230007172,0.0019408570369705558,3,3,9
3299,1444,3229,0.0,0.009999999776482582,1.3783814907073975,0.05405449867248535,0.05405449867248535,0.0005405449774116278,3,2,6
3300,1444,3429,0.0,0.009999999776482582,1.0550737380981445,0.007867677137255669,0.007867677137255669,7.867677049944177e-05,3,2,6
3301,1445,4449,0.0,0.009999999776482582,1.279853343963623,0.03997904807329178,0.03997904807329178,0.00039979047141969204,3,2,6
3302,1445,1446,0.0,0.009999999776482582,1.279853343963623,0.03997904807329178,0.03997904807329178,0.00039979047141969204,3,2,6
3303,1446,1447,0.0,0.009999999776482582,1.143161416053772,0.020451631397008896,0.020451631397008896,0.00020451631280593574,3,2,6
3304,1447,1448,0.0,0.009999999776482582,2.12837553024292,0.1611965000629425,0.1611965000629425,0.0016119650099426508,3,3,9
3305,1448,4519,0.0,0.009999999776482582,2.12837553024292,0.1611965000629425,0.1611965000629425,0.0016119650099426508,3,3,9
3306,2947,4519,0.0,0.009999999776482582,1.7933950424194336,0.11334215104579926,0.11334215104579926,0.0011334214359521866,3,2,6
3307,2947,2948,0.0,0.009999999776482582,1.1458767652511597,0.020839538425207138,0.020839538425207138,0.0002083953731926158,3,2,6
3308,1449,2948,0.0,0.009999999776482582,1.0860018730163574,0.012285982258617878,0.012285982258617878,0.00012285982666071504,3,2,6
3309,1449,1450,0.0,0.009999999776482582,1.0618796348571777,0.00883994810283184,0.00883994810283184,8.839947986416519e-05,3,2,6
3310,1450,2947,0.0,0.009999999776482582,1.1458767652511597,0.020839538425207138,0.020839538425207138,0.0002083953731926158,3,2,6
3311,2947,3157,0.0,0.009999999776482582,1.1458767652511597,0.020839538425207138,0.020839538425207138,0.0002083953731926158,3,2,6
3312,1451,3991,0.0,0.009999999776482582,1.467761754989624,0.06682310998439789,0.06682310998439789,0.0006682311068288982,3,2,6
3313,1451,4519,0.0,0.009999999776482582,1.7933950424194336,0.11334215104579926,0.11334215104579926,0.0011334214359521866,3,2,6
3314,1452,1453,0.0,0.009999999776482582,1.057494044303894,0.008213435299694538,0.008213435299694538,8.213434921344742e-05,3,2,6
3315,1453,1454,0.0,0.009999999776482582,2.0357861518859863,0.14796945452690125,0.14796945452690125,0.0014796945033594966,3,3,9
3316,1454,4519,0.0,0.009999999776482582,2.0357861518859863,0.14796945452690125,0.14796945452690125,0.0014796945033594966,3,3,9
3317,3335,4120,0.0,0.009999999776482582,7.126559734344482,0.8752228021621704,0.8752228021621704,0.008752227760851383,3,8,24
3318,1455,4120,0.0,0.009999999776482582,1.578450083732605,0.08263572305440903,0.08263572305440903,0.000826357223559171,3,2,6
3319,1455,3335,0.0,0.009999999776482582,7.126559734344482,0.8752228021621704,0.8752228021621704,0.008752227760851383,3,8,24
3320,3244,3335,0.0,0.009999999776482582,7.126559734344482,0.8752228021621704,0.8752228021621704,0.008752227760851383,3,8,24
3321,3244,4120,0.0,0.009999999776482582,1.578450083732605,0.08263572305440903,0.08263572305440903,0.000826357223559171,3,2,6
3322,1456,3335,0.0,0.009999999776482582,7.126559734344482,0.8752228021621704,0.8752228021621704,0.008752227760851383,3,8,24
3323,1456,3290,0.0,0.009999999776482582,1.256408452987671,0.036629777401685715,0.036629777401685715,0.00036629775422625244,3,2,6
3324,3290,3335,0.4999999701976776,0.5049999952316284,7.126559734344482,0.8752228021621704,0.8752228021621704,0.4419875144958496,5,8,40
3325,1457,3335,0.0,0.009999999776482582,7.126559734344482,0.8752228021621704,0.8752228021621704,0.008752227760851383,3,8,24
3326,1457,3734,0.0,0.009999999776482582,1.6051080226898193,0.08644400537014008,0.08644400537014008,0.0008644400513730943,3,2,6
3327,3335,3734,0.0,0.009999999776482582,7.126559734344482,0.8752228021621704,0.8752228021621704,0.008752227760851383,3,8,24
3328,1458,3335,0.0,0.009999999776482582,7.126559734344482,0.8752228021621704,0.8752228021621704,0.008752227760851383,3,8,24
3329,1458,2949,0.0,0.009999999776482582,1.2165062427520752,0.030929462984204292,0.030929462984204292,0.00030929461354389787,3,2,6
3330,2949,3335,0.0,0.009999999776482582,7.126559734344482,0.8752228021621704,0.8752228021621704,0.008752227760851383,3,8,24
3331,2950,3335,0.0,0.009999999776482582,7.126559734344482,0.8752228021621704,0.8752228021621704,0.008752227760851383,3,8,24
3332,2950,3290,0.0,0.009999999776482582,1.869775652885437,0.12425366789102554,0.12425366789102554,0.0012425367021933198,3,2,6
3333,4237,4520,0.0,0.009999999776482582,2.2476093769073486,0.1782299131155014,0.1782299131155014,0.001782299135811627,3,3,9
3334,2951,4237,0.0,0.009999999776482582,2.2476093769073486,0.1782299131155014,0.1782299131155014,0.001782299135811627,3,3,9
3335,2951,4520,0.0,0.009999999776482582,1.9977110624313354,0.142530158162117,0.142530158162117,0.0014253015397116542,3,2,6
3336,1459,3776,0.0,0.009999999776482582,1.146386981010437,0.020912425592541695,0.020912425592541695,0.00020912424952257425,3,2,6
3337,1459,1460,0.0,0.009999999776482582,1.3242812156677246,0.046325888484716415,0.046325888484716415,0.0004632588825188577,3,2,6
3338,1460,1461,0.0,0.009999999776482582,2.4860618114471436,0.2122945487499237,0.2122945487499237,0.002122945385053754,3,3,9
3339,3208,3863,0.0,0.009999999776482582,6.996101379394531,0.8565859198570251,0.8565859198570251,0.00856585893779993,3,7,21
3340,3863,4135,0.0,0.009999999776482582,1.987886905670166,0.14112670719623566,0.14112670719623566,0.001411267090588808,3,2,6
3341,3208,4135,0.0,0.009999999776482582,6.996101379394531,0.8565859198570251,0.8565859198570251,0.00856585893779993,3,7,21
3342,1462,4521,0.0,0.009999999776482582,1.486476182937622,0.06949659436941147,0.06949659436941147,0.0006949659436941147,3,2,6
3343,1462,1463,0.0,0.009999999776482582,1.027177095413208,0.003882442135363817,0.003882442135363817,3.882441887981258e-05,3,2,6
3344,1463,1464,0.0,0.009999999776482582,1.1174297332763672,0.016775676980614662,0.016775676980614662,0.00016775676340330392,3,2,6
3345,1464,2952,0.0,0.009999999776482582,1.1174297332763672,0.016775676980614662,0.016775676980614662,0.00016775676340330392,3,2,6
3346,1465,2952,0.0,0.009999999776482582,1.3609237670898438,0.05156053975224495,0.05156053975224495,0.0005156053812243044,3,2,6
3347,3299,3942,0.0,0.009999999776482582,6.190582752227783,0.7415118217468262,0.7415118217468262,0.007415118161588907,3,7,21
3348,2953,3942,0.0,0.009999999776482582,2.3551998138427734,0.19359996914863586,0.19359996914863586,0.001935999607667327,3,3,9
3349,2953,3299,0.0,0.009999999776482582,6.190582752227783,0.7415118217468262,0.7415118217468262,0.007415118161588907,3,7,21
3350,1466,3299,0.0,0.009999999776482582,6.190582752227783,0.7415118217468262,0.7415118217468262,0.007415118161588907,3,7,21
3351,1466,3685,0.0,0.009999999776482582,2.1724259853363037,0.1674894243478775,0.1674894243478775,0.001674894243478775,3,3,9
3352,3299,3685,0.0,0.009999999776482582,6.190582752227783,0.7415118217468262,0.7415118217468262,0.007415118161588907,3,7,21
3353,1467,3992,0.0,0.009999999776482582,1.108439326286316,0.015491331927478313,0.015491331927478313,0.00015491331578232348,3,2,6
3354,1467,1468,0.0,0.009999999776482582,1.0757962465286255,0.010828034952282906,0.010828034952282906,0.00010828035010490566,3,2,6
3355,1468,3992,0.0,0.009999999776482582,1.108439326286316,0.015491331927478313,0.015491331927478313,0.00015491331578232348,3,2,6
3356,2954,4522,0.0,0.009999999776482582,1.7819396257400513,0.11170566082000732,0.11170566082000732,0.0011170565849170089,3,2,6
3357,2954,2955,0.0,0.009999999776482582,1.7819396257400513,0.11170566082000732,0.11170566082000732,0.0011170565849170089,3,2,6
3358,2955,4523,0.0,0.009999999776482582,2.4710209369659424,0.21014584600925446,0.21014584600925446,0.002101458376273513,3,3,9
3359,1469,4524,0.0,0.009999999776482582,1.3099873065948486,0.044283900409936905,0.044283900409936905,0.0004428389947861433,3,2,6
3360,1469,1470,0.0,0.009999999776482582,1.3099873065948486,0.044283900409936905,0.044283900409936905,0.0004428389947861433,3,2,6
3361,1470,4524,0.0,0.009999999776482582,1.2991862297058105,0.04274088889360428,0.04274088889360428,0.0004274088714737445,3,2,6
3362,2956,4524,0.0,0.009999999776482582,1.2904222011566162,0.0414888858795166,0.0414888858795166,0.0004148888401687145,3,2,6
3363,2956,3502,0.0,0.009999999776482582,1.236858606338501,0.03383694216609001,0.03383694216609001,0.0003383694274816662,3,2,6
3364,1471,3502,0.0,0.009999999776482582,1.072147011756897,0.010306715965270996,0.010306715965270996,0.0001030671555781737,3,2,6
3365,1471,4524,0.0,0.009999999776482582,1.2904222011566162,0.0414888858795166,0.0414888858795166,0.0004148888401687145,3,2,6
3366,1472,4524,0.0,0.009999999776482582,1.587388038635254,0.08391257375478745,0.08391257375478745,0.0008391257142648101,3,2,6
3367,1472,1473,0.0,0.009999999776482582,1.587388038635254,0.08391257375478745,0.08391257375478745,0.0008391257142648101,3,2,6
3368,1473,4524,0.0,0.009999999776482582,1.473976492881775,0.06771092861890793,0.06771092861890793,0.0006771092885173857,3,2,6
3369,1474,4524,0.0,0.009999999776482582,1.2904222011566162,0.0414888858795166,0.0414888858795166,0.0004148888401687145,3,2,6
3370,1474,1475,0.0,0.009999999776482582,1.3089287281036377,0.04413267597556114,0.04413267597556114,0.0004413267597556114,3,2,6
3371,1475,4524,0.0,0.009999999776482582,1.3089287281036377,0.04413267597556114,0.04413267597556114,0.0004413267597556114,3,2,6
3372,3291,4524,0.0,0.009999999776482582,1.8352457284927368,0.1193208172917366,0.1193208172917366,0.0011932081542909145,3,2,6
3373,1476,3291,0.0,0.009999999776482582,1.8352457284927368,0.1193208172917366,0.1193208172917366,0.0011932081542909145,3,2,6
3374,1476,4524,0.0,0.009999999776482582,1.3110076189041138,0.044429659843444824,0.044429659843444824,0.0004442966019269079,3,2,6
3375,1477,3842,0.0,0.009999999776482582,2.3492727279663086,0.19275324046611786,0.19275324046611786,0.0019275323720648885,3,3,9
3376,1477,1478,0.0,0.009999999776482582,1.9943208694458008,0.14204584062099457,0.14204584062099457,0.00142045842949301,3,2,6
3377,1478,3503,0.0,0.009999999776482582,4.883973598480225,0.5548533797264099,0.5548533797264099,0.005548533517867327,3,5,15
3378,3127,3292,0.0,0.009999999776482582,2.5781736373901367,0.22545337677001953,0.22545337677001953,0.002254533814266324,3,3,9
3379,1479,3292,0.0,0.009999999776482582,4.094869613647461,0.44212421774864197,0.44212421774864197,0.004421242047101259,3,5,15
3380,1479,4124,0.0,0.009999999776482582,4.094869613647461,0.44212421774864197,0.44212421774864197,0.004421242047101259,3,5,15
3381,3292,4124,0.0,0.009999999776482582,2.5781736373901367,0.22545337677001953,0.22545337677001953,0.002254533814266324,3,3,9
3382,1480,3292,0.0,0.009999999776482582,2.5781736373901367,0.22545337677001953,0.22545337677001953,0.002254533814266324,3,3,9
3383,1480,4124,0.0,0.009999999776482582,2.5163791179656982,0.21662558615207672,0.21662558615207672,0.0021662558428943157,3,3,9
3384,1481,3351,0.0,0.009999999776482582,4.757808685302734,0.5368298292160034,0.5368298292160034,0.005368298385292292,3,5,15
3385,1481,3921,0.0,0.009999999776482582,1.2617030143737793,0.03738614544272423,0.03738614544272423,0.00037386143230833113,3,2,6
3386,2957,3351,0.4999999701976776,0.5049999952316284,4.757808685302734,0.5368298292160034,0.5368298292160034,0.2710990607738495,5,5,25
3387,2957,3232,0.4999999701976776,0.5049999952316284,1.5546876192092896,0.07924108952283859,0.07924108952283859,0.04001674801111221,5,2,10
3388,1482,3351,0.0,0.009999999776482582,4.757808685302734,0.5368298292160034,0.5368298292160034,0.005368298385292292,3,5,15
3389,1482,3232,0.0,0.009999999776482582,1.5546876192092896,0.07924108952283859,0.07924108952283859,0.0007924108649604023,3,2,6
3390,3513,4084,0.0,0.009999999776482582,4.218679904937744,0.45981141924858093,0.45981141924858093,0.004598114173859358,3,5,15
3391,1483,4084,0.0,0.009999999776482582,1.3619966506958008,0.05171380564570427,0.05171380564570427,0.000517138047143817,3,2,6
3392,1483,1484,0.0,0.009999999776482582,1.3619966506958008,0.05171380564570427,0.05171380564570427,0.000517138047143817,3,2,6
3393,1484,3513,0.0,0.009999999776482582,4.218679904937744,0.45981141924858093,0.45981141924858093,0.004598114173859358,3,5,15
3394,2958,3513,0.0,0.009999999776482582,4.218679904937744,0.45981141924858093,0.45981141924858093,0.004598114173859358,3,5,15
3395,2958,4084,0.0,0.009999999776482582,1.2112648487091064,0.030180692672729492,0.030180692672729492,0.0003018069255631417,3,2,6
3396,1485,4525,0.0,0.009999999776482582,1.9144054651260376,0.13062934577465057,0.13062934577465057,0.0013062934158369899,3,2,6
3397,1485,1486,0.0,0.009999999776482582,1.663269281387329,0.09475275129079819,0.09475275129079819,0.000947527470998466,3,2,6
3398,1486,4525,0.0,0.009999999776482582,1.9144054651260376,0.13062934577465057,0.13062934577465057,0.0013062934158369899,3,2,6
3399,4525,4526,0.4999999701976776,0.5049999952316284,1.9144054651260376,0.13062934577465057,0.13062934577465057,0.06596782058477402,5,2,10
3400,1487,4526,0.0,0.009999999776482582,1.623075246810913,0.08901075273752213,0.08901075273752213,0.0008901075343601406,3,2,6
3401,1487,4525,0.0,0.009999999776482582,1.9144054651260376,0.13062934577465057,0.13062934577465057,0.0013062934158369899,3,2,6
3402,2959,4526,0.0,0.009999999776482582,1.4649927616119385,0.06642753630876541,0.06642753630876541,0.0006642753724008799,3,2,6
3403,2959,4525,0.0,0.009999999776482582,1.9144054651260376,0.13062934577465057,0.13062934577465057,0.0013062934158369899,3,2,6
3404,1488,4525,0.0,0.009999999776482582,1.9144054651260376,0.13062934577465057,0.13062934577465057,0.0013062934158369899,3,2,6
3405,1488,4526,0.0,0.009999999776482582,1.3572360277175903,0.05103371664881706,0.05103371664881706,0.0005103371804580092,3,2,6
3406,3618,3832,0.0,0.009999999776482582,2.6969387531280518,0.24241982400417328,0.24241982400417328,0.00242419820278883,3,3,9
3407,3618,4306,0.0,0.009999999776482582,1.8000739812850952,0.11429627984762192,0.11429627984762192,0.0011429627193138003,3,2,6
3408,3335,4306,0.4999999701976776,0.5049999952316284,7.126559734344482,0.8752228021621704,0.8752228021621704,0.4419875144958496,5,8,40
3409,3335,4436,0.0,0.009999999776482582,7.126559734344482,0.8752228021621704,0.8752228021621704,0.008752227760851383,3,8,24
3410,4306,4436,0.0,0.009999999776482582,1.5442283153533936,0.0777469053864479,0.0777469053864479,0.0007774690166115761,3,2,6
3411,3335,3619,0.0,0.009999999776482582,7.126559734344482,0.8752228021621704,0.8752228021621704,0.008752227760851383,3,8,24
3412,3264,3619,0.0,0.009999999776482582,1.7629647254943848,0.10899496078491211,0.10899496078491211,0.0010899496264755726,3,2,6
3413,1489,3264,0.0,0.009999999776482582,1.7629647254943848,0.10899496078491211,0.10899496078491211,0.0010899496264755726,3,2,6
3414,1489,3335,0.0,0.009999999776482582,7.126559734344482,0.8752228021621704,0.8752228021621704,0.008752227760851383,3,8,24
3415,1490,3335,0.0,0.009999999776482582,7.126559734344482,0.8752228021621704,0.8752228021621704,0.008752227760851383,3,8,24
3416,1490,3884,0.0,0.009999999776482582,1.5216277837753296,0.07451825588941574,0.07451825588941574,0.0007451825658790767,3,2,6
3417,1491,3884,0.0,0.009999999776482582,2.5213303565979004,0.21733291447162628,0.21733291447162628,0.0021733290050178766,3,3,9
3418,1491,1492,0.0,0.009999999776482582,2.5213303565979004,0.21733291447162628,0.21733291447162628,0.0021733290050178766,3,3,9
3419,1492,1493,0.0,0.009999999776482582,3.6560988426208496,0.3794426918029785,0.3794426918029785,0.0037944267969578505,3,4,12
3420,1493,4527,0.0,0.009999999776482582,4.4716081619262695,0.4959440231323242,0.4959440231323242,0.0049594403244555,3,5,15
3421,1494,3995,0.0,0.009999999776482582,3.7291080951690674,0.38987258076667786,0.38987258076667786,0.003898725612089038,3,4,12
3422,1494,1495,0.0,0.009999999776482582,1.053985595703125,0.007712227758020163,0.007712227758020163,7.712227670708671e-05,3,2,6
3423,1495,3995,0.0,0.009999999776482582,3.7291080951690674,0.38987258076667786,0.38987258076667786,0.003898725612089038,3,4,12
3424,3277,4041,0.0,0.009999999776482582,4.994047164916992,0.5705781579017639,0.5705781579017639,0.005705781280994415,3,5,15
3425,1496,4041,0.0,0.009999999776482582,1.2584377527236938,0.03691967949271202,0.03691967949271202,0.0003691967867780477,3,2,6
3426,1496,3277,0.0,0.009999999776482582,4.994047164916992,0.5705781579017639,0.5705781579017639,0.005705781280994415,3,5,15
3427,1497,4528,0.0,0.009999999776482582,1.3285210132598877,0.04693157225847244,0.04693157225847244,0.000469315709779039,3,2,6
3428,1497,1498,0.0,0.009999999776482582,1.867638349533081,0.12394833564758301,0.12394833564758301,0.001239483361132443,3,2,6
3429,1498,1499,0.0,0.009999999776482582,1.867638349533081,0.12394833564758301,0.12394833564758301,0.001239483361132443,3,2,6
3430,1499,3161,0.0,0.009999999776482582,2.261805534362793,0.18025793135166168,0.18025793135166168,0.001802579266950488,3,3,9
3431,3294,4132,0.4999999701976776,0.5049999952316284,6.181303024291992,0.7401861548423767,0.7401861548423767,0.3737940192222595,5,7,35
3432,3294,3861,0.0,0.009999999776482582,2.204655170440674,0.17209360003471375,0.17209360003471375,0.0017209359211847186,3,3,9
3433,3557,3861,0.0,0.009999999776482582,3.6960854530334473,0.38515505194664,0.38515505194664,0.0038515503983944654,3,4,12
3434,1500,3557,0.0,0.009999999776482582,3.6960854530334473,0.38515505194664,0.38515505194664,0.0038515503983944654,3,4,12
3435,1500,3294,0.0,0.009999999776482582,2.204655170440674,0.17209360003471375,0.17209360003471375,0.0017209359211847186,3,3,9
3436,4001,4019,0.0,0.009999999776482582,2.7544069290161133,0.25062957406044006,0.25062957406044006,0.002506295684725046,3,3,9
3437,2960,4019,0.0,0.009999999776482582,1.9829139709472656,0.14041627943515778,0.14041627943515778,0.0014041627291589975,3,2,6
3438,2960,4529,0.0,0.009999999776482582,1.197888970375061,0.028269853442907333,0.028269853442907333,0.0002826985146384686,3,2,6
3439,4045,4529,0.0,0.009999999776482582,2.264882802963257,0.18069754540920258,0.18069754540920258,0.0018069754587486386,3,3,9
3440,3907,4045,0.0,0.009999999776482582,2.264882802963257,0.18069754540920258,0.18069754540920258,0.0018069754587486386,3,3,9
3441,2960,3520,0.0,0.009999999776482582,4.718880653381348,0.5312686562538147,0.5312686562538147,0.005312686320394278,3,5,15
3442,1501,2960,0.0,0.009999999776482582,1.1435179710388184,0.020502567291259766,0.020502567291259766,0.00020502567349467427,3,2,6
3443,1501,3244,0.0,0.009999999776482582,1.3449714183807373,0.04928163066506386,0.04928163066506386,0.0004928162670694292,3,2,6
3444,3244,4045,0.0,0.009999999776482582,2.264882802963257,0.18069754540920258,0.18069754540920258,0.0018069754587486386,3,3,9
3445,3301,4045,0.0,0.009999999776482582,2.264882802963257,0.18069754540920258,0.18069754540920258,0.0018069754587486386,3,3,9
3446,3907,4529,0.0,0.009999999776482582,1.6698005199432373,0.09568578749895096,0.09568578749895096,0.0009568578680045903,3,2,6
3447,3244,4529,0.0,0.009999999776482582,1.3449714183807373,0.04928163066506386,0.04928163066506386,0.0004928162670694292,3,2,6
3448,3244,3418,0.0,0.009999999776482582,3.565641164779663,0.3665201663970947,0.3665201663970947,0.003665201598778367,3,4,12
3449,1502,3907,0.0,0.009999999776482582,1.6698005199432373,0.09568578749895096,0.09568578749895096,0.0009568578680045903,3,2,6
3450,1502,4019,0.0,0.009999999776482582,1.9829139709472656,0.14041627943515778,0.14041627943515778,0.0014041627291589975,3,2,6
3451,3182,4019,0.0,0.009999999776482582,2.9116992950439453,0.2730998992919922,0.2730998992919922,0.00273099890910089,3,3,9
3452,3182,4529,0.0,0.009999999776482582,2.9116992950439453,0.2730998992919922,0.2730998992919922,0.00273099890910089,3,3,9
3453,1503,4529,0.0,0.009999999776482582,2.1477227210998535,0.16396038234233856,0.16396038234233856,0.0016396037535741925,3,3,9
3454,1503,3907,0.0,0.009999999776482582,2.1477227210998535,0.16396038234233856,0.16396038234233856,0.0016396037535741925,3,3,9
3455,3301,4001,0.0,0.009999999776482582,2.7544069290161133,0.25062957406044006,0.25062957406044006,0.002506295684725046,3,3,9
3456,4001,4529,0.0,0.009999999776482582,2.7544069290161133,0.25062957406044006,0.25062957406044006,0.002506295684725046,3,3,9
3457,3950,4137,0.4999999701976776,0.5049999952316284,3.252213478088379,0.32174476981163025,0.32174476981163025,0.16248111426830292,5,4,20
3458,1504,4137,0.0,0.009999999776482582,2.3135812282562256,0.18765446543693542,0.18765446543693542,0.001876544556580484,3,3,9
3459,1504,1505,0.0,0.009999999776482582,2.2664361000061035,0.18091943860054016,0.18091943860054016,0.00180919433478266,3,3,9
3460,1505,3950,0.0,0.009999999776482582,3.252213478088379,0.32174476981163025,0.32174476981163025,0.0032174475491046906,3,4,12
3461,1506,3950,0.0,0.009999999776482582,3.252213478088379,0.32174476981163025,0.32174476981163025,0.0032174475491046906,3,4,12
3462,1506,4137,0.0,0.009999999776482582,2.3135812282562256,0.18765446543693542,0.18765446543693542,0.001876544556580484,3,3,9
3463,1507,4137,0.0,0.009999999776482582,2.3135812282562256,0.18765446543693542,0.18765446543693542,0.001876544556580484,3,3,9
3464,1507,3950,0.0,0.009999999776482582,3.252213478088379,0.32174476981163025,0.32174476981163025,0.0032174475491046906,3,4,12
3465,1508,2961,0.0,0.009999999776482582,1.0233885049819946,0.0033412149641662836,0.0033412149641662836,3.341215051477775e-05,3,2,6
3466,1509,2961,0.0,0.009999999776482582,1.3157756328582764,0.045110803097486496,0.045110803097486496,0.0004511080333031714,3,2,6
3467,1509,1510,0.0,0.009999999776482582,2.176754951477051,0.16810785233974457,0.16810785233974457,0.0016810784582048655,3,3,9
3468,1510,3950,0.0,0.009999999776482582,3.252213478088379,0.32174476981163025,0.32174476981163025,0.0032174475491046906,3,4,12
3469,1511,3225,0.0,0.009999999776482582,6.652153015136719,0.8074504137039185,0.8074504137039185,0.0080745043233037,3,7,21
3470,1511,1512,0.0,0.009999999776482582,1.700528621673584,0.10007552057504654,0.10007552057504654,0.0010007552336901426,3,2,6
3471,1512,3997,0.0,0.009999999776482582,1.700528621673584,0.10007552057504654,0.10007552057504654,0.0010007552336901426,3,2,6
3472,3225,3997,0.0,0.009999999776482582,6.652153015136719,0.8074504137039185,0.8074504137039185,0.0080745043233037,3,7,21
3473,1513,3994,0.0,0.009999999776482582,2.185183525085449,0.16931192576885223,0.16931192576885223,0.0016931191785261035,3,3,9
3474,1513,1514,0.0,0.009999999776482582,2.185183525085449,0.16931192576885223,0.16931192576885223,0.0016931191785261035,3,3,9
3475,1514,3138,0.0,0.009999999776482582,6.455972671508789,0.7794246673583984,0.7794246673583984,0.007794246543198824,3,7,21
3476,3225,4403,0.4999999701976776,0.5049999952316284,6.652153015136719,0.8074504137039185,0.8074504137039185,0.40776246786117554,5,7,35
3477,1515,4403,0.0,0.009999999776482582,1.1442357301712036,0.02060510404407978,0.02060510404407978,0.00020605103054549545,3,2,6
3478,1515,3225,0.0,0.009999999776482582,6.652153015136719,0.8074504137039185,0.8074504137039185,0.0080745043233037,3,7,21
3479,4322,4403,0.0,0.009999999776482582,1.3706203699111938,0.05294576659798622,0.05294576659798622,0.0005294576403684914,3,2,6
3480,3225,4322,0.0,0.009999999776482582,6.652153015136719,0.8074504137039185,0.8074504137039185,0.0080745043233037,3,7,21
3481,3225,3999,0.0,0.009999999776482582,6.652153015136719,0.8074504137039185,0.8074504137039185,0.0080745043233037,3,7,21
3482,3999,4000,0.4999999701976776,0.5049999952316284,2.038675546646118,0.14838221669197083,0.14838221669197083,0.0749330222606659,5,3,15
3483,3225,4000,0.0,0.009999999776482582,6.652153015136719,0.8074504137039185,0.8074504137039185,0.0080745043233037,3,7,21
3484,1516,3225,0.0,0.009999999776482582,6.652153015136719,0.8074504137039185,0.8074504137039185,0.0080745043233037,3,7,21
3485,1516,1517,0.0,0.009999999776482582,1.374159336090088,0.053451333194971085,0.053451333194971085,0.0005345133249647915,3,2,6
3486,1517,3225,0.0,0.009999999776482582,6.652153015136719,0.8074504137039185,0.8074504137039185,0.0080745043233037,3,7,21
3487,1518,3632,0.0,0.009999999776482582,3.375060558319092,0.3392943739891052,0.3392943739891052,0.003392943646758795,3,4,12
3488,1518,2962,0.0,0.009999999776482582,1.639448881149292,0.09134984016418457,0.09134984016418457,0.0009134983993135393,3,2,6
3489,2962,3682,0.0,0.009999999776482582,2.8332624435424805,0.2618946433067322,0.2618946433067322,0.0026189463678747416,3,3,9
3490,3129,3894,0.0,0.009999999776482582,3.229459285736084,0.31849417090415955,0.31849417090415955,0.0031849415972828865,3,4,12
3491,1519,3894,0.0,0.009999999776482582,1.5810565948486328,0.08300808817148209,0.08300808817148209,0.0008300808840431273,3,2,6
3492,1519,3129,0.0,0.009999999776482582,3.229459285736084,0.31849417090415955,0.31849417090415955,0.0031849415972828865,3,4,12
3493,1520,3682,0.0,0.009999999776482582,2.8332624435424805,0.2618946433067322,0.2618946433067322,0.0026189463678747416,3,3,9
3494,1520,1521,0.0,0.009999999776482582,1.4891057014465332,0.06987224519252777,0.06987224519252777,0.0006987224332988262,3,2,6
3495,1521,3682,0.0,0.009999999776482582,2.8332624435424805,0.2618946433067322,0.2618946433067322,0.0026189463678747416,3,3,9
3496,1522,3682,0.0,0.009999999776482582,2.8332624435424805,0.2618946433067322,0.2618946433067322,0.0026189463678747416,3,3,9
3497,1522,1523,0.0,0.009999999776482582,1.7489160299301147,0.10698800534009933,0.10698800534009933,0.0010698799742385745,3,2,6
3498,1523,1524,0.0,0.009999999776482582,1.1539084911346436,0.021986927837133408,0.021986927837133408,0.0002198692673118785,3,2,6
3499,1524,3682,0.0,0.009999999776482582,2.8332624435424805,0.2618946433067322,0.2618946433067322,0.0026189463678747416,3,3,9
3500,1525,3632,0.0,0.009999999776482582,3.375060558319092,0.3392943739891052,0.3392943739891052,0.003392943646758795,3,4,12
3501,1525,1526,0.0,0.009999999776482582,1.5258467197418213,0.0751209631562233,0.0751209631562233,0.0007512096199207008,3,2,6
3502,1526,3682,0.0,0.009999999776482582,2.8332624435424805,0.2618946433067322,0.2618946433067322,0.0026189463678747416,3,3,9
3503,3682,3886,0.0,0.009999999776482582,2.8332624435424805,0.2618946433067322,0.2618946433067322,0.0026189463678747416,3,3,9
3504,3682,3717,0.0,0.009999999776482582,2.8332624435424805,0.2618946433067322,0.2618946433067322,0.0026189463678747416,3,3,9
3505,1527,3717,0.0,0.009999999776482582,1.4539484977722168,0.06484978646039963,0.06484978646039963,0.000648497836664319,3,2,6
3506,1527,2962,0.0,0.009999999776482582,1.4539484977722168,0.06484978646039963,0.06484978646039963,0.000648497836664319,3,2,6
3507,2963,2964,0.0,0.009999999776482582,2.072589874267578,0.15322712063789368,0.15322712063789368,0.0015322711551561952,3,3,9
3508,1528,2964,0.0,0.009999999776482582,1.7836447954177856,0.11194925755262375,0.11194925755262375,0.0011194925755262375,3,2,6
3509,1528,4530,0.0,0.009999999776482582,1.4633870124816895,0.06619814783334732,0.06619814783334732,0.000661981466691941,3,2,6
3510,3599,4530,0.0,0.009999999776482582,1.7622292041778564,0.10888988524675369,0.10888988524675369,0.0010888988617807627,3,2,6
3511,2964,4530,0.0,0.009999999776482582,1.7836447954177856,0.11194925755262375,0.11194925755262375,0.0011194925755262375,3,2,6
3512,2964,3599,0.0,0.009999999776482582,1.7836447954177856,0.11194925755262375,0.11194925755262375,0.0011194925755262375,3,2,6
3513,1529,3136,0.0,0.009999999776482582,5.684215545654297,0.6691736578941345,0.6691736578941345,0.0066917366348207,3,6,18
3514,1529,1530,0.0,0.009999999776482582,1.8611268997192383,0.12301813066005707,0.12301813066005707,0.0012301813112571836,3,2,6
3515,1530,3136,0.0,0.009999999776482582,5.684215545654297,0.6691736578941345,0.6691736578941345,0.0066917366348207,3,6,18
3516,1531,3227,0.0,0.009999999776482582,1.026879072189331,0.0038398674223572016,0.0038398674223572016,3.8398673495976254e-05,3,2,6
3517,1531,3922,0.0,0.009999999776482582,1.079407811164856,0.011343972757458687,0.011343972757458687,0.00011343972437316552,3,2,6
3518,1532,3922,0.0,0.009999999776482582,1.4644112586975098,0.06634446233510971,0.06634446233510971,0.0006634446326643229,3,2,6
3519,1532,1533,0.0,0.009999999776482582,1.4644112586975098,0.06634446233510971,0.06634446233510971,0.0006634446326643229,3,2,6
3520,1533,3227,0.0,0.009999999776482582,1.038098931312561,0.005442704539746046,0.005442704539746046,5.442704423330724e-05,3,2,6
3521,3227,4002,0.0,0.009999999776482582,1.000558853149414,7.983616524143144e-05,7.983616524143144e-05,7.983616114870529e-07,3,2,6
3522,1534,4002,0.0,0.009999999776482582,1.000558853149414,7.983616524143144e-05,7.983616524143144e-05,7.983616114870529e-07,3,2,6
3523,1534,3227,0.0,0.009999999776482582,1.0000542402267456,7.748603820800781e-06,7.748603820800781e-06,7.748603536583687e-08,3,2,6
3524,3790,4531,0.0,0.009999999776482582,1.933441162109375,0.1333487331867218,0.1333487331867218,0.0013334873365238309,3,2,6
3525,1535,3790,0.0,0.009999999776482582,3.231971263885498,0.3188530504703522,0.3188530504703522,0.0031885304488241673,3,4,12
3526,1535,4125,0.0,0.009999999776482582,4.418962478637695,0.4884231984615326,0.4884231984615326,0.004884231835603714,3,5,15
3527,2965,3325,0.0,0.009999999776482582,1.1670832633972168,0.023869037628173828,0.023869037628173828,0.0002386903652222827,3,2,6
3528,1536,2965,0.0,0.009999999776482582,1.1708413362503052,0.024405905976891518,0.024405905976891518,0.000244059061515145,3,2,6
3529,1536,3259,0.0,0.009999999776482582,1.3004505634307861,0.042921509593725204,0.042921509593725204,0.00042921508429571986,3,2,6
3530,3287,3864,0.0,0.009999999776482582,4.960546016693115,0.5657922625541687,0.5657922625541687,0.005657922476530075,3,5,15
3531,1537,3864,0.0,0.009999999776482582,1.980557918548584,0.14007970690727234,0.14007970690727234,0.001400797045789659,3,2,6
3532,1537,3287,0.0,0.009999999776482582,4.960546016693115,0.5657922625541687,0.5657922625541687,0.005657922476530075,3,5,15
3533,3726,3773,0.0,0.009999999776482582,2.0766358375549316,0.15380512177944183,0.15380512177944183,0.0015380511758849025,3,3,9
3534,1538,3773,0.0,0.009999999776482582,2.0070912837982178,0.14387018978595734,0.14387018978595734,0.001438701874576509,3,3,9
3535,1538,3208,0.0,0.009999999776482582,6.996101379394531,0.8565859198570251,0.8565859198570251,0.00856585893779993,3,7,21
3536,4006,4007,0.0,0.009999999776482582,1.3065738677978516,0.04379626736044884,0.04379626736044884,0.00043796267709694803,3,2,6
3537,4007,4258,0.0,0.009999999776482582,3.3398547172546387,0.33426496386528015,0.33426496386528015,0.0033426496665924788,3,4,12
3538,3310,4262,0.0,0.009999999776482582,1.4951355457305908,0.07073365151882172,0.07073365151882172,0.0007073365268297493,3,2,6
3539,1539,3310,0.0,0.009999999776482582,2.376854181289673,0.19669345021247864,0.19669345021247864,0.0019669344183057547,3,3,9
3540,1540,4532,0.0,0.009999999776482582,1.6408252716064453,0.09154646843671799,0.09154646843671799,0.0009154646540991962,3,2,6
3541,1540,4568,0.0,0.009999999776482582,1.4767334461212158,0.06810478121042252,0.06810478121042252,0.0006810477934777737,3,2,6
3542,3843,4568,0.0,0.009999999776482582,2.444758176803589,0.2063940316438675,0.2063940316438675,0.002063940279185772,3,3,9
3543,4257,4513,0.0,0.009999999776482582,3.2025794982910156,0.3146542012691498,0.3146542012691498,0.003146542003378272,3,4,12
3544,4317,4513,0.0,0.009999999776482582,1.422940969467163,0.06042013689875603,0.06042013689875603,0.000604201341047883,3,2,6
3545,4257,4317,0.0,0.009999999776482582,3.2025794982910156,0.3146542012691498,0.3146542012691498,0.003146542003378272,3,4,12
3546,1541,4257,0.0,0.009999999776482582,3.2025794982910156,0.3146542012691498,0.3146542012691498,0.003146542003378272,3,4,12
3547,1541,4513,0.0,0.009999999776482582,2.0946168899536133,0.15637384355068207,0.15637384355068207,0.0015637384494766593,3,3,9
3548,1542,4317,0.0,0.009999999776482582,1.366883635520935,0.05241194739937782,0.05241194739937782,0.0005241194739937782,3,2,6
3549,1542,4257,0.0,0.009999999776482582,3.2025794982910156,0.3146542012691498,0.3146542012691498,0.003146542003378272,3,4,12
3550,1543,4258,0.0,0.009999999776482582,3.3398547172546387,0.33426496386528015,0.33426496386528015,0.0033426496665924788,3,4,12
3551,1543,3999,0.0,0.009999999776482582,1.441268801689148,0.0630384013056755,0.0630384013056755,0.0006303840200416744,3,2,6
3552,3999,4258,1.0,1.0,3.3398547172546387,0.33426496386528015,0.33426496386528015,0.33426496386528015,5,4,20
3553,4005,4008,0.0,0.009999999776482582,1.2714476585388184,0.038778237998485565,0.038778237998485565,0.000387782376492396,3,2,6
3554,4005,4258,0.0,0.009999999776482582,3.3398547172546387,0.33426496386528015,0.33426496386528015,0.0033426496665924788,3,4,12
3555,3999,4533,0.4999999701976776,0.5049999952316284,1.2029104232788086,0.028987202793359756,0.028987202793359756,0.014638537541031837,5,2,10
3556,4258,4533,0.4999999701976776,0.5049999952316284,3.3398547172546387,0.33426496386528015,0.33426496386528015,0.16880381107330322,5,4,20
3557,3164,3610,0.4999999701976776,0.5049999952316284,1.7717691659927368,0.1102527379989624,0.1102527379989624,0.0556776337325573,5,2,10
3558,1544,3610,0.0,0.009999999776482582,1.5836663246154785,0.08338090032339096,0.08338090032339096,0.0008338089683093131,3,2,6
3559,3535,3610,0.0,0.009999999776482582,2.4584784507751465,0.20835407078266144,0.20835407078266144,0.0020835406612604856,3,3,9
3560,1545,3136,0.0,0.009999999776482582,5.684215545654297,0.6691736578941345,0.6691736578941345,0.0066917366348207,3,6,18
3561,1545,4284,0.0,0.009999999776482582,1.1030797958374023,0.014725685119628906,0.014725685119628906,0.00014725685468874872,3,2,6
3562,4284,4534,0.0,0.009999999776482582,1.2083537578582764,0.029764821752905846,0.029764821752905846,0.0002976482210215181,3,2,6
3563,1546,3223,0.0,0.009999999776482582,5.703210353851318,0.671887218952179,0.671887218952179,0.006718872115015984,3,6,18
3564,1546,1547,0.0,0.009999999776482582,2.3655500411987305,0.19507858157157898,0.19507858157157898,0.0019507857505232096,3,3,9
3565,1547,4009,0.0,0.009999999776482582,2.3655500411987305,0.19507858157157898,0.19507858157157898,0.0019507857505232096,3,3,9
3566,3579,4009,0.0,0.009999999776482582,2.1298720836639404,0.16141030192375183,0.16141030192375183,0.0016141029773280025,3,3,9
3567,4010,4132,1.0,1.0,6.181303024291992,0.7401861548423767,0.7401861548423767,0.7401861548423767,5,7,35
3568,1548,4010,0.0,0.009999999776482582,1.6517651081085205,0.09310930222272873,0.09310930222272873,0.0009310930036008358,3,2,6
3569,1548,4132,0.0,0.009999999776482582,6.181303024291992,0.7401861548423767,0.7401861548423767,0.007401861250400543,3,7,21
3570,1549,4132,0.0,0.009999999776482582,6.181303024291992,0.7401861548423767,0.7401861548423767,0.007401861250400543,3,7,21
3571,1549,4011,0.0,0.009999999776482582,2.283637046813965,0.1833767145872116,0.1833767145872116,0.0018337670480832458,3,3,9
3572,4011,4132,0.0,0.009999999776482582,6.181303024291992,0.7401861548423767,0.7401861548423767,0.007401861250400543,3,7,21
3573,1550,4132,0.0,0.009999999776482582,6.181303024291992,0.7401861548423767,0.7401861548423767,0.007401861250400543,3,7,21
3574,1550,1551,0.0,0.009999999776482582,1.4035074710845947,0.05764392390847206,0.05764392390847206,0.0005764391971752048,3,2,6
3575,1551,1552,0.0,0.009999999776482582,1.60284423828125,0.08612060546875,0.08612060546875,0.0008612060337327421,3,2,6
3576,1552,4132,0.0,0.009999999776482582,6.181303024291992,0.7401861548423767,0.7401861548423767,0.007401861250400543,3,7,21
3577,3627,3632,0.0,0.009999999776482582,3.375060558319092,0.3392943739891052,0.3392943739891052,0.003392943646758795,3,4,12
3578,1553,3627,0.0,0.009999999776482582,2.9774649143218994,0.28249499201774597,0.28249499201774597,0.002824949799105525,3,3,9
3579,1553,2966,0.0,0.009999999776482582,2.9774649143218994,0.28249499201774597,0.28249499201774597,0.002824949799105525,3,3,9
3580,2966,3632,0.0,0.009999999776482582,3.375060558319092,0.3392943739891052,0.3392943739891052,0.003392943646758795,3,4,12
3581,3649,4241,0.0,0.009999999776482582,4.902396202087402,0.5574851632118225,0.5574851632118225,0.005574851296842098,3,5,15
3582,1554,4241,0.0,0.009999999776482582,1.4202930927276611,0.060041870921850204,0.060041870921850204,0.0006004187162034214,3,2,6
3583,1554,3649,0.0,0.009999999776482582,4.902396202087402,0.5574851632118225,0.5574851632118225,0.005574851296842098,3,5,15
3584,3649,4326,0.0,0.009999999776482582,4.902396202087402,0.5574851632118225,0.5574851632118225,0.005574851296842098,3,5,15
3585,1555,4326,0.0,0.009999999776482582,1.1776392459869385,0.02537703514099121,0.02537703514099121,0.00025377035490237176,3,2,6
3586,1555,3649,0.0,0.009999999776482582,4.902396202087402,0.5574851632118225,0.5574851632118225,0.005574851296842098,3,5,15
3587,1556,4535,0.0,0.009999999776482582,1.7840851545333862,0.11201216280460358,0.11201216280460358,0.0011201215675100684,3,2,6
3588,1556,3649,0.0,0.009999999776482582,4.902396202087402,0.5574851632118225,0.5574851632118225,0.005574851296842098,3,5,15
3589,1557,3959,0.0,0.009999999776482582,1.2052662372589111,0.029323747381567955,0.029323747381567955,0.0002932374773081392,3,2,6
3590,1557,1558,0.0,0.009999999776482582,1.473587989807129,0.06765542924404144,0.06765542924404144,0.0006765542784705758,3,2,6
3591,1558,3959,0.0,0.009999999776482582,1.473587989807129,0.06765542924404144,0.06765542924404144,0.0006765542784705758,3,2,6
3592,1559,3200,0.0,0.009999999776482582,1.6174380779266357,0.08820544183254242,0.08820544183254242,0.0008820543880574405,3,2,6
3593,1559,1560,0.0,0.009999999776482582,1.727832317352295,0.1039760485291481,0.1039760485291481,0.0010397604200989008,3,2,6
3594,1560,3499,0.0,0.009999999776482582,1.727832317352295,0.1039760485291481,0.1039760485291481,0.0010397604200989008,3,2,6
3595,1561,4536,0.0,0.009999999776482582,1.7361522912979126,0.10516460984945297,0.10516460984945297,0.0010516460752114654,3,2,6
3596,1561,1562,0.0,0.009999999776482582,1.2369654178619385,0.03385220095515251,0.03385220095515251,0.0003385219897609204,3,2,6
3597,1562,4536,0.0,0.009999999776482582,1.7361522912979126,0.10516460984945297,0.10516460984945297,0.0010516460752114654,3,2,6
3598,1563,3206,0.0,0.009999999776482582,2.581392765045166,0.22591325640678406,0.22591325640678406,0.0022591324523091316,3,3,9
3599,1564,3206,0.0,0.009999999776482582,4.604644775390625,0.5149492621421814,0.5149492621421814,0.0051494925282895565,3,5,15
3600,1564,3799,0.0,0.009999999776482582,5.445672035217285,0.63509601354599,0.63509601354599,0.006350960116833448,3,6,18
3601,1565,3901,0.0,0.009999999776482582,7.014254093170166,0.8591791391372681,0.8591791391372681,0.008591791614890099,3,8,24
3602,1565,1566,0.0,0.009999999776482582,1.0632920265197754,0.00904171820729971,0.00904171820729971,9.041718294611201e-05,3,2,6
3603,1566,3300,0.0,0.009999999776482582,7.0578413009643555,0.8654059171676636,0.8654059171676636,0.008654058910906315,3,8,24
3604,2967,3936,0.0,0.009999999776482582,2.308076858520508,0.1868681162595749,0.1868681162595749,0.0018686811672523618,3,3,9
3605,1567,2967,0.0,0.009999999776482582,1.571400761604309,0.08162868022918701,0.08162868022918701,0.0008162867743521929,3,2,6
3606,1567,3936,0.0,0.009999999776482582,2.308076858520508,0.1868681162595749,0.1868681162595749,0.0018686811672523618,3,3,9
3607,2968,3300,0.0,0.009999999776482582,7.0578413009643555,0.8654059171676636,0.8654059171676636,0.008654058910906315,3,8,24
3608,2968,4015,0.0,0.009999999776482582,1.2921380996704102,0.041734013706445694,0.041734013706445694,0.0004173401393927634,3,2,6
3609,3300,4015,0.0,0.009999999776482582,7.0578413009643555,0.8654059171676636,0.8654059171676636,0.008654058910906315,3,8,24
3610,1568,3300,0.0,0.009999999776482582,7.0578413009643555,0.8654059171676636,0.8654059171676636,0.008654058910906315,3,8,24
3611,1568,1569,0.0,0.009999999776482582,1.0447077751159668,0.006386824883520603,0.006386824883520603,6.38682467979379e-05,3,2,6
3612,1569,3300,0.0,0.009999999776482582,7.0578413009643555,0.8654059171676636,0.8654059171676636,0.008654058910906315,3,8,24
3613,3300,4538,0.4999999701976776,0.5049999952316284,7.0578413009643555,0.8654059171676636,0.8654059171676636,0.43702998757362366,5,8,40
3614,4537,4538,0.0,0.009999999776482582,1.0537668466567993,0.007680978160351515,0.007680978160351515,7.680978160351515e-05,3,2,6
3615,3300,4537,0.4999999701976776,0.5049999952316284,7.0578413009643555,0.8654059171676636,0.8654059171676636,0.43702998757362366,5,8,40
3616,1570,3300,0.0,0.009999999776482582,7.0578413009643555,0.8654059171676636,0.8654059171676636,0.008654058910906315,3,8,24
3617,1570,4537,0.0,0.009999999776482582,1.0995502471923828,0.014221464283764362,0.014221464283764362,0.00014221464516595006,3,2,6
3618,1571,4537,0.0,0.009999999776482582,1.1096259355545044,0.0156608484685421,0.0156608484685421,0.00015660848293919116,3,2,6
3619,1571,3300,0.0,0.009999999776482582,7.0578413009643555,0.8654059171676636,0.8654059171676636,0.008654058910906315,3,8,24
3620,4014,4538,0.0,0.009999999776482582,1.0712921619415283,0.010184594430029392,0.010184594430029392,0.00010184594430029392,3,2,6
3621,3300,4014,0.0,0.009999999776482582,7.0578413009643555,0.8654059171676636,0.8654059171676636,0.008654058910906315,3,8,24
3622,4318,4539,0.0,0.009999999776482582,1.6158205270767212,0.08797436207532883,0.08797436207532883,0.0008797436021268368,3,2,6
3623,4318,4334,0.0,0.009999999776482582,1.6716344356536865,0.09594777971506119,0.09594777971506119,0.0009594777948223054,3,2,6
3624,4018,4334,0.4999999701976776,0.5049999952316284,2.1932852268218994,0.17046931385993958,0.17046931385993958,0.08608700335025787,5,3,15
3625,1572,3783,0.0,0.009999999776482582,1.9657695293426514,0.1379670798778534,0.1379670798778534,0.0013796708080917597,3,2,6
3626,1572,1573,0.0,0.009999999776482582,1.9737122058868408,0.13910174369812012,0.13910174369812012,0.0013910174602642655,3,2,6
3627,1573,3208,0.0,0.009999999776482582,6.996101379394531,0.8565859198570251,0.8565859198570251,0.00856585893779993,3,7,21
3628,3520,4529,0.4999999701976776,0.5049999952316284,4.718880653381348,0.5312686562538147,0.5312686562538147,0.2682906687259674,5,5,25
3629,4019,4529,0.0,0.009999999776482582,1.9829139709472656,0.14041627943515778,0.14041627943515778,0.0014041627291589975,3,2,6
3630,3312,4019,0.0,0.009999999776482582,2.711240291595459,0.24446289241313934,0.24446289241313934,0.002444628858938813,3,3,9
3631,1574,4529,0.0,0.009999999776482582,1.197888970375061,0.028269853442907333,0.028269853442907333,0.0002826985146384686,3,2,6
3632,1574,3312,0.0,0.009999999776482582,2.711240291595459,0.24446289241313934,0.24446289241313934,0.002444628858938813,3,3,9
3633,1575,3228,0.0,0.009999999776482582,1.2542409896850586,0.036320142447948456,0.036320142447948456,0.000363201426807791,3,2,6
3634,1575,1576,0.0,0.009999999776482582,1.141654372215271,0.020236339420080185,0.020236339420080185,0.00020236338605172932,3,2,6
3635,1576,3228,0.0,0.009999999776482582,1.2542409896850586,0.036320142447948456,0.036320142447948456,0.000363201426807791,3,2,6
3636,3335,3804,1.0,1.0,7.126559734344482,0.8752228021621704,0.8752228021621704,0.8752228021621704,5,8,40
3637,3804,4541,0.4999999701976776,0.5049999952316284,1.1877988576889038,0.026828408241271973,0.026828408241271973,0.013548346236348152,5,2,10
3638,3335,4541,0.4999999701976776,0.5049999952316284,7.126559734344482,0.8752228021621704,0.8752228021621704,0.4419875144958496,5,8,40
3639,1577,3335,0.0,0.009999999776482582,7.126559734344482,0.8752228021621704,0.8752228021621704,0.008752227760851383,3,8,24
3640,1577,4541,0.0,0.009999999776482582,1.1877988576889038,0.026828408241271973,0.026828408241271973,0.0002682840859051794,3,2,6
3641,3765,4541,0.0,0.009999999776482582,3.1496989727020264,0.307099848985672,0.307099848985672,0.0030709984712302685,3,4,12
3642,1578,3804,0.0,0.009999999776482582,1.0837969779968262,0.011970996856689453,0.011970996856689453,0.00011970996274612844,3,2,6
3643,1578,3335,0.0,0.009999999776482582,7.126559734344482,0.8752228021621704,0.8752228021621704,0.008752227760851383,3,8,24
3644,3791,3929,0.0,0.009999999776482582,2.6002938747406006,0.22861340641975403,0.22861340641975403,0.0022861340548843145,3,3,9
3645,3302,3791,0.0,0.009999999776482582,2.6002938747406006,0.22861340641975403,0.22861340641975403,0.0022861340548843145,3,3,9
3646,3302,3421,0.0,0.009999999776482582,5.032994270324707,0.5761420130729675,0.5761420130729675,0.005761419888585806,3,6,18
3647,3503,4010,0.0,0.009999999776482582,4.883973598480225,0.5548533797264099,0.5548533797264099,0.005548533517867327,3,5,15
3648,1579,4010,0.0,0.009999999776482582,1.4450931549072266,0.06358473747968674,0.06358473747968674,0.0006358473328873515,3,2,6
3649,1579,3929,0.0,0.009999999776482582,1.5763297080993652,0.08233281224966049,0.08233281224966049,0.0008233280968852341,3,2,6
3650,3302,3503,0.0,0.009999999776482582,4.883973598480225,0.5548533797264099,0.5548533797264099,0.005548533517867327,3,5,15
3651,3302,3934,0.0,0.009999999776482582,2.1913914680480957,0.17019878327846527,0.17019878327846527,0.0017019878141582012,3,3,9
3652,3303,3934,0.0,0.009999999776482582,2.2832436561584473,0.1833205223083496,0.1833205223083496,0.001833205227740109,3,3,9
3653,3303,4401,0.0,0.009999999776482582,3.0968780517578125,0.2995540201663971,0.2995540201663971,0.002995540155097842,3,4,12
3654,3503,4401,0.0,0.009999999776482582,4.883973598480225,0.5548533797264099,0.5548533797264099,0.005548533517867327,3,5,15
3655,1580,3145,0.0,0.009999999776482582,2.56011962890625,0.2228742390871048,0.2228742390871048,0.0022287422325462103,3,3,9
3656,1580,4010,0.0,0.009999999776482582,2.323833703994751,0.1891191005706787,0.1891191005706787,0.0018911910010501742,3,3,9
3657,3302,4010,0.0,0.009999999776482582,2.1913914680480957,0.17019878327846527,0.17019878327846527,0.0017019878141582012,3,3,9
3658,1581,4401,0.0,0.009999999776482582,3.0968780517578125,0.2995540201663971,0.2995540201663971,0.002995540155097842,3,4,12
3659,1581,3503,0.0,0.009999999776482582,4.883973598480225,0.5548533797264099,0.5548533797264099,0.005548533517867327,3,5,15
3660,1582,3171,0.0,0.009999999776482582,4.0310516357421875,0.4330073893070221,0.4330073893070221,0.004330073948949575,3,5,15
3661,1582,4174,0.0,0.009999999776482582,1.2953951358795166,0.042199306190013885,0.042199306190013885,0.00042199305607937276,3,2,6
3662,3171,4174,0.0,0.009999999776482582,4.0310516357421875,0.4330073893070221,0.4330073893070221,0.004330073948949575,3,5,15
3663,3553,4116,0.0,0.009999999776482582,4.445675849914551,0.49223941564559937,0.49223941564559937,0.004922394175082445,3,5,15
3664,1583,3553,0.0,0.009999999776482582,2.8879618644714355,0.2697088420391083,0.2697088420391083,0.0026970882900059223,3,3,9
3665,1583,3171,0.0,0.009999999776482582,4.0310516357421875,0.4330073893070221,0.4330073893070221,0.004330073948949575,3,5,15
3666,3366,4024,0.0,0.009999999776482582,1.2670447826385498,0.03814925625920296,0.03814925625920296,0.0003814925439655781,3,2,6
3667,1584,4024,0.0,0.009999999776482582,1.0322777032852173,0.004611100535839796,0.004611100535839796,4.6111003030091524e-05,3,2,6
3668,1584,3366,0.0,0.009999999776482582,1.2670447826385498,0.03814925625920296,0.03814925625920296,0.0003814925439655781,3,2,6
3669,3366,4330,0.4999999701976776,0.5049999952316284,1.2670447826385498,0.03814925625920296,0.03814925625920296,0.019265374168753624,5,2,10
3670,1585,4330,0.0,0.009999999776482582,1.0931928157806396,0.01331325899809599,0.01331325899809599,0.0001331325911451131,3,2,6
3671,1585,3366,0.0,0.009999999776482582,1.2670447826385498,0.03814925625920296,0.03814925625920296,0.0003814925439655781,3,2,6
3672,1586,3366,0.0,0.009999999776482582,1.2670447826385498,0.03814925625920296,0.03814925625920296,0.0003814925439655781,3,2,6
3673,1586,3910,0.0,0.009999999776482582,1.1863189935684204,0.026616999879479408,0.026616999879479408,0.00026616998366080225,3,2,6
3674,3366,3910,0.0,0.009999999776482582,1.2670447826385498,0.03814925625920296,0.03814925625920296,0.0003814925439655781,3,2,6
3675,1587,4330,0.0,0.009999999776482582,1.1177674531936646,0.016823921352624893,0.016823921352624893,0.00016823920304886997,3,2,6
3676,1587,3366,0.0,0.009999999776482582,1.2670447826385498,0.03814925625920296,0.03814925625920296,0.0003814925439655781,3,2,6
3677,1588,3918,0.0,0.009999999776482582,1.2187433242797852,0.031249046325683594,0.031249046325683594,0.0003124904469586909,3,2,6
3678,1588,1589,0.0,0.009999999776482582,1.2187433242797852,0.031249046325683594,0.031249046325683594,0.0003124904469586909,3,2,6
3679,1589,3102,0.0,0.009999999776482582,1.5925798416137695,0.08465426415205002,0.08465426415205002,0.0008465426508337259,3,2,6
3680,1590,3150,0.0,0.009999999776482582,2.647937297821045,0.2354196161031723,0.2354196161031723,0.0023541960399597883,3,3,9
3681,1590,4025,0.0,0.009999999776482582,1.7884302139282227,0.1126328855752945,0.1126328855752945,0.0011263288324698806,3,2,6
3682,3918,4025,0.0,0.009999999776482582,1.5318208932876587,0.07597441226243973,0.07597441226243973,0.0007597440853714943,3,2,6
3683,1591,3273,0.0,0.009999999776482582,1.7260600328445435,0.10372286289930344,0.10372286289930344,0.0010372286196798086,3,2,6
3684,1591,1592,0.0,0.009999999776482582,1.7260600328445435,0.10372286289930344,0.10372286289930344,0.0010372286196798086,3,2,6
3685,1592,1593,0.0,0.009999999776482582,1.4375715255737305,0.06251021474599838,0.06251021474599838,0.0006251021404750645,3,2,6
3686,1593,3273,0.0,0.009999999776482582,1.4617856740951538,0.06596938520669937,0.06596938520669937,0.0006596938474103808,3,2,6
3687,1594,3085,0.0,0.009999999776482582,2.540442943572998,0.22006328403949738,0.22006328403949738,0.0022006328217685223,3,3,9
3688,1594,1595,0.0,0.009999999776482582,1.406076192855835,0.05801088362932205,0.05801088362932205,0.0005801088409498334,3,2,6
3689,1595,3501,0.0,0.009999999776482582,1.9547531604766846,0.13639330863952637,0.13639330863952637,0.0013639330863952637,3,2,6
3690,3427,3496,0.4999999701976776,0.5049999952316284,2.0021135807037354,0.14315907657146454,0.14315907657146454,0.07229533046483994,5,3,15
3691,3496,4050,0.0,0.009999999776482582,2.0021135807037354,0.14315907657146454,0.14315907657146454,0.0014315907610580325,3,3,9
3692,3427,4050,0.4999999701976776,0.5049999952316284,1.981231689453125,0.1401759535074234,0.1401759535074234,0.07078885287046432,5,2,10
3693,3925,4050,0.0,0.009999999776482582,2.0065648555755615,0.143794983625412,0.143794983625412,0.001437949831597507,3,3,9
3694,1596,4072,0.0,0.009999999776482582,1.4128777980804443,0.058982543647289276,0.058982543647289276,0.0005898254457861185,3,2,6
3695,1596,1597,0.0,0.009999999776482582,1.4128777980804443,0.058982543647289276,0.058982543647289276,0.0005898254457861185,3,2,6
3696,1597,1598,0.0,0.009999999776482582,1.2362043857574463,0.0337434820830822,0.0337434820830822,0.0003374348161742091,3,2,6
3697,1598,4072,0.0,0.009999999776482582,1.2236462831497192,0.031949467957019806,0.031949467957019806,0.0003194946621078998,3,2,6
3698,1599,3422,0.0,0.009999999776482582,4.272275447845459,0.46746793389320374,0.46746793389320374,0.004674679134041071,3,5,15
3699,1599,1600,0.0,0.009999999776482582,2.1346733570098877,0.16209618747234344,0.16209618747234344,0.00162096181884408,3,3,9
3700,1600,3366,0.0,0.009999999776482582,1.367549180984497,0.05250702425837517,0.05250702425837517,0.0005250702379271388,3,2,6
3701,3144,4542,0.0,0.009999999776482582,2.1473217010498047,0.1639031022787094,0.1639031022787094,0.001639030990190804,3,3,9
3702,1601,3144,0.0,0.009999999776482582,1.8790756464004517,0.1255822330713272,0.1255822330713272,0.0012558222515508533,3,2,6
3703,1601,4542,0.0,0.009999999776482582,2.1473217010498047,0.1639031022787094,0.1639031022787094,0.001639030990190804,3,3,9
3704,1602,4542,0.0,0.009999999776482582,3.1657207012176514,0.309388667345047,0.309388667345047,0.0030938866548240185,3,4,12
3705,1602,1603,0.0,0.009999999776482582,3.1657207012176514,0.309388667345047,0.309388667345047,0.0030938866548240185,3,4,12
3706,1603,4542,0.0,0.009999999776482582,2.1473217010498047,0.1639031022787094,0.1639031022787094,0.001639030990190804,3,3,9
3707,1604,4542,0.0,0.009999999776482582,2.1473217010498047,0.1639031022787094,0.1639031022787094,0.001639030990190804,3,3,9
3708,1604,1605,0.0,0.009999999776482582,1.200437307357788,0.028633901849389076,0.028633901849389076,0.00028633902547881007,3,2,6
3709,1605,4542,0.0,0.009999999776482582,2.1473217010498047,0.1639031022787094,0.1639031022787094,0.001639030990190804,3,3,9
3710,1606,4542,0.0,0.009999999776482582,2.1473217010498047,0.1639031022787094,0.1639031022787094,0.001639030990190804,3,3,9
3711,1606,4167,0.0,0.009999999776482582,1.39711594581604,0.05673084780573845,0.05673084780573845,0.0005673084524460137,3,2,6
3712,4167,4542,1.0,1.0,2.1473217010498047,0.1639031022787094,0.1639031022787094,0.1639031022787094,5,3,15
3713,1607,3571,0.0,0.009999999776482582,2.353074312210083,0.19329632818698883,0.19329632818698883,0.0019329632632434368,3,3,9
3714,1607,3276,0.0,0.009999999776482582,3.2817559242248535,0.32596513628959656,0.32596513628959656,0.0032596513628959656,3,4,12
3715,3276,3571,0.0,0.009999999776482582,3.2817559242248535,0.32596513628959656,0.32596513628959656,0.0032596513628959656,3,4,12
3716,3594,4543,0.4999999701976776,0.5049999952316284,1.8277136087417603,0.11824480444192886,0.11824480444192886,0.05971362441778183,5,2,10
3717,1608,4543,0.0,0.009999999776482582,1.0851426124572754,0.01216323021799326,0.01216323021799326,0.00012163229985162616,3,2,6
3718,1608,3594,0.0,0.009999999776482582,1.8277136087417603,0.11824480444192886,0.11824480444192886,0.0011824480025097728,3,2,6
3719,3594,4320,0.0,0.009999999776482582,1.8277136087417603,0.11824480444192886,0.11824480444192886,0.0011824480025097728,3,2,6
3720,1609,4320,0.0,0.009999999776482582,1.2255016565322876,0.03221452236175537,0.03221452236175537,0.00032214520615525544,3,2,6
3721,1609,3945,0.0,0.009999999776482582,1.4001120328903198,0.05715886130928993,0.05715886130928993,0.0005715885781683028,3,2,6
3722,1610,4543,0.0,0.009999999776482582,1.1986552476882935,0.028379321098327637,0.028379321098327637,0.00028379319701343775,3,2,6
3723,1610,3594,0.0,0.009999999776482582,1.8277136087417603,0.11824480444192886,0.11824480444192886,0.0011824480025097728,3,2,6
3724,3448,4271,1.0,1.0,6.803559303283691,0.8290799260139465,0.8290799260139465,0.8290799260139465,5,7,35
3725,4028,4271,1.0,1.0,1.7223528623580933,0.1031932681798935,0.1031932681798935,0.1031932681798935,5,2,10
3726,3448,4028,1.0,1.0,6.803559303283691,0.8290799260139465,0.8290799260139465,0.8290799260139465,5,7,35
3727,3448,3483,0.4999999701976776,0.5049999952316284,6.803559303283691,0.8290799260139465,0.8290799260139465,0.41868534684181213,5,7,35
3728,3483,4270,0.0,0.009999999776482582,2.007449150085449,0.14392130076885223,0.14392130076885223,0.0014392129378393292,3,3,9
3729,4028,4270,1.0,1.0,2.007449150085449,0.14392130076885223,0.14392130076885223,0.14392130076885223,5,3,15
3730,3483,4028,0.0,0.009999999776482582,1.7223528623580933,0.1031932681798935,0.1031932681798935,0.0010319326538592577,3,2,6
3731,1611,4085,0.0,0.009999999776482582,1.644729495048523,0.09210421144962311,0.09210421144962311,0.0009210421121679246,3,2,6
3732,1611,4031,0.0,0.009999999776482582,1.2317529916763306,0.03310757130384445,0.03310757130384445,0.0003310757165309042,3,2,6
3733,1612,4031,0.0,0.009999999776482582,1.2317529916763306,0.03310757130384445,0.03310757130384445,0.0003310757165309042,3,2,6
3734,1612,4085,0.0,0.009999999776482582,1.644729495048523,0.09210421144962311,0.09210421144962311,0.0009210421121679246,3,2,6
3735,3660,4544,0.4999999701976776,0.5049999952316284,3.586358070373535,0.3694797158241272,0.3694797158241272,0.18658725917339325,5,4,20
3736,2969,4544,0.0,0.009999999776482582,1.1620590686798096,0.023151295259594917,0.023151295259594917,0.00023151295317802578,3,2,6
3737,2969,3660,0.0,0.009999999776482582,3.586358070373535,0.3694797158241272,0.3694797158241272,0.0036947971675544977,3,4,12
3738,3660,4319,0.0,0.009999999776482582,3.586358070373535,0.3694797158241272,0.3694797158241272,0.0036947971675544977,3,4,12
3739,4170,4319,0.0,0.009999999776482582,1.2846629619598389,0.040666136890649796,0.040666136890649796,0.00040666136192157865,3,2,6
3740,4170,4544,0.0,0.009999999776482582,1.2082219123840332,0.029745986685156822,0.029745986685156822,0.00029745986103080213,3,2,6
3741,3660,4170,0.0,0.009999999776482582,3.586358070373535,0.3694797158241272,0.3694797158241272,0.0036947971675544977,3,4,12
3742,1613,3780,0.0,0.009999999776482582,4.994367599487305,0.5706239342689514,0.5706239342689514,0.005706239026039839,3,5,15
3743,1613,1614,0.0,0.009999999776482582,1.6327184438705444,0.09038835018873215,0.09038835018873215,0.00090388348326087,3,2,6
3744,1614,3780,0.0,0.009999999776482582,4.994367599487305,0.5706239342689514,0.5706239342689514,0.005706239026039839,3,5,15
3745,2970,3304,0.0,0.009999999776482582,1.7502012252807617,0.10717160254716873,0.10717160254716873,0.001071715960279107,3,2,6
3746,2970,4545,0.0,0.009999999776482582,1.7369108200073242,0.10527297109365463,0.10527297109365463,0.0010527296690270305,3,2,6
3747,1615,4545,0.0,0.009999999776482582,2.2598109245300293,0.17997299134731293,0.17997299134731293,0.001799729885533452,3,3,9
3748,1615,1616,0.0,0.009999999776482582,2.2598109245300293,0.17997299134731293,0.17997299134731293,0.001799729885533452,3,3,9
3749,1616,1617,0.0,0.009999999776482582,1.324377417564392,0.04633963108062744,0.04633963108062744,0.0004633963108062744,3,2,6
3750,1617,4035,0.0,0.009999999776482582,1.324377417564392,0.04633963108062744,0.04633963108062744,0.0004633963108062744,3,2,6
3751,2971,3304,0.0,0.009999999776482582,1.7502012252807617,0.10717160254716873,0.10717160254716873,0.001071715960279107,3,2,6
3752,1618,2971,0.0,0.009999999776482582,1.1449003219604492,0.02070004679262638,0.02070004679262638,0.00020700047025457025,3,2,6
3753,1618,4035,0.0,0.009999999776482582,1.2816293239593506,0.04023275896906853,0.04023275896906853,0.00040232756873592734,3,2,6
3754,1619,3335,0.0,0.009999999776482582,7.126559734344482,0.8752228021621704,0.8752228021621704,0.008752227760851383,3,8,24
3755,1619,3840,0.0,0.009999999776482582,2.0025558471679688,0.14322225749492645,0.14322225749492645,0.0014322225470095873,3,3,9
3756,2971,3840,0.0,0.009999999776482582,2.0025558471679688,0.14322225749492645,0.14322225749492645,0.0014322225470095873,3,3,9
3757,3304,3840,0.0,0.009999999776482582,2.0025558471679688,0.14322225749492645,0.14322225749492645,0.0014322225470095873,3,3,9
3758,1620,3840,0.0,0.009999999776482582,2.3084816932678223,0.1869259625673294,0.1869259625673294,0.0018692596349865198,3,3,9
3759,1620,4545,0.0,0.009999999776482582,2.3084816932678223,0.1869259625673294,0.1869259625673294,0.0018692596349865198,3,3,9
3760,4035,4545,0.0,0.009999999776482582,1.7369108200073242,0.10527297109365463,0.10527297109365463,0.0010527296690270305,3,2,6
3761,1621,4035,0.0,0.009999999776482582,1.2816293239593506,0.04023275896906853,0.04023275896906853,0.00040232756873592734,3,2,6
3762,1621,1622,0.0,0.009999999776482582,1.186730146408081,0.026675734668970108,0.026675734668970108,0.0002667573280632496,3,2,6
3763,1622,4035,0.0,0.009999999776482582,1.2816293239593506,0.04023275896906853,0.04023275896906853,0.00040232756873592734,3,2,6
3764,3312,3902,0.0,0.009999999776482582,2.711240291595459,0.24446289241313934,0.24446289241313934,0.002444628858938813,3,3,9
3765,3902,4546,0.0,0.009999999776482582,1.2303073406219482,0.03290104866027832,0.03290104866027832,0.0003290104796178639,3,2,6
3766,3312,4546,0.0,0.009999999776482582,2.711240291595459,0.24446289241313934,0.24446289241313934,0.002444628858938813,3,3,9
3767,3312,3800,0.0,0.009999999776482582,2.711240291595459,0.24446289241313934,0.24446289241313934,0.002444628858938813,3,3,9
3768,1623,3800,0.0,0.009999999776482582,1.2887786626815796,0.04125409573316574,0.04125409573316574,0.00041254094685427845,3,2,6
3769,1623,4234,0.0,0.009999999776482582,1.2887786626815796,0.04125409573316574,0.04125409573316574,0.00041254094685427845,3,2,6
3770,3351,4234,0.0,0.009999999776482582,4.757808685302734,0.5368298292160034,0.5368298292160034,0.005368298385292292,3,5,15
3771,4017,4104,0.0,0.009999999776482582,2.148632287979126,0.1640903204679489,0.1640903204679489,0.0016409031813964248,3,3,9
3772,1624,4104,0.0,0.009999999776482582,2.348715305328369,0.19267360866069794,0.19267360866069794,0.0019267360912635922,3,3,9
3773,1624,4017,0.0,0.009999999776482582,2.348715305328369,0.19267360866069794,0.19267360866069794,0.0019267360912635922,3,3,9
3774,1625,4017,0.0,0.009999999776482582,2.148632287979126,0.1640903204679489,0.1640903204679489,0.0016409031813964248,3,3,9
3775,1625,4547,0.0,0.009999999776482582,1.565932273864746,0.08084746450185776,0.08084746450185776,0.0008084746077656746,3,2,6
3776,4017,4547,0.0,0.009999999776482582,2.148632287979126,0.1640903204679489,0.1640903204679489,0.0016409031813964248,3,3,9
3777,1626,4548,0.0,0.009999999776482582,3.7604289054870605,0.3943469822406769,0.3943469822406769,0.00394346984103322,3,4,12
3778,1626,1627,0.0,0.009999999776482582,3.7604289054870605,0.3943469822406769,0.3943469822406769,0.00394346984103322,3,4,12
3779,1627,3629,0.0,0.009999999776482582,1.7894941568374634,0.11278487741947174,0.11278487741947174,0.001127848750911653,3,2,6
3780,1628,3335,0.0,0.009999999776482582,7.126559734344482,0.8752228021621704,0.8752228021621704,0.008752227760851383,3,8,24
3781,1628,4110,0.0,0.009999999776482582,1.2525486946105957,0.03607838600873947,0.03607838600873947,0.0003607838589232415,3,2,6
3782,4110,4549,0.0,0.009999999776482582,1.8001673221588135,0.11430961638689041,0.11430961638689041,0.001143096131272614,3,2,6
3783,2972,4549,0.0,0.009999999776482582,1.8001673221588135,0.11430961638689041,0.11430961638689041,0.001143096131272614,3,2,6
3784,2972,4036,0.0,0.009999999776482582,1.727707028388977,0.1039581447839737,0.1039581447839737,0.001039581373333931,3,2,6
3785,3156,4036,0.0,0.009999999776482582,2.3005504608154297,0.1857929229736328,0.1857929229736328,0.001857929164543748,3,3,9
3786,1629,3335,0.0,0.009999999776482582,7.126559734344482,0.8752228021621704,0.8752228021621704,0.008752227760851383,3,8,24
3787,1629,4110,0.0,0.009999999776482582,1.2580468654632568,0.03686383739113808,0.03686383739113808,0.00036863837158307433,3,2,6
3788,2972,4110,0.0,0.009999999776482582,1.2568840980529785,0.03669772669672966,0.03669772669672966,0.00036697727045975626,3,2,6
3789,2972,3335,0.0,0.009999999776482582,7.126559734344482,0.8752228021621704,0.8752228021621704,0.008752227760851383,3,8,24
3790,3247,4037,0.4999999701976776,0.5049999952316284,3.75626802444458,0.3937525749206543,0.3937525749206543,0.1988450437784195,5,4,20
3791,4037,4078,0.0,0.009999999776482582,1.492776870727539,0.07039669901132584,0.07039669901132584,0.0007039670017547905,3,2,6
3792,3247,4078,1.0,1.0,3.75626802444458,0.3937525749206543,0.3937525749206543,0.3937525749206543,5,4,20
3793,3346,4037,0.0,0.009999999776482582,1.587587833404541,0.08394111692905426,0.08394111692905426,0.0008394111646339297,3,2,6
3794,3247,3346,0.0,0.009999999776482582,3.75626802444458,0.3937525749206543,0.3937525749206543,0.003937525674700737,3,4,12
3795,1630,4037,0.0,0.009999999776482582,1.492776870727539,0.07039669901132584,0.07039669901132584,0.0007039670017547905,3,2,6
3796,1630,3247,0.0,0.009999999776482582,3.75626802444458,0.3937525749206543,0.3937525749206543,0.003937525674700737,3,4,12
3797,2973,4085,0.4999999701976776,0.5049999952316284,1.644729495048523,0.09210421144962311,0.09210421144962311,0.046512626111507416,5,2,10
3798,2973,4062,0.0,0.009999999776482582,1.144476056098938,0.020639436319470406,0.020639436319470406,0.0002063943538814783,3,2,6
3799,3998,4062,0.0,0.009999999776482582,1.432490587234497,0.06178436800837517,0.06178436800837517,0.0006178436451591551,3,2,6
3800,1631,2973,0.0,0.009999999776482582,1.0808430910110474,0.01154901273548603,0.01154901273548603,0.00011549012560863048,3,2,6
3801,1631,4085,0.0,0.009999999776482582,1.644729495048523,0.09210421144962311,0.09210421144962311,0.0009210421121679246,3,2,6
3802,3427,3926,0.0,0.009999999776482582,1.8599673509597778,0.12285248190164566,0.12285248190164566,0.001228524837642908,3,2,6
3803,3855,3926,0.0,0.009999999776482582,1.8599673509597778,0.12285248190164566,0.12285248190164566,0.001228524837642908,3,2,6
3804,3308,3801,0.4999999701976776,0.5049999952316284,6.258337497711182,0.7511910796165466,0.7511910796165466,0.37935149669647217,5,7,35
3805,3801,3919,0.4999999701976776,0.5049999952316284,2.7099645137786865,0.2442806512117386,0.2442806512117386,0.1233617290854454,5,3,15
3806,3795,3919,0.0,0.009999999776482582,2.7099645137786865,0.2442806512117386,0.2442806512117386,0.0024428064934909344,3,3,9
3807,3308,3795,0.0,0.009999999776482582,6.258337497711182,0.7511910796165466,0.7511910796165466,0.007511910516768694,3,7,21
3808,1632,3995,0.0,0.009999999776482582,3.7291080951690674,0.38987258076667786,0.38987258076667786,0.003898725612089038,3,4,12
3809,1632,4551,0.0,0.009999999776482582,1.499309778213501,0.07132996618747711,0.07132996618747711,0.0007132996688596904,3,2,6
3810,3475,4551,0.4999999701976776,0.5049999952316284,6.79606294631958,0.8280090093612671,0.8280090093612671,0.418144553899765,5,7,35
3811,2974,3475,0.0,0.009999999776482582,6.79606294631958,0.8280090093612671,0.8280090093612671,0.008280090056359768,3,7,21
3812,2974,4551,0.0,0.009999999776482582,1.0632644891738892,0.009037784300744534,0.009037784300744534,9.037784184329212e-05,3,2,6
3813,1633,3335,0.0,0.009999999776482582,7.126559734344482,0.8752228021621704,0.8752228021621704,0.008752227760851383,3,8,24
3814,1633,1634,0.0,0.009999999776482582,1.8283495903015137,0.11833565682172775,0.11833565682172775,0.0011833565076813102,3,2,6
3815,1634,3100,0.0,0.009999999776482582,6.839209079742432,0.8341727256774902,0.8341727256774902,0.00834172684699297,3,7,21
3816,3303,3929,0.0,0.009999999776482582,2.2832436561584473,0.1833205223083496,0.1833205223083496,0.001833205227740109,3,3,9
3817,3303,4552,0.0,0.009999999776482582,2.2832436561584473,0.1833205223083496,0.1833205223083496,0.001833205227740109,3,3,9
3818,1635,4552,0.0,0.009999999776482582,1.325884461402893,0.04655492305755615,0.04655492305755615,0.0004655492084566504,3,2,6
3819,1635,3473,0.0,0.009999999776482582,1.5963797569274902,0.08519710600376129,0.08519710600376129,0.000851971039082855,3,2,6
3820,3473,3799,0.0,0.009999999776482582,5.445672035217285,0.63509601354599,0.63509601354599,0.006350960116833448,3,6,18
3821,3799,4552,0.0,0.009999999776482582,5.445672035217285,0.63509601354599,0.63509601354599,0.006350960116833448,3,6,18
3822,3167,4552,0.0,0.009999999776482582,1.9222276210784912,0.1317467987537384,0.1317467987537384,0.0013174680061638355,3,2,6
3823,3167,4132,0.0,0.009999999776482582,6.181303024291992,0.7401861548423767,0.7401861548423767,0.007401861250400543,3,7,21
3824,1636,3799,0.0,0.009999999776482582,5.445672035217285,0.63509601354599,0.63509601354599,0.006350960116833448,3,6,18
3825,1636,4043,0.0,0.009999999776482582,2.8502516746520996,0.2643216550350189,0.2643216550350189,0.0026432164013385773,3,3,9
3826,1637,4043,0.0,0.009999999776482582,2.8502516746520996,0.2643216550350189,0.2643216550350189,0.0026432164013385773,3,3,9
3827,1637,1638,0.0,0.009999999776482582,1.660074234008789,0.09429632127285004,0.09429632127285004,0.0009429631754755974,3,2,6
3828,1638,4090,0.0,0.009999999776482582,1.608223557472229,0.08688908070325851,0.08688908070325851,0.0008688907837495208,3,2,6
3829,3907,4044,0.0,0.009999999776482582,1.6698005199432373,0.09568578749895096,0.09568578749895096,0.0009568578680045903,3,2,6
3830,1639,4044,0.0,0.009999999776482582,1.176845908164978,0.025263700634241104,0.025263700634241104,0.00025263699353672564,3,2,6
3831,1639,1640,0.0,0.009999999776482582,1.153201699256897,0.021885957568883896,0.021885957568883896,0.00021885956812184304,3,2,6
3832,1640,3520,0.0,0.009999999776482582,4.718880653381348,0.5312686562538147,0.5312686562538147,0.005312686320394278,3,5,15
3833,1641,3950,0.0,0.009999999776482582,3.252213478088379,0.32174476981163025,0.32174476981163025,0.0032174475491046906,3,4,12
3834,1641,1642,0.0,0.009999999776482582,1.5091242790222168,0.07273203879594803,0.07273203879594803,0.000727320380974561,3,2,6
3835,1642,3950,0.0,0.009999999776482582,3.252213478088379,0.32174476981163025,0.32174476981163025,0.0032174475491046906,3,4,12
3836,3418,4001,0.0,0.009999999776482582,3.565641164779663,0.3665201663970947,0.3665201663970947,0.003665201598778367,3,4,12
3837,3244,3996,0.0,0.009999999776482582,2.9264888763427734,0.27521270513534546,0.27521270513534546,0.002752126893028617,3,3,9
3838,3418,3996,0.0,0.009999999776482582,3.565641164779663,0.3665201663970947,0.3665201663970947,0.003665201598778367,3,4,12
3839,3418,4529,0.0,0.009999999776482582,3.565641164779663,0.3665201663970947,0.3665201663970947,0.003665201598778367,3,4,12
3840,3295,4529,0.0,0.009999999776482582,2.710463762283325,0.24435196816921234,0.24435196816921234,0.002443519653752446,3,3,9
3841,3295,3418,0.0,0.009999999776482582,3.565641164779663,0.3665201663970947,0.3665201663970947,0.003665201598778367,3,4,12
3842,3996,4045,0.0,0.009999999776482582,2.9264888763427734,0.27521270513534546,0.27521270513534546,0.002752126893028617,3,3,9
3843,3907,3996,0.0,0.009999999776482582,2.9264888763427734,0.27521270513534546,0.27521270513534546,0.002752126893028617,3,3,9
3844,3244,3907,0.4999999701976776,0.5049999952316284,1.6698005199432373,0.09568578749895096,0.09568578749895096,0.04832132160663605,5,2,10
3845,3182,3244,0.0,0.009999999776482582,2.9116992950439453,0.2730998992919922,0.2730998992919922,0.00273099890910089,3,3,9
3846,3182,4001,0.0,0.009999999776482582,2.9116992950439453,0.2730998992919922,0.2730998992919922,0.00273099890910089,3,3,9
3847,1643,4076,0.0,0.009999999776482582,1.7952154874801636,0.11360221356153488,0.11360221356153488,0.0011360221542418003,3,2,6
3848,1643,4046,0.0,0.009999999776482582,1.7952154874801636,0.11360221356153488,0.11360221356153488,0.0011360221542418003,3,2,6
3849,4046,4076,0.0,0.009999999776482582,1.3991954326629639,0.057027917355298996,0.057027917355298996,0.0005702791386283934,3,2,6
3850,1644,3378,0.0,0.009999999776482582,1.9916096925735474,0.14165852963924408,0.14165852963924408,0.001416585291735828,3,2,6
3851,1644,4047,0.0,0.009999999776482582,1.9672274589538574,0.1381753534078598,0.1381753534078598,0.0013817534781992435,3,2,6
3852,3378,4047,0.0,0.009999999776482582,1.9916096925735474,0.14165852963924408,0.14165852963924408,0.001416585291735828,3,2,6
3853,3202,3420,0.0,0.009999999776482582,2.202258348464966,0.17175118625164032,0.17175118625164032,0.001717511797323823,3,3,9
3854,3108,3420,0.0,0.009999999776482582,2.393531322479248,0.19907590746879578,0.19907590746879578,0.0019907590467482805,3,3,9
3855,4003,4433,0.0,0.009999999776482582,4.180234909057617,0.4543192684650421,0.4543192684650421,0.004543192684650421,3,5,15
3856,3483,4433,0.4999999701976776,0.5049999952316284,1.6721904277801514,0.0960272029042244,0.0960272029042244,0.04849373549222946,5,2,10
3857,3483,4003,0.4999999701976776,0.5049999952316284,4.180234909057617,0.4543192684650421,0.4543192684650421,0.22943122684955597,5,5,25
3858,2975,4003,0.4999999701976776,0.5049999952316284,4.180234909057617,0.4543192684650421,0.4543192684650421,0.22943122684955597,5,5,25
3859,1645,2975,0.0,0.009999999776482582,1.4106974601745605,0.05867106467485428,0.05867106467485428,0.000586710637435317,3,2,6
3860,1645,4433,0.0,0.009999999776482582,1.6721904277801514,0.0960272029042244,0.0960272029042244,0.0009602719801478088,3,2,6
3861,3108,3483,0.0,0.009999999776482582,2.393531322479248,0.19907590746879578,0.19907590746879578,0.0019907590467482805,3,3,9
3862,3141,4433,0.0,0.009999999776482582,1.8504612445831299,0.12149446457624435,0.12149446457624435,0.0012149446411058307,3,2,6
3863,3141,3483,0.0,0.009999999776482582,1.8504612445831299,0.12149446457624435,0.12149446457624435,0.0012149446411058307,3,2,6
3864,3202,3483,0.0,0.009999999776482582,2.0872933864593506,0.15532763302326202,0.15532763302326202,0.0015532763209193945,3,3,9
3865,2975,3420,0.0,0.009999999776482582,2.202258348464966,0.17175118625164032,0.17175118625164032,0.001717511797323823,3,3,9
3866,3141,3420,0.0,0.009999999776482582,2.202258348464966,0.17175118625164032,0.17175118625164032,0.001717511797323823,3,3,9
3867,3141,4003,0.0,0.009999999776482582,4.180234909057617,0.4543192684650421,0.4543192684650421,0.004543192684650421,3,5,15
3868,1646,3799,0.0,0.009999999776482582,5.445672035217285,0.63509601354599,0.63509601354599,0.006350960116833448,3,6,18
3869,1646,3815,0.0,0.009999999776482582,3.0083112716674805,0.2869016230106354,0.2869016230106354,0.002869016258046031,3,4,12
3870,3567,3815,0.0,0.009999999776482582,1.9910378456115723,0.1415768414735794,0.1415768414735794,0.0014157684054225683,3,2,6
3871,4553,4554,0.4999999701976776,0.5049999952316284,1.1723895072937012,0.024627072736620903,0.024627072736620903,0.012436671182513237,5,2,10
3872,1647,4554,0.0,0.009999999776482582,1.205348014831543,0.02933542989194393,0.02933542989194393,0.00029335430008359253,3,2,6
3873,1647,3389,0.0,0.009999999776482582,1.205348014831543,0.02933542989194393,0.02933542989194393,0.00029335430008359253,3,2,6
3874,1648,4554,0.0,0.009999999776482582,1.0696405172348022,0.00994864571839571,0.00994864571839571,9.948645310942084e-05,3,2,6
3875,1648,4553,0.0,0.009999999776482582,1.1723895072937012,0.024627072736620903,0.024627072736620903,0.00024627073435112834,3,2,6
3876,3188,4048,0.0,0.009999999776482582,2.884145736694336,0.26916366815567017,0.26916366815567017,0.002691636560484767,3,3,9
3877,3775,4048,0.4999999701976776,0.5049999952316284,1.5570547580718994,0.07957924902439117,0.07957924902439117,0.040187519043684006,5,2,10
3878,1649,4555,0.0,0.009999999776482582,1.3255763053894043,0.04651090130209923,0.04651090130209923,0.0004651090130209923,3,2,6
3879,1649,1650,0.0,0.009999999776482582,1.3255763053894043,0.04651090130209923,0.04651090130209923,0.0004651090130209923,3,2,6
3880,1650,2976,0.0,0.009999999776482582,1.7280120849609375,0.1040017232298851,0.1040017232298851,0.001040017232298851,3,2,6
3881,2976,4555,0.0,0.009999999776482582,1.7280120849609375,0.1040017232298851,0.1040017232298851,0.001040017232298851,3,2,6
3882,3427,4321,0.4999999701976776,0.5049999952316284,1.9932920932769775,0.14189887046813965,0.14189887046813965,0.07165893167257309,5,2,10
3883,3924,4321,0.0,0.009999999776482582,1.9983717203140259,0.14262452721595764,0.14262452721595764,0.0014262452023103833,3,2,6
3884,3208,3924,0.4999999701976776,0.5049999952316284,6.996101379394531,0.8565859198570251,0.8565859198570251,0.43257588148117065,5,7,35
3885,3279,3427,0.4999999701976776,0.5049999952316284,2.0000603199005127,0.14286576211452484,0.14286576211452484,0.07214720547199249,5,3,15
3886,3279,3941,0.0,0.009999999776482582,2.0000603199005127,0.14286576211452484,0.14286576211452484,0.001428657560609281,3,3,9
3887,3427,3941,0.4999999701976776,0.5049999952316284,1.9977420568466187,0.14253458380699158,0.14253458380699158,0.07197996228933334,5,2,10
3888,3855,4321,0.0,0.009999999776482582,1.9932920932769775,0.14189887046813965,0.14189887046813965,0.001418988686054945,3,2,6
3889,3855,4034,0.4999999701976776,0.5049999952316284,2.4951164722442627,0.21358807384967804,0.21358807384967804,0.1078619733452797,5,3,15
3890,3151,4556,0.4999999701976776,0.5049999952316284,2.083824396133423,0.15483205020427704,0.15483205020427704,0.07819018512964249,5,3,15
3891,1651,4556,0.0,0.009999999776482582,1.9077296257019043,0.12967565655708313,0.12967565655708313,0.0012967565562576056,3,2,6
3892,1651,3540,0.0,0.009999999776482582,2.287999153137207,0.18399988114833832,0.18399988114833832,0.0018399987602606416,3,3,9
3893,1652,3962,0.0,0.009999999776482582,1.6990410089492798,0.09986300021409988,0.09986300021409988,0.0009986299555748701,3,2,6
3894,1652,3515,0.0,0.009999999776482582,1.4846595525741577,0.06923707574605942,0.06923707574605942,0.0006923707551322877,3,2,6
3895,1653,3515,0.0,0.009999999776482582,1.668761968612671,0.09553742408752441,0.09553742408752441,0.0009553742129355669,3,2,6
3896,1653,1654,0.0,0.009999999776482582,1.668761968612671,0.09553742408752441,0.09553742408752441,0.0009553742129355669,3,2,6
3897,1654,3515,0.0,0.009999999776482582,1.2995699644088745,0.042795710265636444,0.042795710265636444,0.000427957100328058,3,2,6
3898,2127,3307,0.4999999701976776,0.5049999952316284,2.6919689178466797,0.2417098432779312,0.2417098432779312,0.12206347286701202,5,3,15
3899,1655,3307,0.0,0.009999999776482582,1.0962127447128296,0.013744677416980267,0.013744677416980267,0.00013744676834903657,3,2,6
3900,1655,2127,0.0,0.009999999776482582,2.6919689178466797,0.2417098432779312,0.2417098432779312,0.0024170982651412487,3,3,9
3901,1656,3370,0.0,0.009999999776482582,3.7827131748199463,0.3975304663181305,0.3975304663181305,0.003975304774940014,3,4,12
3902,1656,1657,0.0,0.009999999776482582,3.7827131748199463,0.3975304663181305,0.3975304663181305,0.003975304774940014,3,4,12
3903,1657,3933,0.0,0.009999999776482582,1.8623143434524536,0.12318776547908783,0.12318776547908783,0.0012318775989115238,3,2,6
3904,3083,3933,0.0,0.009999999776482582,2.141227960586548,0.16303256154060364,0.16303256154060364,0.0016303255688399076,3,3,9
3905,1658,1659,0.0,0.009999999776482582,2.181898593902588,0.16884265840053558,0.16884265840053558,0.0016884265933185816,3,3,9
3906,1659,1660,0.0,0.009999999776482582,1.101102352142334,0.014443193562328815,0.014443193562328815,0.00014443193504121155,3,2,6
3907,1660,3917,0.0,0.009999999776482582,1.0893381834030151,0.012762597762048244,0.012762597762048244,0.00012762597179971635,3,2,6
3908,1661,3518,0.0,0.009999999776482582,2.1269214153289795,0.16098877787590027,0.16098877787590027,0.001609887694939971,3,3,9
3909,1661,1662,0.0,0.009999999776482582,1.7516505718231201,0.10737865418195724,0.10737865418195724,0.001073786523193121,3,2,6
3910,1662,3518,0.0,0.009999999776482582,2.1269214153289795,0.16098877787590027,0.16098877787590027,0.001609887694939971,3,3,9
3911,1663,4061,0.0,0.009999999776482582,1.1263607740402222,0.01805153861641884,0.01805153861641884,0.0001805153879104182,3,2,6
3912,1663,1664,0.0,0.009999999776482582,1.1263607740402222,0.01805153861641884,0.01805153861641884,0.0001805153879104182,3,2,6
3913,1664,4051,0.0,0.009999999776482582,1.050126075744629,0.007160868030041456,0.007160868030041456,7.160867971833795e-05,3,2,6
3914,1665,3799,0.0,0.009999999776482582,5.445672035217285,0.63509601354599,0.63509601354599,0.006350960116833448,3,6,18
3915,1665,1666,0.0,0.009999999776482582,1.3605704307556152,0.05151006206870079,0.05151006206870079,0.0005151006043888628,3,2,6
3916,1666,1667,0.0,0.009999999776482582,1.3605704307556152,0.05151006206870079,0.05151006206870079,0.0005151006043888628,3,2,6
3917,1667,1668,0.0,0.009999999776482582,1.1279791593551636,0.018282737582921982,0.018282737582921982,0.00018282736709807068,3,2,6
3918,1668,1669,0.0,0.009999999776482582,1.0856760740280151,0.01223943941295147,0.01223943941295147,0.00012239439820405096,3,2,6
3919,1669,1670,0.0,0.009999999776482582,1.2639678716659546,0.03770969435572624,0.03770969435572624,0.0003770969342440367,3,2,6
3920,1670,3503,0.0,0.009999999776482582,4.883973598480225,0.5548533797264099,0.5548533797264099,0.005548533517867327,3,5,15
3921,1671,4557,0.0,0.009999999776482582,3.3213298320770264,0.3316185474395752,0.3316185474395752,0.003316185437142849,3,4,12
3922,1671,2977,0.0,0.009999999776482582,1.4942221641540527,0.07060316950082779,0.07060316950082779,0.0007060316856950521,3,2,6
3923,2977,4557,0.0,0.009999999776482582,3.3213298320770264,0.3316185474395752,0.3316185474395752,0.003316185437142849,3,4,12
3924,1672,3277,0.0,0.009999999776482582,4.994047164916992,0.5705781579017639,0.5705781579017639,0.005705781280994415,3,5,15
3925,1672,1673,0.0,0.009999999776482582,2.368830680847168,0.19554723799228668,0.19554723799228668,0.0019554723985493183,3,3,9
3926,1673,3351,0.0,0.009999999776482582,4.757808685302734,0.5368298292160034,0.5368298292160034,0.005368298385292292,3,5,15
3927,1674,3351,0.0,0.009999999776482582,4.757808685302734,0.5368298292160034,0.5368298292160034,0.005368298385292292,3,5,15
3928,1674,1675,0.0,0.009999999776482582,1.606293797492981,0.08661340177059174,0.08661340177059174,0.000866134010720998,3,2,6
3929,1675,3506,0.0,0.009999999776482582,2.006500720977783,0.14378581941127777,0.14378581941127777,0.0014378582127392292,3,3,9
3930,3639,3640,0.4999999701976776,0.5049999952316284,1.41530179977417,0.0593288280069828,0.0593288280069828,0.029961057007312775,5,2,10
3931,1676,3646,0.0,0.009999999776482582,3.6519887447357178,0.37885552644729614,0.37885552644729614,0.003788555273786187,3,4,12
3932,1676,3522,0.0,0.009999999776482582,1.4397902488708496,0.06282717734575272,0.06282717734575272,0.0006282717804424465,3,2,6
3933,1677,3646,0.0,0.009999999776482582,3.6519887447357178,0.37885552644729614,0.37885552644729614,0.003788555273786187,3,4,12
3934,1677,4297,0.0,0.009999999776482582,1.4827085733413696,0.06895836442708969,0.06895836442708969,0.0006895836559124291,3,2,6
3935,3646,4297,0.0,0.009999999776482582,3.6519887447357178,0.37885552644729614,0.37885552644729614,0.003788555273786187,3,4,12
3936,1678,3646,0.0,0.009999999776482582,3.6519887447357178,0.37885552644729614,0.37885552644729614,0.003788555273786187,3,4,12
3937,1678,1679,0.0,0.009999999776482582,1.3362882137298584,0.048041172325611115,0.048041172325611115,0.0004804117197636515,3,2,6
3938,1679,3646,0.0,0.009999999776482582,3.6519887447357178,0.37885552644729614,0.37885552644729614,0.003788555273786187,3,4,12
3939,1680,3083,0.0,0.009999999776482582,2.308551788330078,0.18693597614765167,0.18693597614765167,0.001869359752163291,3,3,9
3940,1680,1681,0.0,0.009999999776482582,2.308551788330078,0.18693597614765167,0.18693597614765167,0.001869359752163291,3,3,9
3941,1681,3628,0.0,0.009999999776482582,1.5703768730163574,0.0814824104309082,0.0814824104309082,0.0008148240740410984,3,2,6
3942,3090,3805,0.4999999701976776,0.5049999952316284,3.4312098026275635,0.3473156988620758,0.3473156988620758,0.1753944307565689,5,4,20
3943,1682,3805,0.0,0.009999999776482582,1.1782996654510498,0.025471379980444908,0.025471379980444908,0.00025471378467045724,3,2,6
3944,1682,4558,0.0,0.009999999776482582,2.0036392211914062,0.14337703585624695,0.14337703585624695,0.0014337702887132764,3,3,9
3945,3482,4266,0.0,0.009999999776482582,4.455838203430176,0.49369117617607117,0.49369117617607117,0.004936911631375551,3,5,15
3946,1683,4266,0.0,0.009999999776482582,1.9478905200958252,0.13541293144226074,0.13541293144226074,0.0013541292864829302,3,2,6
3947,1683,1684,0.0,0.009999999776482582,1.9478905200958252,0.13541293144226074,0.13541293144226074,0.0013541292864829302,3,2,6
3948,1684,3174,0.0,0.009999999776482582,1.751617431640625,0.1073739156126976,0.1073739156126976,0.0010737391421571374,3,2,6
3949,1685,3530,0.0,0.009999999776482582,1.336635708808899,0.04809081554412842,0.04809081554412842,0.000480908143799752,3,2,6
3950,1685,4559,0.0,0.009999999776482582,1.0445585250854492,0.006365503650158644,0.006365503650158644,6.365503213601187e-05,3,2,6
3951,3428,4559,0.0,0.009999999776482582,1.3672858476638794,0.0524694062769413,0.0524694062769413,0.0005246940418146551,3,2,6
3952,1686,3428,0.0,0.009999999776482582,1.3672858476638794,0.0524694062769413,0.0524694062769413,0.0005246940418146551,3,2,6
3953,1686,1687,0.0,0.009999999776482582,1.0710277557373047,0.010146821849048138,0.010146821849048138,0.00010146821296075359,3,2,6
3954,1687,2978,0.0,0.009999999776482582,1.0710277557373047,0.010146821849048138,0.010146821849048138,0.00010146821296075359,3,2,6
3955,1688,2978,0.0,0.009999999776482582,1.1369708776474,0.01956726796925068,0.01956726796925068,0.00019567267736420035,3,2,6
3956,1688,4055,0.0,0.009999999776482582,1.1369708776474,0.01956726796925068,0.01956726796925068,0.00019567267736420035,3,2,6
3957,3144,4055,0.0,0.009999999776482582,1.368759274482727,0.05267989635467529,0.05267989635467529,0.0005267989472486079,3,2,6
3958,2979,3144,0.0,0.009999999776482582,1.6639212369918823,0.09484589099884033,0.09484589099884033,0.0009484589099884033,3,2,6
3959,4055,4559,0.0,0.009999999776482582,1.0720341205596924,0.01029058825224638,0.01029058825224638,0.00010290587670169771,3,2,6
3960,1689,4559,0.0,0.009999999776482582,1.0213005542755127,0.003042936325073242,0.003042936325073242,3.0429362595896237e-05,3,2,6
3961,1689,2979,0.0,0.009999999776482582,1.6639212369918823,0.09484589099884033,0.09484589099884033,0.0009484589099884033,3,2,6
3962,2979,3208,0.0,0.009999999776482582,6.996101379394531,0.8565859198570251,0.8565859198570251,0.00856585893779993,3,7,21
3963,3241,3335,0.4999999701976776,0.5049999952316284,7.126559734344482,0.8752228021621704,0.8752228021621704,0.4419875144958496,5,8,40
3964,3241,4054,0.0,0.009999999776482582,1.42984938621521,0.06140705570578575,0.06140705570578575,0.0006140705663710833,3,2,6
3965,3377,4054,0.0,0.009999999776482582,1.42984938621521,0.06140705570578575,0.06140705570578575,0.0006140705663710833,3,2,6
3966,1690,4055,0.0,0.009999999776482582,1.1733129024505615,0.02475898526608944,0.02475898526608944,0.00024758983636274934,3,2,6
3967,1690,1691,0.0,0.009999999776482582,1.739853858947754,0.10569340735673904,0.10569340735673904,0.0010569340083748102,3,2,6
3968,1691,1692,0.0,0.009999999776482582,1.739853858947754,0.10569340735673904,0.10569340735673904,0.0010569340083748102,3,2,6
3969,1692,4559,0.0,0.009999999776482582,1.0627741813659668,0.008967740461230278,0.008967740461230278,8.967739995568991e-05,3,2,6
3970,3111,4559,0.0,0.009999999776482582,1.1166141033172607,0.01665915735065937,0.01665915735065937,0.00016659157699905336,3,2,6
3971,4056,4057,0.0,0.009999999776482582,1.030279517173767,0.004325645510107279,0.004325645510107279,4.32564556831494e-05,3,2,6
3972,1693,4057,0.0,0.009999999776482582,1.0573862791061401,0.00819803960621357,0.00819803960621357,8.198039722628891e-05,3,2,6
3973,1693,1694,0.0,0.009999999776482582,1.0573862791061401,0.00819803960621357,0.00819803960621357,8.198039722628891e-05,3,2,6
3974,1694,4055,0.0,0.009999999776482582,1.0720341205596924,0.01029058825224638,0.01029058825224638,0.00010290587670169771,3,2,6
3975,2980,3281,0.4999999701976776,0.5049999952316284,1.19650137424469,0.028071625158190727,0.028071625158190727,0.014176170341670513,5,2,10
3976,2980,4560,0.4999999701976776,0.5049999952316284,1.0401549339294434,0.005736418999731541,0.005736418999731541,0.002896891674026847,5,2,10
3977,3625,4560,0.4999999701976776,0.5049999952316284,1.1287950277328491,0.01839928887784481,0.01839928887784481,0.009291640482842922,5,2,10
3978,1695,3184,0.0,0.009999999776482582,4.520293712615967,0.5028991103172302,0.5028991103172302,0.005028991028666496,3,5,15
3979,1695,1696,0.0,0.009999999776482582,1.1189335584640503,0.016990508884191513,0.016990508884191513,0.00016990509175229818,3,2,6
3980,1696,3197,0.0,0.009999999776482582,1.7218466997146606,0.10312096029520035,0.10312096029520035,0.0010312095982953906,3,2,6
3981,1697,4059,0.0,0.009999999776482582,1.6048157215118408,0.08640224486589432,0.08640224486589432,0.0008640224114060402,3,2,6
3982,1697,1698,0.0,0.009999999776482582,2.7948336601257324,0.2564048171043396,0.2564048171043396,0.0025640481617301702,3,3,9
3983,1698,4059,0.0,0.009999999776482582,2.7948336601257324,0.2564048171043396,0.2564048171043396,0.0025640481617301702,3,3,9
3984,3427,3924,0.0,0.009999999776482582,1.9983717203140259,0.14262452721595764,0.14262452721595764,0.0014262452023103833,3,2,6
3985,3924,3941,0.0,0.009999999776482582,1.9983717203140259,0.14262452721595764,0.14262452721595764,0.0014262452023103833,3,2,6
3986,1699,4061,0.0,0.009999999776482582,1.2730731964111328,0.03901045769453049,0.03901045769453049,0.0003901045711245388,3,2,6
3987,1699,1700,0.0,0.009999999776482582,1.2730731964111328,0.03901045769453049,0.03901045769453049,0.0003901045711245388,3,2,6
3988,1700,4061,0.0,0.009999999776482582,1.2647969722747803,0.03782813996076584,0.03782813996076584,0.0003782814019359648,3,2,6
3989,4039,4550,0.0,0.009999999776482582,5.3199872970581055,0.61714106798172,0.61714106798172,0.00617141043767333,3,6,18
3990,1701,4039,0.0,0.009999999776482582,1.2080055475234985,0.029715077951550484,0.029715077951550484,0.0002971507783513516,3,2,6
3991,1701,4040,0.0,0.009999999776482582,1.2556264400482178,0.03651806339621544,0.03651806339621544,0.00036518063279800117,3,2,6
3992,1702,4085,0.0,0.009999999776482582,1.644729495048523,0.09210421144962311,0.09210421144962311,0.0009210421121679246,3,2,6
3993,1702,1703,0.0,0.009999999776482582,1.1393496990203857,0.01990710012614727,0.01990710012614727,0.0001990710006793961,3,2,6
3994,1703,4550,0.0,0.009999999776482582,5.3199872970581055,0.61714106798172,0.61714106798172,0.00617141043767333,3,6,18
3995,1704,3998,0.0,0.009999999776482582,1.432490587234497,0.06178436800837517,0.06178436800837517,0.0006178436451591551,3,2,6
3996,1704,4039,0.0,0.009999999776482582,1.3170071840286255,0.045286741107702255,0.045286741107702255,0.0004528673889581114,3,2,6
3997,4039,4085,0.0,0.009999999776482582,1.644729495048523,0.09210421144962311,0.09210421144962311,0.0009210421121679246,3,2,6
3998,3208,3989,0.4999999701976776,0.5049999952316284,6.996101379394531,0.8565859198570251,0.8565859198570251,0.43257588148117065,5,7,35
3999,3864,3989,0.0,0.009999999776482582,2.0060067176818848,0.1437152475118637,0.1437152475118637,0.0014371523866429925,3,3,9
4000,3748,3864,0.0,0.009999999776482582,1.9866759777069092,0.14095370471477509,0.14095370471477509,0.001409537042491138,3,2,6
4001,1705,3287,0.0,0.009999999776482582,4.960546016693115,0.5657922625541687,0.5657922625541687,0.005657922476530075,3,5,15
4002,1705,4063,0.0,0.009999999776482582,2.002448081970215,0.1432068645954132,0.1432068645954132,0.001432068645954132,3,3,9
4003,3208,4063,0.0,0.009999999776482582,6.996101379394531,0.8565859198570251,0.8565859198570251,0.00856585893779993,3,7,21
4004,2981,4003,0.0,0.009999999776482582,4.180234909057617,0.4543192684650421,0.4543192684650421,0.004543192684650421,3,5,15
4005,2981,3556,0.0,0.009999999776482582,2.916004180908203,0.2737148702144623,0.2737148702144623,0.00273714866489172,3,3,9
4006,3166,3556,0.0,0.009999999776482582,1.3273309469223022,0.046761564910411835,0.046761564910411835,0.0004676156386267394,3,2,6
4007,3287,3785,0.0,0.009999999776482582,4.960546016693115,0.5657922625541687,0.5657922625541687,0.005657922476530075,3,5,15
4008,3785,3862,0.0,0.009999999776482582,2.0264623165130615,0.1466374695301056,0.1466374695301056,0.0014663746114820242,3,3,9
4009,3287,3862,0.0,0.009999999776482582,4.960546016693115,0.5657922625541687,0.5657922625541687,0.005657922476530075,3,5,15
4010,1706,3208,0.0,0.009999999776482582,6.996101379394531,0.8565859198570251,0.8565859198570251,0.00856585893779993,3,7,21
4011,1706,4063,0.0,0.009999999776482582,2.002448081970215,0.1432068645954132,0.1432068645954132,0.001432068645954132,3,3,9
4012,3287,4063,0.0,0.009999999776482582,4.960546016693115,0.5657922625541687,0.5657922625541687,0.005657922476530075,3,5,15
4013,1707,3208,0.0,0.009999999776482582,6.996101379394531,0.8565859198570251,0.8565859198570251,0.00856585893779993,3,7,21
4014,1707,1708,0.0,0.009999999776482582,1.8658474683761597,0.12369249761104584,0.12369249761104584,0.0012369249016046524,3,2,6
4015,1708,3287,0.0,0.009999999776482582,4.960546016693115,0.5657922625541687,0.5657922625541687,0.005657922476530075,3,5,15
4016,1709,3636,0.0,0.009999999776482582,1.9177430868148804,0.1311061531305313,0.1311061531305313,0.0013110615545883775,3,2,6
4017,1709,1710,0.0,0.009999999776482582,1.9177430868148804,0.1311061531305313,0.1311061531305313,0.0013110615545883775,3,2,6
4018,1710,3253,0.0,0.009999999776482582,1.273925542831421,0.039132218807935715,0.039132218807935715,0.00039132218807935715,3,2,6
4019,1711,3636,0.0,0.009999999776482582,1.2391794919967651,0.03416850045323372,0.03416850045323372,0.0003416849940549582,3,2,6
4020,1711,1712,0.0,0.009999999776482582,1.2308671474456787,0.0329810194671154,0.0329810194671154,0.000329810194671154,3,2,6
4021,1712,3376,0.0,0.009999999776482582,3.1746044158935547,0.3106577694416046,0.3106577694416046,0.00310657755471766,3,4,12
4022,1713,3636,0.0,0.009999999776482582,2.0778188705444336,0.15397413074970245,0.15397413074970245,0.001539741293527186,3,3,9
4023,1713,1714,0.0,0.009999999776482582,2.0778188705444336,0.15397413074970245,0.15397413074970245,0.001539741293527186,3,3,9
4024,1714,1715,0.0,0.009999999776482582,1.44657564163208,0.0637965202331543,0.0637965202331543,0.0006379651604220271,3,2,6
4025,1715,3636,0.0,0.009999999776482582,1.2620724439620972,0.03743892163038254,0.03743892163038254,0.00037438920116983354,3,2,6
4026,4302,4397,0.0,0.009999999776482582,1.3027920722961426,0.0432560108602047,0.0432560108602047,0.0004325601039454341,3,2,6
4027,1716,4302,0.0,0.009999999776482582,1.175897479057312,0.025128211826086044,0.025128211826086044,0.0002512821229174733,3,2,6
4028,1716,4055,0.0,0.009999999776482582,1.1243842840194702,0.017769183963537216,0.017769183963537216,0.0001776918361429125,3,2,6
4029,1717,3335,0.0,0.009999999776482582,7.126559734344482,0.8752228021621704,0.8752228021621704,0.008752227760851383,3,8,24
4030,1717,3309,0.0,0.009999999776482582,1.3334195613861084,0.047631364315748215,0.047631364315748215,0.0004763136385008693,3,2,6
4031,4055,4302,0.0,0.009999999776482582,1.175897479057312,0.025128211826086044,0.025128211826086044,0.0002512821229174733,3,2,6
4032,4302,4581,0.0,0.009999999776482582,1.355288028717041,0.05075543373823166,0.05075543373823166,0.0005075543303973973,3,2,6
4033,1718,4581,0.0,0.009999999776482582,1.82759428024292,0.1182277575135231,0.1182277575135231,0.0011822775704786181,3,2,6
4034,1718,1719,0.0,0.009999999776482582,1.82759428024292,0.1182277575135231,0.1182277575135231,0.0011822775704786181,3,2,6
4035,1719,4055,0.0,0.009999999776482582,1.1789896488189697,0.02556994929909706,0.02556994929909706,0.0002556994732003659,3,2,6
4036,1720,3309,0.0,0.009999999776482582,1.3334195613861084,0.047631364315748215,0.047631364315748215,0.0004763136385008693,3,2,6
4037,1720,1721,0.0,0.009999999776482582,1.1325654983520508,0.01893792860209942,0.01893792860209942,0.00018937927961815149,3,2,6
4038,1721,3335,0.0,0.009999999776482582,7.126559734344482,0.8752228021621704,0.8752228021621704,0.008752227760851383,3,8,24
4039,3100,4581,0.0,0.009999999776482582,6.839209079742432,0.8341727256774902,0.8341727256774902,0.00834172684699297,3,7,21
4040,3532,4067,0.0,0.009999999776482582,3.9786651134490967,0.425523579120636,0.425523579120636,0.004255235660821199,3,4,12
4041,1722,4067,0.0,0.009999999776482582,3.239102602005005,0.31987181305885315,0.31987181305885315,0.0031987179536372423,3,4,12
4042,1722,2982,0.0,0.009999999776482582,2.4255566596984863,0.20365095138549805,0.20365095138549805,0.002036509569734335,3,3,9
4043,2982,3799,0.0,0.009999999776482582,5.445672035217285,0.63509601354599,0.63509601354599,0.006350960116833448,3,6,18
4044,1723,3169,0.0,0.009999999776482582,2.132175922393799,0.16173942387104034,0.16173942387104034,0.0016173941548913717,3,3,9
4045,1723,1724,0.0,0.009999999776482582,1.0913289785385132,0.013046996667981148,0.013046996667981148,0.00013046996900811791,3,2,6
4046,1724,4561,0.0,0.009999999776482582,1.087375283241272,0.012482183054089546,0.012482183054089546,0.0001248218322871253,3,2,6
4047,1725,3355,0.0,0.009999999776482582,1.9443343877792358,0.1349049061536789,0.1349049061536789,0.0013490490382537246,3,2,6
4048,1725,3348,0.0,0.009999999776482582,2.8790488243103027,0.268435537815094,0.268435537815094,0.0026843552477657795,3,3,9
4049,1726,3332,0.0,0.009999999776482582,1.9406821727752686,0.1343831717967987,0.1343831717967987,0.0013438316527754068,3,2,6
4050,1726,1727,0.0,0.009999999776482582,1.3277491331100464,0.04682130366563797,0.04682130366563797,0.0004682130238506943,3,2,6
4051,1727,1728,0.0,0.009999999776482582,1.60092031955719,0.08584576100111008,0.08584576100111008,0.00085845758439973,3,2,6
4052,1728,3878,0.0,0.009999999776482582,3.259284019470215,0.3227548599243164,0.3227548599243164,0.0032275484409183264,3,4,12
4053,4357,4562,1.0,1.0,7.113405227661133,0.8733435869216919,0.8733435869216919,0.8733435869216919,5,8,40
4054,4562,4563,1.0,1.0,1.1776952743530273,0.025385038927197456,0.025385038927197456,0.025385038927197456,5,2,10
4055,4357,4563,1.0,1.0,7.113405227661133,0.8733435869216919,0.8733435869216919,0.8733435869216919,5,8,40
4056,3520,4106,1.0,1.0,4.718880653381348,0.5312686562538147,0.5312686562538147,0.5312686562538147,5,5,25
4057,1729,4106,0.0,0.009999999776482582,1.3189997673034668,0.04557139426469803,0.04557139426469803,0.0004557139181997627,3,2,6
4058,1729,4044,0.0,0.009999999776482582,1.3189997673034668,0.04557139426469803,0.04557139426469803,0.0004557139181997627,3,2,6
4059,1730,4044,0.0,0.009999999776482582,1.2602144479751587,0.03717349097132683,0.03717349097132683,0.00037173490272834897,3,2,6
4060,1730,3520,0.0,0.009999999776482582,4.718880653381348,0.5312686562538147,0.5312686562538147,0.005312686320394278,3,5,15
4061,4106,4212,0.0,0.009999999776482582,1.179915189743042,0.02570216916501522,0.02570216916501522,0.00025702168932184577,3,2,6
4062,3520,4212,0.0,0.009999999776482582,4.718880653381348,0.5312686562538147,0.5312686562538147,0.005312686320394278,3,5,15
4063,3923,4564,0.0,0.009999999776482582,3.0333306789398193,0.2904758155345917,0.2904758155345917,0.0029047580901533365,3,4,12
4064,4069,4564,0.0,0.009999999776482582,2.3232617378234863,0.18903739750385284,0.18903739750385284,0.001890373881906271,3,3,9
4065,3995,4069,0.4999999701976776,0.5049999952316284,3.7291080951690674,0.38987258076667786,0.38987258076667786,0.19688564538955688,5,4,20
4066,1731,3995,0.0,0.009999999776482582,3.7291080951690674,0.38987258076667786,0.38987258076667786,0.003898725612089038,3,4,12
4067,1731,4069,0.0,0.009999999776482582,1.1531294584274292,0.021875636652112007,0.021875636652112007,0.00021875636593904346,3,2,6
4068,1732,3923,0.0,0.009999999776482582,3.0333306789398193,0.2904758155345917,0.2904758155345917,0.0029047580901533365,3,4,12
4069,1732,1733,0.0,0.009999999776482582,2.2070226669311523,0.1724318116903305,0.1724318116903305,0.0017243181355297565,3,3,9
4070,1733,3923,0.0,0.009999999776482582,3.0333306789398193,0.2904758155345917,0.2904758155345917,0.0029047580901533365,3,4,12
4071,1734,3247,0.0,0.009999999776482582,3.75626802444458,0.3937525749206543,0.3937525749206543,0.003937525674700737,3,4,12
4072,1734,4078,0.0,0.009999999776482582,1.3002347946166992,0.04289068654179573,0.04289068654179573,0.0004289068456273526,3,2,6
4073,1735,3247,0.0,0.009999999776482582,3.75626802444458,0.3937525749206543,0.3937525749206543,0.003937525674700737,3,4,12
4074,1735,4078,0.0,0.009999999776482582,1.4546473026275635,0.06494961678981781,0.06494961678981781,0.0006494961562566459,3,2,6
4075,1736,3381,0.0,0.009999999776482582,4.358625888824463,0.4798037111759186,0.4798037111759186,0.004798037000000477,3,5,15
4076,1736,2983,0.0,0.009999999776482582,2.069329023361206,0.1527612954378128,0.1527612954378128,0.0015276129124686122,3,3,9
4077,2983,4164,0.0,0.009999999776482582,2.1785831451416016,0.16836902499198914,0.16836902499198914,0.0016836902359500527,3,3,9
4078,2983,4565,0.0,0.009999999776482582,2.38765287399292,0.1982361227273941,0.1982361227273941,0.001982361078262329,3,3,9
4079,2983,4078,0.0,0.009999999776482582,1.5317184925079346,0.07595978677272797,0.07595978677272797,0.0007595978677272797,3,2,6
4080,1737,3247,0.0,0.009999999776482582,3.75626802444458,0.3937525749206543,0.3937525749206543,0.003937525674700737,3,4,12
4081,1737,1738,0.0,0.009999999776482582,1.4446463584899902,0.06352090835571289,0.06352090835571289,0.0006352090858854353,3,2,6
4082,1738,3175,0.0,0.009999999776482582,1.2851554155349731,0.04073648899793625,0.04073648899793625,0.00040736488881520927,3,2,6
4083,3312,4027,0.0,0.009999999776482582,2.711240291595459,0.24446289241313934,0.24446289241313934,0.002444628858938813,3,3,9
4084,4027,4070,0.0,0.009999999776482582,1.767996907234192,0.1097138449549675,0.1097138449549675,0.0010971383890137076,3,2,6
4085,3312,4070,0.0,0.009999999776482582,2.711240291595459,0.24446289241313934,0.24446289241313934,0.002444628858938813,3,3,9
4086,3312,3805,0.0,0.009999999776482582,2.711240291595459,0.24446289241313934,0.24446289241313934,0.002444628858938813,3,3,9
4087,1739,3805,0.0,0.009999999776482582,1.8954360485076904,0.12791943550109863,0.12791943550109863,0.0012791943736374378,3,2,6
4088,1739,1740,0.0,0.009999999776482582,1.8954360485076904,0.12791943550109863,0.12791943550109863,0.0012791943736374378,3,2,6
4089,1740,3312,0.0,0.009999999776482582,2.711240291595459,0.24446289241313934,0.24446289241313934,0.002444628858938813,3,3,9
4090,1741,3424,0.0,0.009999999776482582,1.978043556213379,0.13972051441669464,0.13972051441669464,0.0013972051674500108,3,2,6
4091,1741,1742,0.0,0.009999999776482582,1.1606190204620361,0.022945573553442955,0.022945573553442955,0.00022945573437027633,3,2,6
4092,1742,1743,0.0,0.009999999776482582,1.720952033996582,0.10299314558506012,0.10299314558506012,0.0010299314744770527,3,2,6
4093,1743,3195,0.0,0.009999999776482582,5.761999130249023,0.6802855730056763,0.6802855730056763,0.006802855525165796,3,6,18
4094,3847,4208,0.0,0.009999999776482582,2.84037709236145,0.26291102170944214,0.26291102170944214,0.002629110123962164,3,3,9
4095,1744,4208,0.0,0.009999999776482582,2.499110698699951,0.21415866911411285,0.21415866911411285,0.0021415867377072573,3,3,9
4096,1744,3458,0.0,0.009999999776482582,2.2592313289642334,0.17989018559455872,0.17989018559455872,0.001798901823349297,3,3,9
4097,1745,4566,0.0,0.009999999776482582,1.5994354486465454,0.08563363552093506,0.08563363552093506,0.0008563363226130605,3,2,6
4098,1746,4566,0.0,0.009999999776482582,1.5994354486465454,0.08563363552093506,0.08563363552093506,0.0008563363226130605,3,2,6
4099,1747,3603,0.0,0.009999999776482582,1.6510406732559204,0.09300581365823746,0.09300581365823746,0.0009300581295974553,3,2,6
4100,1747,1748,0.0,0.009999999776482582,1.3951054811477661,0.05644363909959793,0.05644363909959793,0.0005644363700412214,3,2,6
4101,1748,1749,0.0,0.009999999776482582,1.3951054811477661,0.05644363909959793,0.05644363909959793,0.0005644363700412214,3,2,6
4102,1749,3603,0.0,0.009999999776482582,1.6510406732559204,0.09300581365823746,0.09300581365823746,0.0009300581295974553,3,2,6
4103,3164,3958,0.0,0.009999999776482582,1.7717691659927368,0.1102527379989624,0.1102527379989624,0.0011025273706763983,3,2,6
4104,1750,3958,0.0,0.009999999776482582,1.5335137844085693,0.07621625810861588,0.07621625810861588,0.000762162555474788,3,2,6
4105,1751,3958,0.0,0.009999999776482582,1.5615568161010742,0.08022240549325943,0.08022240549325943,0.0008022240363061428,3,2,6
4106,1751,1752,0.0,0.009999999776482582,1.5615568161010742,0.08022240549325943,0.08022240549325943,0.0008022240363061428,3,2,6
4107,1753,3950,0.0,0.009999999776482582,4.419754981994629,0.48853641748428345,0.48853641748428345,0.004885363858193159,3,5,15
4108,1753,3949,0.0,0.009999999776482582,4.419754981994629,0.48853641748428345,0.48853641748428345,0.004885363858193159,3,5,15
4109,3949,4137,0.0,0.009999999776482582,2.3135812282562256,0.18765446543693542,0.18765446543693542,0.001876544556580484,3,3,9
4110,1754,3949,0.0,0.009999999776482582,3.662245750427246,0.38032081723213196,0.38032081723213196,0.003803208004683256,3,4,12
4111,1754,4111,0.0,0.009999999776482582,3.662245750427246,0.38032081723213196,0.38032081723213196,0.003803208004683256,3,4,12
4112,3316,4567,0.0,0.009999999776482582,1.218802571296692,0.0312575101852417,0.0312575101852417,0.00031257508089765906,3,2,6
4113,3316,4073,0.0,0.009999999776482582,1.3146798610687256,0.044954266399145126,0.044954266399145126,0.0004495426546782255,3,2,6
4114,4073,4567,1.0,1.0,1.3146798610687256,0.044954266399145126,0.044954266399145126,0.044954266399145126,5,2,10
4115,1755,3503,0.0,0.009999999776482582,4.883973598480225,0.5548533797264099,0.5548533797264099,0.005548533517867327,3,5,15
4116,1755,3313,0.0,0.009999999776482582,1.9429192543029785,0.13470275700092316,0.13470275700092316,0.0013470274861901999,3,2,6
4117,3313,4011,0.0,0.009999999776482582,1.9429192543029785,0.13470275700092316,0.13470275700092316,0.0013470274861901999,3,2,6
4118,3538,4011,0.0,0.009999999776482582,4.664133071899414,0.523447573184967,0.523447573184967,0.005234475713223219,3,5,15
4119,1756,3538,0.0,0.009999999776482582,4.664133071899414,0.523447573184967,0.523447573184967,0.005234475713223219,3,5,15
4120,1756,2984,0.0,0.009999999776482582,1.6330833435058594,0.09044047445058823,0.09044047445058823,0.0009044047328643501,3,2,6
4121,2984,3538,0.0,0.009999999776482582,4.664133071899414,0.523447573184967,0.523447573184967,0.005234475713223219,3,5,15
4122,3165,3208,0.0,0.009999999776482582,6.996101379394531,0.8565859198570251,0.8565859198570251,0.00856585893779993,3,7,21
4123,3165,3427,0.0,0.009999999776482582,1.9276247024536133,0.13251781463623047,0.13251781463623047,0.0013251780765131116,3,2,6
4124,4034,4158,0.0,0.009999999776482582,2.4951164722442627,0.21358807384967804,0.21358807384967804,0.002135880757123232,3,3,9
4125,3496,4158,0.0,0.009999999776482582,2.0021135807037354,0.14315907657146454,0.14315907657146454,0.0014315907610580325,3,3,9
4126,3496,4034,0.0,0.009999999776482582,2.4951164722442627,0.21358807384967804,0.21358807384967804,0.002135880757123232,3,3,9
4127,1757,1758,0.0,0.009999999776482582,1.4287364482879639,0.061248064041137695,0.061248064041137695,0.0006124806241132319,3,2,6
4128,1758,3257,0.0,0.009999999776482582,2.6947274208068848,0.2421039193868637,0.2421039193868637,0.002421039156615734,3,3,9
4129,1759,3257,0.0,0.009999999776482582,2.6947274208068848,0.2421039193868637,0.2421039193868637,0.002421039156615734,3,3,9
4130,1759,3456,0.0,0.009999999776482582,4.427008628845215,0.489572674036026,0.489572674036026,0.0048957266844809055,3,5,15
4131,1760,3176,0.0,0.009999999776482582,3.1530306339263916,0.3075757920742035,0.3075757920742035,0.0030757577624171972,3,4,12
4132,1760,3664,0.0,0.009999999776482582,2.7209205627441406,0.24584579467773438,0.24584579467773438,0.002458457835018635,3,3,9
4133,3325,3664,0.0,0.009999999776482582,2.7209205627441406,0.24584579467773438,0.24584579467773438,0.002458457835018635,3,3,9
4134,3370,3627,0.0,0.009999999776482582,2.686471462249756,0.24092449247837067,0.24092449247837067,0.0024092448875308037,3,3,9
4135,1761,3627,0.0,0.009999999776482582,2.9246792793273926,0.2749541699886322,0.2749541699886322,0.0027495415415614843,3,3,9
4136,1761,3543,0.0,0.009999999776482582,2.9246792793273926,0.2749541699886322,0.2749541699886322,0.0027495415415614843,3,3,9
4137,1762,3543,0.0,0.009999999776482582,3.2444097995758057,0.3206299841403961,0.3206299841403961,0.003206299850717187,3,4,12
4138,1762,3409,0.0,0.009999999776482582,3.2444097995758057,0.3206299841403961,0.3206299841403961,0.003206299850717187,3,4,12
4139,1763,4567,0.0,0.009999999776482582,1.069448471069336,0.009921209886670113,0.009921209886670113,9.921209857566282e-05,3,2,6
4140,1763,4073,0.0,0.009999999776482582,1.3146798610687256,0.044954266399145126,0.044954266399145126,0.0004495426546782255,3,2,6
4141,1764,4567,0.0,0.009999999776482582,1.343192458152771,0.049027495086193085,0.049027495086193085,0.0004902749205939472,3,2,6
4142,1764,4073,0.0,0.009999999776482582,1.343192458152771,0.049027495086193085,0.049027495086193085,0.0004902749205939472,3,2,6
4143,1765,4567,0.0,0.009999999776482582,1.0669472217559814,0.009563888423144817,0.009563888423144817,9.563888306729496e-05,3,2,6
4144,1765,2985,0.0,0.009999999776482582,1.091914176940918,0.013130596838891506,0.013130596838891506,0.00013130596198607236,3,2,6
4145,2985,4567,0.0,0.009999999776482582,1.091914176940918,0.013130596838891506,0.013130596838891506,0.00013130596198607236,3,2,6
4146,1766,4567,0.0,0.009999999776482582,1.0636532306671143,0.009093319065868855,0.009093319065868855,9.093318658415228e-05,3,2,6
4147,1766,1767,0.0,0.009999999776482582,1.0608090162277222,0.008687002584338188,0.008687002584338188,8.687002264196053e-05,3,2,6
4148,1767,1768,0.0,0.009999999776482582,1.077981948852539,0.011140278540551662,0.011140278540551662,0.0001114027836592868,3,2,6
4149,1769,4567,0.0,0.009999999776482582,1.1881747245788574,0.026882102712988853,0.026882102712988853,0.00026882102247327566,3,2,6
4150,1769,4074,0.0,0.009999999776482582,1.6451177597045898,0.0921596810221672,0.0921596810221672,0.0009215967729687691,3,2,6
4151,4074,4567,0.0,0.009999999776482582,1.6451177597045898,0.0921596810221672,0.0921596810221672,0.0009215967729687691,3,2,6
4152,1770,3635,0.0,0.009999999776482582,2.176168918609619,0.16802413761615753,0.16802413761615753,0.001680241315625608,3,3,9
4153,1770,3978,0.0,0.009999999776482582,1.2534830570220947,0.03621186688542366,0.03621186688542366,0.0003621186478994787,3,2,6
4154,3978,4058,0.0,0.009999999776482582,6.7721381187438965,0.8245911598205566,0.8245911598205566,0.008245911449193954,3,7,21
4155,1771,3635,0.0,0.009999999776482582,2.176168918609619,0.16802413761615753,0.16802413761615753,0.001680241315625608,3,3,9
4156,1771,1772,0.0,0.009999999776482582,2.0256154537200928,0.14651648700237274,0.14651648700237274,0.0014651648234575987,3,3,9
4157,1772,4058,0.0,0.009999999776482582,6.7721381187438965,0.8245911598205566,0.8245911598205566,0.008245911449193954,3,7,21
4158,3289,4238,0.0,0.009999999776482582,2.448608875274658,0.20694412291049957,0.20694412291049957,0.0020694411359727383,3,3,9
4159,1773,4238,0.0,0.009999999776482582,2.448608875274658,0.20694412291049957,0.20694412291049957,0.0020694411359727383,3,3,9
4160,1773,4184,0.0,0.009999999776482582,1.7842299938201904,0.11203285306692123,0.11203285306692123,0.0011203285539522767,3,2,6
4161,4184,4238,0.0,0.009999999776482582,2.448608875274658,0.20694412291049957,0.20694412291049957,0.0020694411359727383,3,3,9
4162,4078,4569,0.0,0.009999999776482582,1.5127426385879517,0.07324894517660141,0.07324894517660141,0.0007324894540943205,3,2,6
4163,1774,4078,0.0,0.009999999776482582,1.4890834093093872,0.06986905634403229,0.06986905634403229,0.0006986905355006456,3,2,6
4164,1774,2986,0.0,0.009999999776482582,1.4890834093093872,0.06986905634403229,0.06986905634403229,0.0006986905355006456,3,2,6
4165,2986,3247,0.0,0.009999999776482582,3.75626802444458,0.3937525749206543,0.3937525749206543,0.003937525674700737,3,4,12
4166,3247,4569,1.0,1.0,3.75626802444458,0.3937525749206543,0.3937525749206543,0.3937525749206543,5,4,20
4167,1775,4569,0.0,0.009999999776482582,1.5127426385879517,0.07324894517660141,0.07324894517660141,0.0007324894540943205,3,2,6
4168,1775,1776,0.0,0.009999999776482582,1.118516445159912,0.016930921003222466,0.016930921003222466,0.00016930920537561178,3,2,6
4169,1776,1777,0.0,0.009999999776482582,1.5677348375320435,0.08110497891902924,0.08110497891902924,0.0008110497728921473,3,2,6
4170,1777,2986,0.0,0.009999999776482582,1.5677348375320435,0.08110497891902924,0.08110497891902924,0.0008110497728921473,3,2,6
4171,2986,3381,0.0,0.009999999776482582,4.358625888824463,0.4798037111759186,0.4798037111759186,0.004798037000000477,3,5,15
4172,1778,3247,0.0,0.009999999776482582,3.75626802444458,0.3937525749206543,0.3937525749206543,0.003937525674700737,3,4,12
4173,1778,1779,0.0,0.009999999776482582,1.454796314239502,0.06497090309858322,0.06497090309858322,0.0006497090216726065,3,2,6
4174,1779,4569,0.0,0.009999999776482582,1.5127426385879517,0.07324894517660141,0.07324894517660141,0.0007324894540943205,3,2,6
4175,1780,4569,0.0,0.009999999776482582,1.5127426385879517,0.07324894517660141,0.07324894517660141,0.0007324894540943205,3,2,6
4176,1780,3671,0.0,0.009999999776482582,1.8264875411987305,0.11806964874267578,0.11806964874267578,0.0011806964175775647,3,2,6
4177,3671,4570,0.0,0.009999999776482582,1.8264875411987305,0.11806964874267578,0.11806964874267578,0.0011806964175775647,3,2,6
4178,4569,4570,0.0,0.009999999776482582,1.5127426385879517,0.07324894517660141,0.07324894517660141,0.0007324894540943205,3,2,6
4179,3346,4569,0.0,0.009999999776482582,1.587587833404541,0.08394111692905426,0.08394111692905426,0.0008394111646339297,3,2,6
4180,1781,3346,0.0,0.009999999776482582,1.587587833404541,0.08394111692905426,0.08394111692905426,0.0008394111646339297,3,2,6
4181,1781,3247,0.0,0.009999999776482582,3.75626802444458,0.3937525749206543,0.3937525749206543,0.003937525674700737,3,4,12
4182,3381,4569,0.4999999701976776,0.5049999952316284,4.358625888824463,0.4798037111759186,0.4798037111759186,0.2423008680343628,5,5,25
4183,1782,4569,0.0,0.009999999776482582,1.6602381467819214,0.09431973844766617,0.09431973844766617,0.0009431973448954523,3,2,6
4184,1783,4569,0.0,0.009999999776482582,1.6807228326797485,0.09724611788988113,0.09724611788988113,0.0009724611300043762,3,2,6
4185,1783,1784,0.0,0.009999999776482582,1.6807228326797485,0.09724611788988113,0.09724611788988113,0.0009724611300043762,3,2,6
4186,1784,4569,0.0,0.009999999776482582,1.5127426385879517,0.07324894517660141,0.07324894517660141,0.0007324894540943205,3,2,6
4187,1785,3524,0.0,0.009999999776482582,1.7454559803009033,0.10649371147155762,0.10649371147155762,0.0010649370960891247,3,2,6
4188,1785,4571,0.0,0.009999999776482582,1.7454559803009033,0.10649371147155762,0.10649371147155762,0.0010649370960891247,3,2,6
4189,3524,4571,0.0,0.009999999776482582,1.6449445486068726,0.09213493764400482,0.09213493764400482,0.0009213493322022259,3,2,6
4190,3335,3782,0.0,0.009999999776482582,7.126559734344482,0.8752228021621704,0.8752228021621704,0.008752227760851383,3,8,24
4191,3352,4132,0.0,0.009999999776482582,6.181303024291992,0.7401861548423767,0.7401861548423767,0.007401861250400543,3,7,21
4192,3317,3352,0.0,0.009999999776482582,2.2036378383636475,0.17194826900959015,0.17194826900959015,0.001719482708722353,3,3,9
4193,3317,4132,0.0,0.009999999776482582,6.181303024291992,0.7401861548423767,0.7401861548423767,0.007401861250400543,3,7,21
4194,1786,3557,0.0,0.009999999776482582,3.6960854530334473,0.38515505194664,0.38515505194664,0.0038515503983944654,3,4,12
4195,1786,3352,0.0,0.009999999776482582,2.2036378383636475,0.17194826900959015,0.17194826900959015,0.001719482708722353,3,3,9
4196,2987,4003,0.0,0.009999999776482582,4.180234909057617,0.4543192684650421,0.4543192684650421,0.004543192684650421,3,5,15
4197,1787,2987,0.0,0.009999999776482582,1.7825713157653809,0.11179590225219727,0.11179590225219727,0.0011179590364918113,3,2,6
4198,1787,4003,0.0,0.009999999776482582,4.180234909057617,0.4543192684650421,0.4543192684650421,0.004543192684650421,3,5,15
4199,3466,4003,0.0,0.009999999776482582,4.180234909057617,0.4543192684650421,0.4543192684650421,0.004543192684650421,3,5,15
4200,3439,3466,0.0,0.009999999776482582,7.417606353759766,0.9168009161949158,0.9168009161949158,0.009168009273707867,3,8,24
4201,1788,4572,0.0,0.009999999776482582,1.2909486293792725,0.04156408831477165,0.04156408831477165,0.0004156408831477165,3,2,6
4202,1788,1789,0.0,0.009999999776482582,1.896378517150879,0.12805406749248505,0.12805406749248505,0.0012805406004190445,3,2,6
4203,1789,4573,0.0,0.009999999776482582,1.896378517150879,0.12805406749248505,0.12805406749248505,0.0012805406004190445,3,2,6
4204,3656,4573,0.0,0.009999999776482582,1.7294425964355469,0.10420608520507812,0.10420608520507812,0.001042060786858201,3,2,6
4205,3324,3583,0.4999999701976776,0.5049999952316284,2.2907724380493164,0.18439605832099915,0.18439605832099915,0.09312000870704651,5,3,15
4206,3583,3972,0.0,0.009999999776482582,2.282576084136963,0.18322515487670898,0.18322515487670898,0.0018322515534237027,3,3,9
4207,3786,3972,0.0,0.009999999776482582,2.565084934234619,0.22358356416225433,0.22358356416225433,0.002235835650935769,3,3,9
4208,1790,4574,0.0,0.009999999776482582,1.6529772281646729,0.09328246116638184,0.09328246116638184,0.0009328245650976896,3,2,6
4209,1790,2988,0.0,0.009999999776482582,1.6207056045532227,0.0886722281575203,0.0886722281575203,0.0008867222350090742,3,2,6
4210,2988,4574,0.0,0.009999999776482582,1.6529772281646729,0.09328246116638184,0.09328246116638184,0.0009328245650976896,3,2,6
4211,1791,3660,0.0,0.009999999776482582,3.586358070373535,0.3694797158241272,0.3694797158241272,0.0036947971675544977,3,4,12
4212,1791,2989,0.0,0.009999999776482582,1.235414743423462,0.033630676567554474,0.033630676567554474,0.0003363067517057061,3,2,6
4213,2989,3660,0.0,0.009999999776482582,3.586358070373535,0.3694797158241272,0.3694797158241272,0.0036947971675544977,3,4,12
4214,3660,4082,0.0,0.009999999776482582,3.586358070373535,0.3694797158241272,0.3694797158241272,0.0036947971675544977,3,4,12
4215,4081,4082,0.0,0.009999999776482582,1.6456894874572754,0.09224135428667068,0.09224135428667068,0.0009224135428667068,3,2,6
4216,3660,4081,0.0,0.009999999776482582,3.586358070373535,0.3694797158241272,0.3694797158241272,0.0036947971675544977,3,4,12
4217,4081,4323,0.0,0.009999999776482582,1.6456894874572754,0.09224135428667068,0.09224135428667068,0.0009224135428667068,3,2,6
4218,3660,4323,0.0,0.009999999776482582,3.586358070373535,0.3694797158241272,0.3694797158241272,0.0036947971675544977,3,4,12
4219,1792,3513,0.0,0.009999999776482582,4.218679904937744,0.45981141924858093,0.45981141924858093,0.004598114173859358,3,5,15
4220,1792,4084,0.0,0.009999999776482582,1.2112648487091064,0.030180692672729492,0.030180692672729492,0.0003018069255631417,3,2,6
4221,1793,4084,0.0,0.009999999776482582,1.3884021043777466,0.05548601597547531,0.05548601597547531,0.0005548601620830595,3,2,6
4222,1793,3513,0.0,0.009999999776482582,4.218679904937744,0.45981141924858093,0.45981141924858093,0.004598114173859358,3,5,15
4223,3998,4576,0.0,0.009999999776482582,1.8936841487884521,0.12766917049884796,0.12766917049884796,0.0012766916770488024,3,2,6
4224,1794,4576,0.0,0.009999999776482582,1.8936841487884521,0.12766917049884796,0.12766917049884796,0.0012766916770488024,3,2,6
4225,1794,4575,0.0,0.009999999776482582,3.622408151626587,0.3746297359466553,0.3746297359466553,0.003746297210454941,3,4,12
4226,3225,4578,0.0,0.009999999776482582,6.652153015136719,0.8074504137039185,0.8074504137039185,0.0080745043233037,3,7,21
4227,1795,4578,0.0,0.009999999776482582,1.3277227878570557,0.04681754112243652,0.04681754112243652,0.00046817539259791374,3,2,6
4228,1795,4577,0.0,0.009999999776482582,1.3277227878570557,0.04681754112243652,0.04681754112243652,0.00046817539259791374,3,2,6
4229,4550,4577,0.0,0.009999999776482582,5.3199872970581055,0.61714106798172,0.61714106798172,0.00617141043767333,3,6,18
4230,3225,4577,0.4999999701976776,0.5049999952316284,6.652153015136719,0.8074504137039185,0.8074504137039185,0.40776246786117554,5,7,35
4231,4086,4577,0.0,0.009999999776482582,1.062308669090271,0.008901238441467285,0.008901238441467285,8.901238470571116e-05,3,2,6
4232,3225,4086,1.0,1.0,6.652153015136719,0.8074504137039185,0.8074504137039185,0.8074504137039185,5,7,35
4233,1796,4577,0.0,0.009999999776482582,1.09470534324646,0.013529335148632526,0.013529335148632526,0.0001352933468297124,3,2,6
4234,1796,3225,0.0,0.009999999776482582,6.652153015136719,0.8074504137039185,0.8074504137039185,0.0080745043233037,3,7,21
4235,4086,4550,0.0,0.009999999776482582,5.3199872970581055,0.61714106798172,0.61714106798172,0.00617141043767333,3,6,18
4236,2990,4577,0.0,0.009999999776482582,1.0974231958389282,0.013917599804699421,0.013917599804699421,0.00013917600153945386,3,2,6
4237,2990,3225,0.0,0.009999999776482582,6.652153015136719,0.8074504137039185,0.8074504137039185,0.0080745043233037,3,7,21
4238,1797,3225,0.0,0.009999999776482582,6.652153015136719,0.8074504137039185,0.8074504137039185,0.0080745043233037,3,7,21
4239,1797,1798,0.0,0.009999999776482582,1.6045845746994019,0.08636922389268875,0.08636922389268875,0.0008636921993456781,3,2,6
4240,1798,3225,0.0,0.009999999776482582,6.652153015136719,0.8074504137039185,0.8074504137039185,0.0080745043233037,3,7,21
4241,1799,3225,0.0,0.009999999776482582,6.652153015136719,0.8074504137039185,0.8074504137039185,0.0080745043233037,3,7,21
4242,1799,1800,0.0,0.009999999776482582,1.888348937034607,0.12690699100494385,0.12690699100494385,0.0012690698495134711,3,2,6
4243,1800,4087,0.0,0.009999999776482582,4.194593906402588,0.4563705623149872,0.4563705623149872,0.004563705530017614,3,5,15
4244,3161,3874,0.0,0.009999999776482582,2.261805534362793,0.18025793135166168,0.18025793135166168,0.001802579266950488,3,3,9
4245,1801,3874,0.0,0.009999999776482582,2.116919994354248,0.15955999493598938,0.15955999493598938,0.0015955999260768294,3,3,9
4246,3874,4182,0.0,0.009999999776482582,2.997488260269165,0.28535547852516174,0.28535547852516174,0.0028535546734929085,3,3,9
4247,3100,4183,0.0,0.009999999776482582,6.839209079742432,0.8341727256774902,0.8341727256774902,0.00834172684699297,3,7,21
4248,1802,4183,0.0,0.009999999776482582,1.3107647895812988,0.04439496994018555,0.04439496994018555,0.00044394968426786363,3,2,6
4249,1802,4517,0.0,0.009999999776482582,3.778438091278076,0.39691972732543945,0.39691972732543945,0.003969197161495686,3,4,12
4250,1803,1804,0.0,0.009999999776482582,1.1548100709915161,0.02211572416126728,0.02211572416126728,0.00022115724277682602,3,2,6
4251,1804,1805,0.0,0.009999999776482582,1.6481022834777832,0.09258604049682617,0.09258604049682617,0.0009258603677153587,3,2,6
4252,1805,3345,0.0,0.009999999776482582,1.6481022834777832,0.09258604049682617,0.09258604049682617,0.0009258603677153587,3,2,6
4253,3520,4582,0.0,0.009999999776482582,4.718880653381348,0.5312686562538147,0.5312686562538147,0.005312686320394278,3,5,15
4254,4581,4582,0.4999999701976776,0.5049999952316284,1.6094727516174316,0.08706753700971603,0.08706753700971603,0.043969105929136276,5,2,10
4255,3520,4581,0.0,0.009999999776482582,4.718880653381348,0.5312686562538147,0.5312686562538147,0.005312686320394278,3,5,15
4256,3520,4579,0.0,0.009999999776482582,4.718880653381348,0.5312686562538147,0.5312686562538147,0.005312686320394278,3,5,15
4257,4579,4582,0.0,0.009999999776482582,1.6094727516174316,0.08706753700971603,0.08706753700971603,0.0008706753724254668,3,2,6
4258,4580,4581,0.0,0.009999999776482582,2.4955883026123047,0.2136554718017578,0.2136554718017578,0.002136554569005966,3,3,9
4259,3325,4089,0.0,0.009999999776482582,3.022963047027588,0.2889947295188904,0.2889947295188904,0.0028899472672492266,3,4,12
4260,1806,4089,0.0,0.009999999776482582,3.1388797760009766,0.30555424094200134,0.30555424094200134,0.00305554224178195,3,4,12
4261,1806,1807,0.0,0.009999999776482582,3.1388797760009766,0.30555424094200134,0.30555424094200134,0.00305554224178195,3,4,12
4262,4043,4583,0.0,0.009999999776482582,3.390030860900879,0.34143298864364624,0.34143298864364624,0.0034143298398703337,3,4,12
4263,1808,4043,0.0,0.009999999776482582,2.8502516746520996,0.2643216550350189,0.2643216550350189,0.0026432164013385773,3,3,9
4264,1808,4583,0.0,0.009999999776482582,3.390030860900879,0.34143298864364624,0.34143298864364624,0.0034143298398703337,3,4,12
4265,1809,3567,0.0,0.009999999776482582,1.9910378456115723,0.1415768414735794,0.1415768414735794,0.0014157684054225683,3,2,6
4266,1809,3509,0.0,0.009999999776482582,1.6997952461242676,0.0999707505106926,0.0999707505106926,0.0009997074957937002,3,2,6
4267,1810,3509,0.0,0.009999999776482582,1.9256916046142578,0.1322416514158249,0.1322416514158249,0.001322416472248733,3,2,6
4268,1810,3567,0.0,0.009999999776482582,1.9910378456115723,0.1415768414735794,0.1415768414735794,0.0014157684054225683,3,2,6
4269,1811,3167,0.0,0.009999999776482582,1.9222276210784912,0.1317467987537384,0.1317467987537384,0.0013174680061638355,3,2,6
4270,1811,3799,0.0,0.009999999776482582,5.445672035217285,0.63509601354599,0.63509601354599,0.006350960116833448,3,6,18
4271,3509,3799,0.0,0.009999999776482582,5.445672035217285,0.63509601354599,0.63509601354599,0.006350960116833448,3,6,18
4272,1812,3509,0.0,0.009999999776482582,1.7187672853469849,0.10268104076385498,0.10268104076385498,0.0010268103796988726,3,2,6
4273,1812,1813,0.0,0.009999999776482582,1.7187672853469849,0.10268104076385498,0.10268104076385498,0.0010268103796988726,3,2,6
4274,1813,3567,0.0,0.009999999776482582,1.9910378456115723,0.1415768414735794,0.1415768414735794,0.0014157684054225683,3,2,6
4275,4091,4585,0.0,0.009999999776482582,7.221882343292236,0.8888403177261353,0.8888403177261353,0.008888402953743935,3,8,24
4276,1814,4585,0.0,0.009999999776482582,1.3603137731552124,0.05147339776158333,0.05147339776158333,0.0005147339543327689,3,2,6
4277,1814,1815,0.0,0.009999999776482582,1.3603137731552124,0.05147339776158333,0.05147339776158333,0.0005147339543327689,3,2,6
4278,1815,4584,0.0,0.009999999776482582,1.051388144493103,0.007341163698583841,0.007341163698583841,7.341163291130215e-05,3,2,6
4279,1816,4091,0.0,0.009999999776482582,7.221882343292236,0.8888403177261353,0.8888403177261353,0.008888402953743935,3,8,24
4280,1816,1817,0.0,0.009999999776482582,2.0273561477661133,0.14676515758037567,0.14676515758037567,0.0014676515711471438,3,3,9
4281,1817,1818,0.0,0.009999999776482582,2.0273561477661133,0.14676515758037567,0.14676515758037567,0.0014676515711471438,3,3,9
4282,1818,4091,0.0,0.009999999776482582,7.221882343292236,0.8888403177261353,0.8888403177261353,0.008888402953743935,3,8,24
4283,4115,4180,0.0,0.009999999776482582,5.444040298461914,0.6348628997802734,0.6348628997802734,0.006348629016429186,3,6,18
4284,4115,4586,0.0,0.009999999776482582,1.6823198795318604,0.09747426956892014,0.09747426956892014,0.0009747426956892014,3,2,6
4285,4180,4586,0.0,0.009999999776482582,5.444040298461914,0.6348628997802734,0.6348628997802734,0.006348629016429186,3,6,18
4286,1819,3720,0.0,0.009999999776482582,3.1008358001708984,0.30011940002441406,0.30011940002441406,0.003001193981617689,3,4,12
4287,1819,4094,0.0,0.009999999776482582,2.458436965942383,0.2083481401205063,0.2083481401205063,0.002083481289446354,3,3,9
4288,1820,4094,0.0,0.009999999776482582,2.273219585418701,0.18188850581645966,0.18188850581645966,0.0018188849790021777,3,3,9
4289,1820,3720,0.0,0.009999999776482582,3.1008358001708984,0.30011940002441406,0.30011940002441406,0.003001193981617689,3,4,12
4290,1821,3720,0.0,0.009999999776482582,3.1008358001708984,0.30011940002441406,0.30011940002441406,0.003001193981617689,3,4,12
4291,1821,1822,0.0,0.009999999776482582,1.237987995147705,0.0339982844889164,0.0339982844889164,0.0003399828274268657,4,2,8
4292,1822,3720,0.0,0.009999999776482582,3.1008358001708984,0.30011940002441406,0.30011940002441406,0.003001193981617689,4,4,16
4293,3318,3475,0.4999999701976776,0.5049999952316284,6.79606294631958,0.8280090093612671,0.8280090093612671,0.418144553899765,5,7,35
4294,1823,3318,0.0,0.009999999776482582,1.2620564699172974,0.03743663802742958,0.03743663802742958,0.00037436638376675546,4,2,8
4295,1823,3475,0.0,0.009999999776482582,6.79606294631958,0.8280090093612671,0.8280090093612671,0.008280090056359768,4,7,28
4296,1824,3475,0.0,0.009999999776482582,6.79606294631958,0.8280090093612671,0.8280090093612671,0.008280090056359768,4,7,28
4297,1824,1825,0.0,0.009999999776482582,1.2370564937591553,0.03386521339416504,0.03386521339416504,0.00033865211298689246,4,2,8
4298,1825,3995,0.0,0.009999999776482582,3.7291080951690674,0.38987258076667786,0.38987258076667786,0.003898725612089038,4,4,16
4299,1826,3475,0.0,0.009999999776482582,6.79606294631958,0.8280090093612671,0.8280090093612671,0.008280090056359768,4,7,28
4300,1826,1827,0.0,0.009999999776482582,1.2185075283050537,0.031215360388159752,0.031215360388159752,0.00031215359922498465,4,2,8
4301,1827,3236,0.0,0.009999999776482582,1.2185075283050537,0.031215360388159752,0.031215360388159752,0.00031215359922498465,4,2,8
4302,1828,3318,0.0,0.009999999776482582,1.0158562660217285,0.002265180926769972,0.002265180926769972,2.2651809558738023e-05,4,2,8
4303,1828,3475,0.0,0.009999999776482582,6.79606294631958,0.8280090093612671,0.8280090093612671,0.008280090056359768,4,7,28
4304,1829,3301,0.0,0.009999999776482582,2.017831563949585,0.14540450274944305,0.14540450274944305,0.0014540449483320117,4,3,12
4305,1829,1830,0.0,0.009999999776482582,1.1984721422195435,0.028353163972496986,0.028353163972496986,0.0002835316408891231,4,2,8
4306,1830,3293,0.0,0.009999999776482582,1.6111565828323364,0.08730808645486832,0.08730808645486832,0.0008730808622203767,4,2,8
4307,3293,3381,0.0,0.009999999776482582,4.358625888824463,0.4798037111759186,0.4798037111759186,0.004798037000000477,4,5,20
4308,1831,3381,0.0,0.009999999776482582,4.358625888824463,0.4798037111759186,0.4798037111759186,0.004798037000000477,4,5,20
4309,1831,2991,0.0,0.009999999776482582,1.7402660846710205,0.10575229674577713,0.10575229674577713,0.0010575229534879327,4,2,8
4310,1832,2991,0.0,0.009999999776482582,1.4663883447647095,0.0666269063949585,0.0666269063949585,0.000666269042994827,4,2,8
4311,1832,3293,0.0,0.009999999776482582,1.6111565828323364,0.08730808645486832,0.08730808645486832,0.0008730808622203767,4,2,8
4312,3247,3293,0.4999999701976776,0.5049999952316284,3.75626802444458,0.3937525749206543,0.3937525749206543,0.1988450437784195,5,4,20
4313,1833,3247,0.0,0.009999999776482582,3.75626802444458,0.3937525749206543,0.3937525749206543,0.003937525674700737,4,4,16
4314,1833,2992,0.0,0.009999999776482582,1.8722219467163086,0.12460313737392426,0.12460313737392426,0.0012460313737392426,4,2,8
4315,2992,4215,0.0,0.009999999776482582,1.8722219467163086,0.12460313737392426,0.12460313737392426,0.0012460313737392426,4,2,8
4316,1834,4215,0.0,0.009999999776482582,1.9402004480361938,0.13431434333324432,0.13431434333324432,0.001343143405392766,4,2,8
4317,1834,4587,0.0,0.009999999776482582,2.4667930603027344,0.20954187214374542,0.20954187214374542,0.0020954187493771315,4,3,12
4318,3293,4588,0.4999999701976776,0.5049999952316284,1.6111565828323364,0.08730808645486832,0.08730808645486832,0.04409058392047882,5,2,10
4319,3381,4588,0.4999999701976776,0.5049999952316284,4.358625888824463,0.4798037111759186,0.4798037111759186,0.2423008680343628,5,5,25
4320,1835,4588,0.0,0.009999999776482582,1.3437614440917969,0.049108777195215225,0.049108777195215225,0.0004910877323709428,4,2,8
4321,1836,3381,0.0,0.009999999776482582,4.358625888824463,0.4798037111759186,0.4798037111759186,0.004798037000000477,4,5,20
4322,1836,3293,0.0,0.009999999776482582,2.512730121612549,0.21610429883003235,0.21610429883003235,0.0021610429976135492,4,3,12
4323,3293,4215,0.0,0.009999999776482582,1.6111565828323364,0.08730808645486832,0.08730808645486832,0.0008730808622203767,4,2,8
4324,3381,4215,0.0,0.009999999776482582,4.358625888824463,0.4798037111759186,0.4798037111759186,0.004798037000000477,4,5,20
4325,2993,4587,0.4999999701976776,0.5049999952316284,2.4667930603027344,0.20954187214374542,0.20954187214374542,0.10581864416599274,5,3,15
4326,2993,4215,0.0,0.009999999776482582,1.623650074005127,0.08909286558628082,0.08909286558628082,0.0008909286116249859,4,2,8
4327,4215,4587,0.0,0.009999999776482582,2.4667930603027344,0.20954187214374542,0.20954187214374542,0.0020954187493771315,4,3,12
4328,2994,3247,0.0,0.009999999776482582,3.75626802444458,0.3937525749206543,0.3937525749206543,0.003937525674700737,4,4,16
4329,2994,3293,0.0,0.009999999776482582,1.6111565828323364,0.08730808645486832,0.08730808645486832,0.0008730808622203767,4,2,8
4330,1837,3293,0.0,0.009999999776482582,1.6111565828323364,0.08730808645486832,0.08730808645486832,0.0008730808622203767,4,2,8
4331,1837,1838,0.0,0.009999999776482582,1.242910623550415,0.03470151871442795,0.03470151871442795,0.00034701518598012626,4,2,8
4332,1838,4588,0.0,0.009999999776482582,1.2029008865356445,0.02898584119975567,0.02898584119975567,0.0002898584061767906,4,2,8
4333,3293,4587,0.4999999701976776,0.5049999952316284,2.4667930603027344,0.20954187214374542,0.20954187214374542,0.10581864416599274,5,3,15
4334,1839,3293,0.0,0.009999999776482582,2.312272548675537,0.18746750056743622,0.18746750056743622,0.0018746749265119433,4,3,12
4335,1839,4587,0.0,0.009999999776482582,2.4667930603027344,0.20954187214374542,0.20954187214374542,0.0020954187493771315,4,3,12
4336,2993,3900,0.0,0.009999999776482582,1.623650074005127,0.08909286558628082,0.08909286558628082,0.0008909286116249859,4,2,8
4337,1840,3900,0.0,0.009999999776482582,1.4481711387634277,0.06402444839477539,0.06402444839477539,0.0006402444560080767,4,2,8
4338,1840,2995,0.0,0.009999999776482582,1.4481711387634277,0.06402444839477539,0.06402444839477539,0.0006402444560080767,4,2,8
4339,1841,2995,0.0,0.009999999776482582,1.2356529235839844,0.033664703369140625,0.033664703369140625,0.00033664703369140625,4,2,8
4340,1841,2992,0.0,0.009999999776482582,1.8722219467163086,0.12460313737392426,0.12460313737392426,0.0012460313737392426,4,2,8
4341,2992,3381,0.0,0.009999999776482582,4.358625888824463,0.4798037111759186,0.4798037111759186,0.004798037000000477,4,5,20
4342,1842,3293,0.0,0.009999999776482582,1.6111565828323364,0.08730808645486832,0.08730808645486832,0.0008730808622203767,4,2,8
4343,1842,2991,0.0,0.009999999776482582,1.378214955329895,0.054030708968639374,0.054030708968639374,0.0005403070827014744,4,2,8
4344,2991,3247,0.0,0.009999999776482582,3.75626802444458,0.3937525749206543,0.3937525749206543,0.003937525674700737,4,4,16
4345,3652,4357,1.0,1.0,7.113405227661133,0.8733435869216919,0.8733435869216919,0.8733435869216919,5,8,40
4346,3652,4589,0.0,0.009999999776482582,1.2218365669250488,0.03169093653559685,0.03169093653559685,0.00031690936884842813,4,2,8
4347,4357,4589,1.0,1.0,7.113405227661133,0.8733435869216919,0.8733435869216919,0.8733435869216919,5,8,40
4348,1843,3652,0.0,0.009999999776482582,1.277896761894226,0.03969953581690788,0.03969953581690788,0.00039699533954262733,4,2,8
4349,1843,4357,0.0,0.009999999776482582,7.113405227661133,0.8733435869216919,0.8733435869216919,0.008733435533940792,4,8,32
4350,1844,4357,0.0,0.009999999776482582,7.113405227661133,0.8733435869216919,0.8733435869216919,0.008733435533940792,4,8,32
4351,1844,4589,0.0,0.009999999776482582,1.6979166269302368,0.0997023731470108,0.0997023731470108,0.000997023656964302,4,2,8
4352,3652,4100,0.4999999701976776,0.5049999952316284,1.3538938760757446,0.05055626854300499,0.05055626854300499,0.025530915707349777,5,2,10
4353,4100,4357,0.4999999701976776,0.5049999952316284,7.113405227661133,0.8733435869216919,0.8733435869216919,0.4410385191440582,5,8,40
4354,1845,4357,0.0,0.009999999776482582,7.113405227661133,0.8733435869216919,0.8733435869216919,0.008733435533940792,4,8,32
4355,1845,4143,0.0,0.009999999776482582,1.776566743850708,0.11093810945749283,0.11093810945749283,0.0011093810899183154,4,2,8
4356,4143,4357,0.0,0.009999999776482582,7.113405227661133,0.8733435869216919,0.8733435869216919,0.008733435533940792,4,8,32
4357,2996,4101,0.0,0.009999999776482582,1.145129919052124,0.02073284611105919,0.02073284611105919,0.0002073284558719024,4,2,8
4358,4101,4112,0.0,0.009999999776482582,1.9746040105819702,0.13922914862632751,0.13922914862632751,0.0013922915095463395,4,2,8
4359,1846,4112,0.0,0.009999999776482582,1.9746040105819702,0.13922914862632751,0.13922914862632751,0.0013922915095463395,4,2,8
4360,1847,4173,0.0,0.009999999776482582,4.969567775726318,0.567081093788147,0.567081093788147,0.005670810583978891,4,5,20
4361,1847,1848,0.0,0.009999999776482582,1.3430583477020264,0.049008335918188095,0.049008335918188095,0.000490083359181881,4,2,8
4362,1848,4173,0.0,0.009999999776482582,4.969567775726318,0.567081093788147,0.567081093788147,0.005670810583978891,4,5,20
4363,1849,4173,0.0,0.009999999776482582,4.969567775726318,0.567081093788147,0.567081093788147,0.005670810583978891,4,5,20
4364,1849,1850,0.0,0.009999999776482582,1.2844624519348145,0.04063749313354492,0.04063749313354492,0.00040637492202222347,4,2,8
4365,1850,4173,0.0,0.009999999776482582,4.969567775726318,0.567081093788147,0.567081093788147,0.005670810583978891,4,5,20
4366,1851,3378,0.0,0.009999999776482582,1.9916096925735474,0.14165852963924408,0.14165852963924408,0.001416585291735828,4,2,8
4367,1851,4590,0.0,0.009999999776482582,1.1850788593292236,0.026439836248755455,0.026439836248755455,0.0002643983461894095,4,2,8
4368,4017,4590,0.0,0.009999999776482582,2.148632287979126,0.1640903204679489,0.1640903204679489,0.0016409031813964248,4,3,12
4369,1852,1853,0.0,0.009999999776482582,1.5147732496261597,0.07353903353214264,0.07353903353214264,0.0007353902910836041,4,2,8
4370,1853,1854,0.0,0.009999999776482582,1.5147732496261597,0.07353903353214264,0.07353903353214264,0.0007353902910836041,4,2,8
4371,1854,1855,0.0,0.009999999776482582,1.2327048778533936,0.03324355557560921,0.03324355557560921,0.00033243553480133414,4,2,8
4372,1855,3501,0.0,0.009999999776482582,1.9547531604766846,0.13639330863952637,0.13639330863952637,0.0013639330863952637,4,2,8
4373,1856,3084,0.0,0.009999999776482582,5.779985427856445,0.6828550696372986,0.6828550696372986,0.006828550714999437,4,6,24
4374,1856,1857,0.0,0.009999999776482582,1.396972894668579,0.056710414588451385,0.056710414588451385,0.0005671041435562074,4,2,8
4375,1857,3087,0.0,0.009999999776482582,2.2160747051239014,0.173724964261055,0.173724964261055,0.0017372495494782925,4,3,12
4376,1858,3602,0.0,0.009999999776482582,1.1401201486587524,0.020017163828015327,0.020017163828015327,0.00020017163478769362,4,2,8
4377,1858,1859,0.0,0.009999999776482582,1.2284855842590332,0.03264079615473747,0.03264079615473747,0.00032640795689076185,4,2,8
4378,1859,3602,0.0,0.009999999776482582,1.2284855842590332,0.03264079615473747,0.03264079615473747,0.00032640795689076185,4,2,8
4379,1860,3602,0.0,0.009999999776482582,1.1305032968521118,0.018643328920006752,0.018643328920006752,0.0001864332880359143,4,2,8
4380,1860,1861,0.0,0.009999999776482582,1.4344229698181152,0.06206042319536209,0.06206042319536209,0.0006206042016856372,4,2,8
4381,1861,3602,0.0,0.009999999776482582,1.4344229698181152,0.06206042319536209,0.06206042319536209,0.0006206042016856372,4,2,8
4382,1862,3602,0.0,0.009999999776482582,1.0990692377090454,0.014152748510241508,0.014152748510241508,0.00014152748917695135,4,2,8
4383,1862,1863,0.0,0.009999999776482582,1.0665686130523682,0.009509801864624023,0.009509801864624023,9.509801748208702e-05,4,2,8
4384,1863,3602,0.0,0.009999999776482582,1.0990692377090454,0.014152748510241508,0.014152748510241508,0.00014152748917695135,4,2,8
4385,1864,3602,0.0,0.009999999776482582,1.1425358057022095,0.020362257957458496,0.020362257957458496,0.00020362257782835513,4,2,8
4386,1864,1865,0.0,0.009999999776482582,1.1512762308120728,0.021610889583826065,0.021610889583826065,0.000216108892345801,4,2,8
4387,1865,3602,0.0,0.009999999776482582,1.1512762308120728,0.021610889583826065,0.021610889583826065,0.000216108892345801,4,2,8
4388,2997,3252,0.0,0.009999999776482582,5.835938930511475,0.6908484101295471,0.6908484101295471,0.006908483803272247,4,6,24
4389,2997,4591,0.0,0.009999999776482582,1.0296802520751953,0.0042400360107421875,0.0042400360107421875,4.240035923430696e-05,4,2,8
4390,3252,4591,0.0,0.009999999776482582,5.835938930511475,0.6908484101295471,0.6908484101295471,0.006908483803272247,4,6,24
4391,1866,3366,0.0,0.009999999776482582,1.3911924362182617,0.05588463321328163,0.05588463321328163,0.0005588463391177356,4,2,8
4392,1866,1867,0.0,0.009999999776482582,1.3911924362182617,0.05588463321328163,0.05588463321328163,0.0005588463391177356,4,2,8
4393,1867,3366,0.0,0.009999999776482582,1.3489279747009277,0.04984685406088829,0.04984685406088829,0.0004984685219824314,4,2,8
4394,1868,3366,0.0,0.009999999776482582,3.0167086124420166,0.2881012260913849,0.2881012260913849,0.0028810121584683657,4,4,16
4395,1868,1869,0.0,0.009999999776482582,3.0167086124420166,0.2881012260913849,0.2881012260913849,0.0028810121584683657,4,4,16
4396,1869,3366,0.0,0.009999999776482582,1.2670447826385498,0.03814925625920296,0.03814925625920296,0.0003814925439655781,4,2,8
4397,1870,3345,0.0,0.009999999776482582,1.1952199935913086,0.027888569980859756,0.027888569980859756,0.00027888568001799285,4,2,8
4398,1870,4104,0.0,0.009999999776482582,1.2457128763198853,0.035101838409900665,0.035101838409900665,0.0003510183887556195,4,2,8
4399,3345,4104,0.0,0.009999999776482582,1.2457128763198853,0.035101838409900665,0.035101838409900665,0.0003510183887556195,4,2,8
4400,1871,3081,0.0,0.009999999776482582,1.0000001192092896,1.7029899268550253e-08,1.7029899268550253e-08,1.7029898324860682e-10,4,2,8
4401,1871,1872,0.0,0.009999999776482582,1.006873607635498,0.0009819439146667719,0.0009819439146667719,9.819438673730474e-06,4,2,8
4402,1872,3384,0.0,0.009999999776482582,1.8457753658294678,0.12082505226135254,0.12082505226135254,0.0012082505272701383,4,2,8
4403,3360,3601,0.0,0.009999999776482582,1.8462533950805664,0.12089334428310394,0.12089334428310394,0.001208933419547975,4,2,8
4404,1873,3360,0.0,0.009999999776482582,1.8153232336044312,0.11647474765777588,0.11647474765777588,0.0011647474020719528,4,2,8
4405,1873,1874,0.0,0.009999999776482582,2.6498496532440186,0.2356928139925003,0.2356928139925003,0.002356928074732423,4,3,12
4406,1874,3601,0.0,0.009999999776482582,2.6498496532440186,0.2356928139925003,0.2356928139925003,0.002356928074732423,4,3,12
4407,1875,3531,0.0,0.009999999776482582,1.9688441753387451,0.13840630650520325,0.13840630650520325,0.001384063041768968,4,2,8
4408,1876,3531,0.0,0.009999999776482582,2.8474979400634766,0.26392826437950134,0.26392826437950134,0.0026392824947834015,4,3,12
4409,1876,3214,0.0,0.009999999776482582,3.7877674102783203,0.3982524871826172,0.3982524871826172,0.00398252485319972,4,4,16
4410,1877,3976,0.0,0.009999999776482582,1.692002773284912,0.09885753691196442,0.09885753691196442,0.0009885753970593214,4,2,8
4411,1877,1878,0.0,0.009999999776482582,1.254777193069458,0.03639674186706543,0.03639674186706543,0.00036396741052158177,4,2,8
4412,1878,4592,0.0,0.009999999776482582,1.3710342645645142,0.05300489440560341,0.05300489440560341,0.0005300489137880504,4,2,8
4413,3531,4592,0.0,0.009999999776482582,1.613487720489502,0.08764110505580902,0.08764110505580902,0.000876411038916558,4,2,8
4414,1879,3531,0.0,0.009999999776482582,1.613487720489502,0.08764110505580902,0.08764110505580902,0.000876411038916558,4,2,8
4415,1879,4592,0.0,0.009999999776482582,1.5419609546661377,0.07742299139499664,0.07742299139499664,0.0007742298766970634,4,2,8
4416,3656,4594,0.0,0.009999999776482582,1.4081465005874634,0.05830664187669754,0.05830664187669754,0.0005830664304085076,4,2,8
4417,3528,4594,0.0,0.009999999776482582,1.279020071029663,0.03986001014709473,0.03986001014709473,0.0003986000956501812,4,2,8
4418,1880,4594,0.0,0.009999999776482582,1.2517375946044922,0.03596251457929611,0.03596251457929611,0.00035962514812126756,4,2,8
4419,1880,1881,0.0,0.009999999776482582,1.4243204593658447,0.06061720848083496,0.06061720848083496,0.0006061720778234303,4,2,8
4420,1881,1882,0.0,0.009999999776482582,1.4243204593658447,0.06061720848083496,0.06061720848083496,0.0006061720778234303,4,2,8
4421,1882,3837,0.0,0.009999999776482582,2.3233282566070557,0.18904688954353333,0.18904688954353333,0.0018904688768088818,4,3,12
4422,3837,4594,0.0,0.009999999776482582,2.3233282566070557,0.18904688954353333,0.18904688954353333,0.0018904688768088818,4,3,12
4423,4593,4594,0.0,0.009999999776482582,1.3476641178131104,0.049666304141283035,0.049666304141283035,0.0004966630367562175,4,2,8
4424,3475,4594,0.0,0.009999999776482582,6.79606294631958,0.8280090093612671,0.8280090093612671,0.008280090056359768,4,7,28
4425,2998,4594,0.0,0.009999999776482582,1.2517375946044922,0.03596251457929611,0.03596251457929611,0.00035962514812126756,4,2,8
4426,2998,4593,0.4999999701976776,0.5049999952316284,1.3476641178131104,0.049666304141283035,0.049666304141283035,0.025081483647227287,5,2,10
4427,4226,4594,0.0,0.009999999776482582,1.727457880973816,0.10392255336046219,0.10392255336046219,0.001039225491695106,4,2,8
4428,2998,4226,0.0,0.009999999776482582,1.727457880973816,0.10392255336046219,0.10392255336046219,0.001039225491695106,4,2,8
4429,3837,4593,0.0,0.009999999776482582,2.3233282566070557,0.18904688954353333,0.18904688954353333,0.0018904688768088818,4,3,12
4430,3528,3837,0.0,0.009999999776482582,2.3233282566070557,0.18904688954353333,0.18904688954353333,0.0018904688768088818,4,3,12
4431,3475,3528,0.0,0.009999999776482582,6.79606294631958,0.8280090093612671,0.8280090093612671,0.008280090056359768,4,7,28
4432,1883,4595,0.0,0.009999999776482582,1.1129341125488281,0.016133444383740425,0.016133444383740425,0.00016133443568833172,4,2,8
4433,1883,1884,0.0,0.009999999776482582,1.1714342832565308,0.024490611627697945,0.024490611627697945,0.000244906113948673,4,2,8
4434,1884,4595,0.0,0.009999999776482582,1.1714342832565308,0.024490611627697945,0.024490611627697945,0.000244906113948673,4,2,8
4435,1885,3319,0.0,0.009999999776482582,2.7956016063690186,0.2565145194530487,0.2565145194530487,0.0025651450268924236,4,3,12
4436,1885,3320,0.0,0.009999999776482582,2.7956016063690186,0.2565145194530487,0.2565145194530487,0.0025651450268924236,4,3,12
4437,3177,4105,0.0,0.009999999776482582,1.6982754468917847,0.09975363314151764,0.09975363314151764,0.0009975363500416279,4,2,8
4438,3320,4105,0.0,0.009999999776482582,1.6982754468917847,0.09975363314151764,0.09975363314151764,0.0009975363500416279,4,2,8
4439,3102,3177,0.0,0.009999999776482582,1.6774234771728516,0.09677477926015854,0.09677477926015854,0.0009677477646619081,4,2,8
4440,4106,4339,0.4999999701976776,0.5049999952316284,2.635225534439087,0.23360364139080048,0.23360364139080048,0.11796984076499939,5,3,15
4441,1886,4339,0.0,0.009999999776482582,3.0461723804473877,0.29231032729148865,0.29231032729148865,0.0029231032822281122,4,4,16
4442,1886,4106,0.0,0.009999999776482582,3.0461723804473877,0.29231032729148865,0.29231032729148865,0.0029231032822281122,4,4,16
4443,3321,4334,0.0,0.009999999776482582,2.4156641960144043,0.20223774015903473,0.20223774015903473,0.002022377448156476,4,3,12
4444,1887,4334,0.0,0.009999999776482582,2.262053966522217,0.18029342591762543,0.18029342591762543,0.0018029342172667384,4,3,12
4445,1887,3551,0.0,0.009999999776482582,3.561784505844116,0.3659692108631134,0.3659692108631134,0.0036596921272575855,4,4,16
4446,1888,4108,0.0,0.009999999776482582,1.6810603141784668,0.09729433059692383,0.09729433059692383,0.0009729432640597224,4,2,8
4447,1888,1889,0.0,0.009999999776482582,2.271756649017334,0.18167951703071594,0.18167951703071594,0.0018167950911447406,4,3,12
4448,1889,4596,0.0,0.009999999776482582,2.271756649017334,0.18167951703071594,0.18167951703071594,0.0018167950911447406,4,3,12
4449,3901,4596,0.0,0.009999999776482582,7.014254093170166,0.8591791391372681,0.8591791391372681,0.008591791614890099,4,8,32
4450,1890,3901,0.0,0.009999999776482582,7.014254093170166,0.8591791391372681,0.8591791391372681,0.008591791614890099,4,8,32
4451,1890,4168,0.0,0.009999999776482582,1.370024561882019,0.052860651165246964,0.052860651165246964,0.0005286065279506147,4,2,8
4452,1891,4168,0.0,0.009999999776482582,1.370024561882019,0.052860651165246964,0.052860651165246964,0.0005286065279506147,4,2,8
4453,1891,3901,0.0,0.009999999776482582,7.014254093170166,0.8591791391372681,0.8591791391372681,0.008591791614890099,4,8,32
4454,1892,3247,0.0,0.009999999776482582,3.75626802444458,0.3937525749206543,0.3937525749206543,0.003937525674700737,4,4,16
4455,1892,1893,0.0,0.009999999776482582,1.668173909187317,0.0954534187912941,0.0954534187912941,0.0009545341599732637,4,2,8
4456,1893,4109,0.0,0.009999999776482582,2.375056028366089,0.1964365690946579,0.1964365690946579,0.0019643655978143215,4,3,12
4457,3322,4109,0.0,0.009999999776482582,2.375056028366089,0.1964365690946579,0.1964365690946579,0.0019643655978143215,4,3,12
4458,1894,3322,0.0,0.009999999776482582,2.316727638244629,0.18810394406318665,0.18810394406318665,0.0018810393521562219,4,3,12
4459,1894,1895,0.0,0.009999999776482582,1.5958549976348877,0.08512214571237564,0.08512214571237564,0.0008512214408256114,4,2,8
4460,1895,3247,0.0,0.009999999776482582,3.75626802444458,0.3937525749206543,0.3937525749206543,0.003937525674700737,4,4,16
4461,1896,3100,0.0,0.009999999776482582,6.839209079742432,0.8341727256774902,0.8341727256774902,0.00834172684699297,4,7,28
4462,1896,1897,0.0,0.009999999776482582,1.5611881017684937,0.08016972988843918,0.08016972988843918,0.0008016972569748759,4,2,8
4463,1897,1898,0.0,0.009999999776482582,1.758044958114624,0.10829214006662369,0.10829214006662369,0.0010829214006662369,4,2,8
4464,1898,3100,0.0,0.009999999776482582,6.839209079742432,0.8341727256774902,0.8341727256774902,0.00834172684699297,4,7,28
4465,1899,3208,0.0,0.009999999776482582,6.996101379394531,0.8565859198570251,0.8565859198570251,0.00856585893779993,4,7,28
4466,1899,1900,0.0,0.009999999776482582,1.6717846393585205,0.09596923738718033,0.09596923738718033,0.0009596923482604325,4,2,8
4467,1900,4112,0.0,0.009999999776482582,1.9746040105819702,0.13922914862632751,0.13922914862632751,0.0013922915095463395,4,2,8
4468,4112,4597,0.0,0.009999999776482582,1.9746040105819702,0.13922914862632751,0.13922914862632751,0.0013922915095463395,4,2,8
4469,3497,4597,0.0,0.009999999776482582,5.646668434143066,0.6638097763061523,0.6638097763061523,0.0066380975767970085,4,6,24
4470,1901,3497,0.0,0.009999999776482582,5.646668434143066,0.6638097763061523,0.6638097763061523,0.0066380975767970085,4,6,24
4471,1901,4597,0.0,0.009999999776482582,4.000146865844727,0.42859241366386414,0.42859241366386414,0.004285924136638641,4,5,20
4472,3208,4597,0.0,0.009999999776482582,6.996101379394531,0.8565859198570251,0.8565859198570251,0.00856585893779993,4,7,28
4473,1902,3100,0.0,0.009999999776482582,6.839209079742432,0.8341727256774902,0.8341727256774902,0.00834172684699297,4,7,28
4474,1902,2999,0.0,0.009999999776482582,2.307494640350342,0.18678495287895203,0.18678495287895203,0.0018678494961932302,4,3,12
4475,2999,3497,0.0,0.009999999776482582,5.646668434143066,0.6638097763061523,0.6638097763061523,0.0066380975767970085,4,6,24
4476,1903,3123,0.0,0.009999999776482582,3.417282819747925,0.34532612562179565,0.34532612562179565,0.0034532612189650536,4,4,16
4477,1903,1904,0.0,0.009999999776482582,3.1478118896484375,0.3068302571773529,0.3068302571773529,0.0030683025252074003,4,4,16
4478,1904,3644,0.0,0.009999999776482582,2.896044969558716,0.2708635628223419,0.2708635628223419,0.002708635525777936,4,3,12
4479,1905,3644,0.0,0.009999999776482582,2.896044969558716,0.2708635628223419,0.2708635628223419,0.002708635525777936,4,3,12
4480,1905,1906,0.0,0.009999999776482582,2.006974458694458,0.14385350048542023,0.14385350048542023,0.0014385349350050092,4,3,12
4481,1906,3123,0.0,0.009999999776482582,3.417282819747925,0.34532612562179565,0.34532612562179565,0.0034532612189650536,4,4,16
4482,3000,3644,0.0,0.009999999776482582,2.896044969558716,0.2708635628223419,0.2708635628223419,0.002708635525777936,4,3,12
4483,3000,4598,0.4999999701976776,0.5049999952316284,2.349087715148926,0.19272682070732117,0.19272682070732117,0.09732704609632492,5,3,15
4484,4327,4598,1.0,1.0,2.349087715148926,0.19272682070732117,0.19272682070732117,0.19272682070732117,5,3,15
4485,3123,4327,1.0,1.0,3.417282819747925,0.34532612562179565,0.34532612562179565,0.34532612562179565,5,4,20
4486,3123,4598,0.4999999701976776,0.5049999952316284,3.417282819747925,0.34532612562179565,0.34532612562179565,0.17438969016075134,5,4,20
4487,3644,4327,0.0,0.009999999776482582,2.896044969558716,0.2708635628223419,0.2708635628223419,0.002708635525777936,4,3,12
4488,1907,3644,0.0,0.009999999776482582,2.896044969558716,0.2708635628223419,0.2708635628223419,0.002708635525777936,4,3,12
4489,1907,1908,0.0,0.009999999776482582,1.4762697219848633,0.06803853064775467,0.06803853064775467,0.0006803852738812566,4,2,8
4490,1908,3123,0.0,0.009999999776482582,3.417282819747925,0.34532612562179565,0.34532612562179565,0.0034532612189650536,4,4,16
4491,3000,3123,0.0,0.009999999776482582,3.417282819747925,0.34532612562179565,0.34532612562179565,0.0034532612189650536,4,4,16
4492,1909,3644,0.0,0.009999999776482582,2.896044969558716,0.2708635628223419,0.2708635628223419,0.002708635525777936,4,3,12
4493,1909,1910,0.0,0.009999999776482582,2.326601505279541,0.18951450288295746,0.18951450288295746,0.0018951449310407043,4,3,12
4494,1910,3123,0.0,0.009999999776482582,3.417282819747925,0.34532612562179565,0.34532612562179565,0.0034532612189650536,4,4,16
4495,1911,4018,0.0,0.009999999776482582,2.1932852268218994,0.17046931385993958,0.17046931385993958,0.0017046930734068155,4,3,12
4496,1911,1912,0.0,0.009999999776482582,1.621895670890808,0.0888422355055809,0.0888422355055809,0.0008884223061613739,4,2,8
4497,1912,4092,0.0,0.009999999776482582,2.7241275310516357,0.24630393087863922,0.24630393087863922,0.002463039243593812,4,3,12
4498,1913,4018,0.0,0.009999999776482582,2.1932852268218994,0.17046931385993958,0.17046931385993958,0.0017046930734068155,4,3,12
4499,1913,1914,0.0,0.009999999776482582,1.551008939743042,0.07871556282043457,0.07871556282043457,0.0007871555862948298,4,2,8
4500,1914,3469,0.0,0.009999999776482582,1.551008939743042,0.07871556282043457,0.07871556282043457,0.0007871555862948298,4,2,8
4501,1915,4092,0.0,0.009999999776482582,2.7241275310516357,0.24630393087863922,0.24630393087863922,0.002463039243593812,4,3,12
4502,1915,1916,0.0,0.009999999776482582,2.5828890800476074,0.2261270135641098,0.2261270135641098,0.002261270070448518,4,3,12
4503,1916,4324,0.0,0.009999999776482582,2.5828890800476074,0.2261270135641098,0.2261270135641098,0.002261270070448518,4,3,12
4504,1917,4324,0.0,0.009999999776482582,1.3010799884796143,0.04301142692565918,0.04301142692565918,0.00043011424713768065,4,2,8
4505,1917,1918,0.0,0.009999999776482582,1.1452395915985107,0.02074851281940937,0.02074851281940937,0.000207485121791251,4,2,8
4506,1918,1919,0.0,0.009999999776482582,1.0635807514190674,0.00908296462148428,0.00908296462148428,9.082964243134484e-05,4,2,8
4507,1919,1920,0.0,0.009999999776482582,1.1956281661987305,0.02794688008725643,0.02794688008725643,0.00027946880436502397,4,2,8
4508,1920,4324,0.0,0.009999999776482582,1.3010799884796143,0.04301142692565918,0.04301142692565918,0.00043011424713768065,4,2,8
4509,1921,3998,0.0,0.009999999776482582,1.432490587234497,0.06178436800837517,0.06178436800837517,0.0006178436451591551,4,2,8
4510,1921,1922,0.0,0.009999999776482582,1.2015093564987183,0.028787050396203995,0.028787050396203995,0.00028787049814127386,4,2,8
4511,1922,4085,0.0,0.009999999776482582,1.644729495048523,0.09210421144962311,0.09210421144962311,0.0009210421121679246,4,2,8
4512,3214,3554,0.0,0.009999999776482582,3.7877674102783203,0.3982524871826172,0.3982524871826172,0.00398252485319972,4,4,16
4513,3554,3618,0.0,0.009999999776482582,1.8000739812850952,0.11429627984762192,0.11429627984762192,0.0011429627193138003,4,2,8
4514,1923,3618,0.0,0.009999999776482582,1.8000739812850952,0.11429627984762192,0.11429627984762192,0.0011429627193138003,4,2,8
4515,1923,3370,0.0,0.009999999776482582,2.686471462249756,0.24092449247837067,0.24092449247837067,0.0024092448875308037,4,3,12
4516,1924,3370,0.0,0.009999999776482582,2.686471462249756,0.24092449247837067,0.24092449247837067,0.0024092448875308037,4,3,12
4517,1924,3908,0.0,0.009999999776482582,2.3239197731018066,0.18913139402866364,0.18913139402866364,0.0018913139356300235,4,3,12
4518,3370,3908,0.0,0.009999999776482582,2.686471462249756,0.24092449247837067,0.24092449247837067,0.0024092448875308037,4,3,12
4519,1925,3554,0.0,0.009999999776482582,3.1219232082366943,0.3031318783760071,0.3031318783760071,0.003031318774446845,4,4,16
4520,1925,3370,0.0,0.009999999776482582,3.1219232082366943,0.3031318783760071,0.3031318783760071,0.003031318774446845,4,4,16
4521,3554,3927,0.0,0.009999999776482582,2.0843019485473633,0.15490028262138367,0.15490028262138367,0.0015490028308704495,4,3,12
4522,3370,3927,0.0,0.009999999776482582,2.686471462249756,0.24092449247837067,0.24092449247837067,0.0024092448875308037,4,3,12
4523,3108,3554,0.0,0.009999999776482582,2.393531322479248,0.19907590746879578,0.19907590746879578,0.0019907590467482805,4,3,12
4524,3108,3370,0.0,0.009999999776482582,2.686471462249756,0.24092449247837067,0.24092449247837067,0.0024092448875308037,4,3,12
4525,3997,4180,0.0,0.009999999776482582,5.444040298461914,0.6348628997802734,0.6348628997802734,0.006348629016429186,4,6,24
4526,3946,3997,0.0,0.009999999776482582,1.3147135972976685,0.044959086924791336,0.044959086924791336,0.00044959085062146187,4,2,8
4527,3946,4180,0.0,0.009999999776482582,5.444040298461914,0.6348628997802734,0.6348628997802734,0.006348629016429186,4,6,24
4528,1926,3558,0.0,0.009999999776482582,2.3130574226379395,0.18757963180541992,0.18757963180541992,0.0018757962388917804,4,3,12
4529,1926,1927,0.0,0.009999999776482582,1.2642220258712769,0.03774600476026535,0.03774600476026535,0.0003774600336328149,4,2,8
4530,1927,3273,0.0,0.009999999776482582,1.4617856740951538,0.06596938520669937,0.06596938520669937,0.0006596938474103808,4,2,8
4531,1928,4173,0.0,0.009999999776482582,4.969567775726318,0.567081093788147,0.567081093788147,0.005670810583978891,4,5,20
4532,1928,1929,0.0,0.009999999776482582,2.1863229274749756,0.16947470605373383,0.16947470605373383,0.0016947470139712095,4,3,12
4533,1929,1930,0.0,0.009999999776482582,2.1863229274749756,0.16947470605373383,0.16947470605373383,0.0016947470139712095,4,3,12
4534,1930,4173,0.0,0.009999999776482582,4.969567775726318,0.567081093788147,0.567081093788147,0.005670810583978891,4,5,20
4535,3351,4117,0.0,0.009999999776482582,4.757808685302734,0.5368298292160034,0.5368298292160034,0.005368298385292292,4,5,20
4536,1931,4117,0.0,0.009999999776482582,1.5384310483932495,0.07691872119903564,0.07691872119903564,0.000769187172409147,4,2,8
4537,1931,3312,0.0,0.009999999776482582,2.711240291595459,0.24446289241313934,0.24446289241313934,0.002444628858938813,4,3,12
4538,3972,3981,0.0,0.009999999776482582,2.07297420501709,0.153282031416893,0.153282031416893,0.0015328202862292528,4,3,12
4539,3312,3981,0.0,0.009999999776482582,2.711240291595459,0.24446289241313934,0.24446289241313934,0.002444628858938813,4,3,12
4540,1932,3901,0.0,0.009999999776482582,7.014254093170166,0.8591791391372681,0.8591791391372681,0.008591791614890099,4,8,32
4541,1932,4119,0.0,0.009999999776482582,1.5986433029174805,0.08552046865224838,0.08552046865224838,0.0008552046492695808,4,2,8
4542,3901,4119,0.4999999701976776,0.5049999952316284,7.014254093170166,0.8591791391372681,0.8591791391372681,0.43388545513153076,5,8,40
4543,1933,3901,0.0,0.009999999776482582,7.014254093170166,0.8591791391372681,0.8591791391372681,0.008591791614890099,4,8,32
4544,1933,3964,0.0,0.009999999776482582,1.584360122680664,0.08348001539707184,0.08348001539707184,0.0008348001283593476,4,2,8
4545,3901,3964,0.0,0.009999999776482582,7.014254093170166,0.8591791391372681,0.8591791391372681,0.008591791614890099,4,8,32
4546,3221,3874,0.0,0.009999999776482582,2.116919994354248,0.15955999493598938,0.15955999493598938,0.0015955999260768294,4,3,12
4547,1934,4173,0.0,0.009999999776482582,4.969567775726318,0.567081093788147,0.567081093788147,0.005670810583978891,4,5,20
4548,1934,1935,0.0,0.009999999776482582,1.1466810703277588,0.020954439416527748,0.020954439416527748,0.00020954439241904765,4,2,8
4549,1935,3169,0.0,0.009999999776482582,2.132175922393799,0.16173942387104034,0.16173942387104034,0.0016173941548913717,4,3,12
4550,1936,3315,0.0,0.009999999776482582,1.6152868270874023,0.0878981202840805,0.0878981202840805,0.0008789811981841922,4,2,8
4551,1936,1937,0.0,0.009999999776482582,2.0985267162323,0.15693238377571106,0.15693238377571106,0.001569323823787272,4,3,12
4552,1937,3430,0.0,0.009999999776482582,2.9076242446899414,0.27251774072647095,0.27251774072647095,0.0027251774445176125,4,3,12
4553,3001,3335,0.0,0.009999999776482582,7.126559734344482,0.8752228021621704,0.8752228021621704,0.008752227760851383,4,8,32
4554,3001,4120,0.0,0.009999999776482582,1.578450083732605,0.08263572305440903,0.08263572305440903,0.000826357223559171,4,2,8
4555,3495,4120,0.0,0.009999999776482582,1.578450083732605,0.08263572305440903,0.08263572305440903,0.000826357223559171,4,2,8
4556,1938,3495,0.0,0.009999999776482582,1.6651718616485596,0.09502454847097397,0.09502454847097397,0.0009502454777248204,4,2,8
4557,1938,3100,0.0,0.009999999776482582,6.839209079742432,0.8341727256774902,0.8341727256774902,0.00834172684699297,4,7,28
4558,1939,3100,0.0,0.009999999776482582,6.839209079742432,0.8341727256774902,0.8341727256774902,0.00834172684699297,4,7,28
4559,1939,1940,0.0,0.009999999776482582,2.156017303466797,0.16514532268047333,0.16514532268047333,0.001651453203521669,4,3,12
4560,1940,3720,0.0,0.009999999776482582,3.1008358001708984,0.30011940002441406,0.30011940002441406,0.003001193981617689,4,4,16
4561,1941,3720,0.0,0.009999999776482582,3.1008358001708984,0.30011940002441406,0.30011940002441406,0.003001193981617689,4,4,16
4562,1941,1942,0.0,0.009999999776482582,2.8057143688201904,0.25795918703079224,0.25795918703079224,0.002579591702669859,4,3,12
4563,1942,1943,0.0,0.009999999776482582,2.8057143688201904,0.25795918703079224,0.25795918703079224,0.002579591702669859,4,3,12
4564,1943,3495,0.0,0.009999999776482582,1.4956934452056885,0.07081335037946701,0.07081335037946701,0.0007081335061229765,4,2,8
4565,3428,3495,0.0,0.009999999776482582,1.4956934452056885,0.07081335037946701,0.07081335037946701,0.0007081335061229765,4,2,8
4566,1944,3100,0.0,0.009999999776482582,6.839209079742432,0.8341727256774902,0.8341727256774902,0.00834172684699297,4,7,28
4567,1944,1945,0.0,0.009999999776482582,1.6049792766571045,0.08642560988664627,0.08642560988664627,0.0008642560569569468,4,2,8
4568,1945,3001,0.0,0.009999999776482582,1.4117342233657837,0.05881917476654053,0.05881917476654053,0.0005881917313672602,4,2,8
4569,3001,3720,0.0,0.009999999776482582,3.1008358001708984,0.30011940002441406,0.30011940002441406,0.003001193981617689,4,4,16
4570,3100,3495,0.4999999701976776,0.5049999952316284,6.839209079742432,0.8341727256774902,0.8341727256774902,0.42125722765922546,5,7,35
4571,3495,4121,0.0,0.009999999776482582,1.7445964813232422,0.10637092590332031,0.10637092590332031,0.001063709263689816,4,2,8
4572,3335,4121,0.0,0.009999999776482582,7.126559734344482,0.8752228021621704,0.8752228021621704,0.008752227760851383,4,8,32
4573,1946,3428,0.0,0.009999999776482582,1.3672858476638794,0.0524694062769413,0.0524694062769413,0.0005246940418146551,4,2,8
4574,1946,1947,0.0,0.009999999776482582,1.2077291011810303,0.02967558614909649,0.02967558614909649,0.0002967558684758842,4,2,8
4575,1947,1948,0.0,0.009999999776482582,1.1735212802886963,0.02478875406086445,0.02478875406086445,0.00024788753944449127,4,2,8
4576,1948,3335,0.0,0.009999999776482582,7.126559734344482,0.8752228021621704,0.8752228021621704,0.008752227760851383,4,8,32
4577,1949,3495,0.0,0.009999999776482582,1.4956934452056885,0.07081335037946701,0.07081335037946701,0.0007081335061229765,4,2,8
4578,1949,3335,0.0,0.009999999776482582,7.126559734344482,0.8752228021621704,0.8752228021621704,0.008752227760851383,4,8,32
4579,1950,3475,0.0,0.009999999776482582,6.79606294631958,0.8280090093612671,0.8280090093612671,0.008280090056359768,4,7,28
4580,1950,1951,0.0,0.009999999776482582,1.1208775043487549,0.017268214374780655,0.017268214374780655,0.00017268213559873402,4,2,8
4581,1951,3901,0.0,0.009999999776482582,7.014254093170166,0.8591791391372681,0.8591791391372681,0.008591791614890099,4,8,32
4582,3410,3809,0.0,0.009999999776482582,7.004092216491699,0.8577274680137634,0.8577274680137634,0.008577274158596992,4,8,32
4583,3613,3809,0.0,0.009999999776482582,2.0023446083068848,0.1431920826435089,0.1431920826435089,0.0014319207984954119,4,3,12
4584,3410,3613,0.0,0.009999999776482582,7.004092216491699,0.8577274680137634,0.8577274680137634,0.008577274158596992,4,8,32
4585,3325,3809,0.0,0.009999999776482582,1.849125623703003,0.12130366265773773,0.12130366265773773,0.0012130365939810872,4,2,8
4586,1952,3308,0.0,0.009999999776482582,6.258337497711182,0.7511910796165466,0.7511910796165466,0.007511910516768694,4,7,28
4587,1952,4161,0.0,0.009999999776482582,1.7029128074645996,0.10041611641645432,0.10041611641645432,0.0010041611967608333,4,2,8
4588,3308,4161,0.4999999701976776,0.5049999952316284,6.258337497711182,0.7511910796165466,0.7511910796165466,0.37935149669647217,5,7,35
4589,3308,4122,0.0,0.009999999776482582,6.258337497711182,0.7511910796165466,0.7511910796165466,0.007511910516768694,4,7,28
4590,4122,4599,0.0,0.009999999776482582,1.5469348430633545,0.07813354581594467,0.07813354581594467,0.0007813354604877532,4,2,8
4591,3308,4599,0.4999999701976776,0.5049999952316284,6.258337497711182,0.7511910796165466,0.7511910796165466,0.37935149669647217,5,7,35
4592,3501,4600,1.0,1.0,1.9547531604766846,0.13639330863952637,0.13639330863952637,0.13639330863952637,5,2,10
4593,4146,4600,0.0,0.009999999776482582,2.1683342456817627,0.16690489649772644,0.16690489649772644,0.0016690489137545228,4,3,12
4594,3920,4146,0.0,0.009999999776482582,3.629342555999756,0.37562036514282227,0.37562036514282227,0.003756203455850482,4,4,16
4595,1953,3137,0.0,0.009999999776482582,3.078333616256714,0.2969048023223877,0.2969048023223877,0.002969047985970974,4,4,16
4596,1953,1954,0.0,0.009999999776482582,1.7680363655090332,0.10971947759389877,0.10971947759389877,0.0010971947340294719,4,2,8
4597,1954,3308,0.0,0.009999999776482582,6.258337497711182,0.7511910796165466,0.7511910796165466,0.007511910516768694,4,7,28
4598,1955,3308,0.0,0.009999999776482582,6.258337497711182,0.7511910796165466,0.7511910796165466,0.007511910516768694,4,7,28
4599,1955,3229,0.0,0.009999999776482582,1.879725456237793,0.12567506730556488,0.12567506730556488,0.001256750663742423,4,2,8
4600,3229,3308,0.0,0.009999999776482582,6.258337497711182,0.7511910796165466,0.7511910796165466,0.007511910516768694,4,7,28
4601,4123,4600,0.0,0.009999999776482582,1.8329156637191772,0.11898795515298843,0.11898795515298843,0.001189879490993917,4,2,8
4602,3308,4123,0.0,0.009999999776482582,6.258337497711182,0.7511910796165466,0.7511910796165466,0.007511910516768694,4,7,28
4603,3137,4146,0.0,0.009999999776482582,3.078333616256714,0.2969048023223877,0.2969048023223877,0.002969047985970974,4,4,16
4604,4146,4599,0.0,0.009999999776482582,2.1683342456817627,0.16690489649772644,0.16690489649772644,0.0016690489137545228,4,3,12
4605,3308,3341,1.0,1.0,6.258337497711182,0.7511910796165466,0.7511910796165466,0.7511910796165466,5,7,35
4606,3341,4161,0.0,0.009999999776482582,1.5808203220367432,0.08297432959079742,0.08297432959079742,0.0008297432796098292,4,2,8
4607,3990,4600,0.0,0.009999999776482582,2.165958881378174,0.16656555235385895,0.16656555235385895,0.0016656555235385895,4,3,12
4608,3308,3990,0.0,0.009999999776482582,6.258337497711182,0.7511910796165466,0.7511910796165466,0.007511910516768694,4,7,28
4609,1956,3660,0.0,0.009999999776482582,3.586358070373535,0.3694797158241272,0.3694797158241272,0.0036947971675544977,4,4,16
4610,1956,1957,0.0,0.009999999776482582,1.1215988397598267,0.01737126335501671,0.01737126335501671,0.00017371262947563082,4,2,8
4611,1957,3660,0.0,0.009999999776482582,3.586358070373535,0.3694797158241272,0.3694797158241272,0.0036947971675544977,4,4,16
4612,3429,3805,0.0,0.009999999776482582,1.1754704713821411,0.02506721019744873,0.02506721019744873,0.0002506721066311002,4,2,8
4613,3327,3805,0.4999999701976776,0.5049999952316284,1.2200205326080322,0.03143150359392166,0.03143150359392166,0.015872908756136894,5,2,10
4614,3200,3327,0.0,0.009999999776482582,1.6174380779266357,0.08820544183254242,0.08820544183254242,0.0008820543880574405,4,2,8
4615,3095,3327,0.0,0.009999999776482582,2.5553598403930664,0.22219426929950714,0.22219426929950714,0.0022219426464289427,4,3,12
4616,3453,3778,0.0,0.009999999776482582,2.475792646408081,0.2108275145292282,0.2108275145292282,0.002108275191858411,4,3,12
4617,1958,3778,0.0,0.009999999776482582,3.5350794792175293,0.3621542155742645,0.3621542155742645,0.003621542127802968,4,4,16
4618,1958,3453,0.0,0.009999999776482582,3.5350794792175293,0.3621542155742645,0.3621542155742645,0.003621542127802968,4,4,16
4619,1959,3995,0.0,0.009999999776482582,3.7291080951690674,0.38987258076667786,0.38987258076667786,0.003898725612089038,4,4,16
4620,1959,1960,0.0,0.009999999776482582,1.0815621614456177,0.011651737615466118,0.011651737615466118,0.00011651737440843135,4,2,8
4621,1960,1961,0.0,0.009999999776482582,1.0124729871749878,0.0017818553606048226,0.0017818553606048226,1.781855280569289e-05,4,2,8
4622,1962,3164,0.0,0.009999999776482582,2.036288022994995,0.14804114401340485,0.14804114401340485,0.0014804113889113069,4,3,12
4623,1962,1963,0.0,0.009999999776482582,2.036288022994995,0.14804114401340485,0.14804114401340485,0.0014804113889113069,4,3,12
4624,1963,4601,0.0,0.009999999776482582,2.532632350921631,0.21894748508930206,0.21894748508930206,0.002189474878832698,4,3,12
4625,1964,4171,0.0,0.009999999776482582,1.6428929567337036,0.09184185415506363,0.09184185415506363,0.0009184185182675719,4,2,8
4626,1964,4126,0.0,0.009999999776482582,1.7728452682495117,0.11040646582841873,0.11040646582841873,0.001104064635001123,4,2,8
4627,3810,4126,0.0,0.009999999776482582,2.4521543979644775,0.20745062828063965,0.20745062828063965,0.0020745061337947845,4,3,12
4628,1965,3810,0.0,0.009999999776482582,2.4521543979644775,0.20745062828063965,0.20745062828063965,0.0020745061337947845,4,3,12
4629,1965,1966,0.0,0.009999999776482582,1.2193129062652588,0.0313304141163826,0.0313304141163826,0.00031330413185060024,4,2,8
4630,1966,3810,0.0,0.009999999776482582,2.4521543979644775,0.20745062828063965,0.20745062828063965,0.0020745061337947845,4,3,12
4631,1967,3338,0.0,0.009999999776482582,2.578105926513672,0.22544370591640472,0.22544370591640472,0.002254436956718564,4,3,12
4632,1967,1968,0.0,0.009999999776482582,2.578105926513672,0.22544370591640472,0.22544370591640472,0.002254436956718564,4,3,12
4633,1968,3442,0.0,0.009999999776482582,2.299400568008423,0.18562865257263184,0.18562865257263184,0.001856286427937448,4,3,12
4634,1969,3442,0.0,0.009999999776482582,2.299400568008423,0.18562865257263184,0.18562865257263184,0.001856286427937448,4,3,12
4635,1969,1970,0.0,0.009999999776482582,1.1367275714874268,0.01953251101076603,0.01953251101076603,0.0001953251048689708,4,2,8
4636,1970,1971,0.0,0.009999999776482582,1.3031260967254639,0.043303728103637695,0.043303728103637695,0.00043303726124577224,4,2,8
4637,1971,4127,0.0,0.009999999776482582,3.1610965728759766,0.30872806906700134,0.30872806906700134,0.0030872805509716272,4,4,16
4638,1972,4602,0.0,0.009999999776482582,1.2123332023620605,0.03033331409096718,0.03033331409096718,0.0003033331304322928,4,2,8
4639,1972,1973,0.0,0.009999999776482582,1.2123332023620605,0.03033331409096718,0.03033331409096718,0.0003033331304322928,4,2,8
4640,1973,4602,0.0,0.009999999776482582,1.170896053314209,0.02441372163593769,0.02441372163593769,0.00024413720529992133,4,2,8
4641,1974,3772,0.0,0.009999999776482582,6.372673034667969,0.7675247192382812,0.7675247192382812,0.007675246801227331,4,7,28
4642,1974,1975,0.0,0.009999999776482582,2.3977768421173096,0.19968239963054657,0.19968239963054657,0.00199682405218482,4,3,12
4643,1975,3379,0.0,0.009999999776482582,2.6027727127075195,0.22896753251552582,0.22896753251552582,0.0022896751761436462,4,3,12
4644,3197,4603,0.0,0.009999999776482582,1.7218466997146606,0.10312096029520035,0.10312096029520035,0.0010312095982953906,4,2,8
4645,4199,4603,0.0,0.009999999776482582,1.672996997833252,0.09614242613315582,0.09614242613315582,0.0009614242590032518,4,2,8
4646,4130,4199,0.4999999701976776,0.5049999952316284,1.672996997833252,0.09614242613315582,0.09614242613315582,0.04855192452669144,5,2,10
4647,3100,4199,1.0,1.0,6.839209079742432,0.8341727256774902,0.8341727256774902,0.8341727256774902,5,7,35
4648,4199,4289,0.0,0.009999999776482582,1.672996997833252,0.09614242613315582,0.09614242613315582,0.0009614242590032518,4,2,8
4649,4130,4289,0.0,0.009999999776482582,1.5332860946655273,0.0761837288737297,0.0761837288737297,0.0007618372910656035,4,2,8
4650,3180,4199,0.0,0.009999999776482582,1.672996997833252,0.09614242613315582,0.09614242613315582,0.0009614242590032518,4,2,8
4651,3002,4199,0.0,0.009999999776482582,1.672996997833252,0.09614242613315582,0.09614242613315582,0.0009614242590032518,4,2,8
4652,3903,4199,0.0,0.009999999776482582,1.672996997833252,0.09614242613315582,0.09614242613315582,0.0009614242590032518,4,2,8
4653,3497,4603,0.0,0.009999999776482582,5.646668434143066,0.6638097763061523,0.6638097763061523,0.0066380975767970085,4,6,24
4654,4129,4199,0.0,0.009999999776482582,1.672996997833252,0.09614242613315582,0.09614242613315582,0.0009614242590032518,4,2,8
4655,3389,4129,0.0,0.009999999776482582,1.1880451440811157,0.026863591745495796,0.026863591745495796,0.00026863592211157084,4,2,8
4656,3649,3668,0.0,0.009999999776482582,4.902396202087402,0.5574851632118225,0.5574851632118225,0.005574851296842098,4,5,20
4657,1976,3668,0.0,0.009999999776482582,1.5133764743804932,0.07333949953317642,0.07333949953317642,0.0007333949906751513,4,2,8
4658,1976,3649,0.0,0.009999999776482582,4.902396202087402,0.5574851632118225,0.5574851632118225,0.005574851296842098,4,5,20
4659,3668,4012,0.0,0.009999999776482582,1.5133764743804932,0.07333949953317642,0.07333949953317642,0.0007333949906751513,4,2,8
4660,1977,4012,0.0,0.009999999776482582,1.0787980556488037,0.011256865225732327,0.011256865225732327,0.00011256864672759548,4,2,8
4661,1977,3649,0.0,0.009999999776482582,4.902396202087402,0.5574851632118225,0.5574851632118225,0.005574851296842098,4,5,20
4662,1978,3570,0.0,0.009999999776482582,1.1761178970336914,0.025159699842333794,0.025159699842333794,0.0002515969972591847,4,2,8
4663,1978,1979,0.0,0.009999999776482582,2.84763765335083,0.2639482319355011,0.2639482319355011,0.0026394822634756565,4,3,12
4664,1979,3323,0.0,0.009999999776482582,2.84763765335083,0.2639482319355011,0.2639482319355011,0.0026394822634756565,4,3,12
4665,1980,4132,0.0,0.009999999776482582,6.181303024291992,0.7401861548423767,0.7401861548423767,0.007401861250400543,4,7,28
4666,1980,4345,0.0,0.009999999776482582,1.5378903150558472,0.07684147357940674,0.07684147357940674,0.0007684146985411644,4,2,8
4667,4204,4345,0.0,0.009999999776482582,2.859646797180176,0.26566383242607117,0.26566383242607117,0.0026566381566226482,4,3,12
4668,3294,4345,1.0,1.0,2.204655170440674,0.17209360003471375,0.17209360003471375,0.17209360003471375,5,3,15
4669,3294,4204,1.0,1.0,2.859646797180176,0.26566383242607117,0.26566383242607117,0.26566383242607117,5,3,15
4670,4132,4345,0.4999999701976776,0.5049999952316284,6.181303024291992,0.7401861548423767,0.7401861548423767,0.3737940192222595,5,7,35
4671,1981,3421,0.0,0.009999999776482582,5.032994270324707,0.5761420130729675,0.5761420130729675,0.005761419888585806,4,6,24
4672,1981,1982,0.0,0.009999999776482582,1.5459028482437134,0.07798612117767334,0.07798612117767334,0.0007798611768521369,4,2,8
4673,1982,3421,0.0,0.009999999776482582,5.032994270324707,0.5761420130729675,0.5761420130729675,0.005761419888585806,4,6,24
4674,1983,3421,0.0,0.009999999776482582,5.032994270324707,0.5761420130729675,0.5761420130729675,0.005761419888585806,4,6,24
4675,1983,1984,0.0,0.009999999776482582,1.598068118095398,0.0854383036494255,0.0854383036494255,0.0008543829899281263,4,2,8
4676,1984,3421,0.0,0.009999999776482582,5.032994270324707,0.5761420130729675,0.5761420130729675,0.005761419888585806,4,6,24
4677,1985,3903,0.0,0.009999999776482582,1.335166573524475,0.04788094013929367,0.04788094013929367,0.00047880937927402556,4,2,8
4678,1985,3167,0.0,0.009999999776482582,1.9222276210784912,0.1317467987537384,0.1317467987537384,0.0013174680061638355,4,2,8
4679,3167,3993,0.0,0.009999999776482582,3.7381486892700195,0.391164094209671,0.391164094209671,0.003911640960723162,4,4,16
4680,3261,3874,0.0,0.009999999776482582,3.5368123054504395,0.3624017536640167,0.3624017536640167,0.0036240173503756523,4,4,16
4681,1986,3903,0.0,0.009999999776482582,1.2302377223968506,0.03289110213518143,0.03289110213518143,0.0003289110027253628,4,2,8
4682,1986,1987,0.0,0.009999999776482582,1.1035019159317017,0.014785988256335258,0.014785988256335258,0.00014785988605581224,4,2,8
4683,1987,1988,0.0,0.009999999776482582,1.383924126625061,0.05484630540013313,0.05484630540013313,0.0005484630237333477,4,2,8
4684,1988,1989,0.0,0.009999999776482582,1.6047966480255127,0.08639951795339584,0.08639951795339584,0.0008639951702207327,4,2,8
4685,1989,3261,0.0,0.009999999776482582,3.5368123054504395,0.3624017536640167,0.3624017536640167,0.0036240173503756523,4,4,16
4686,1990,3903,0.0,0.009999999776482582,1.2302377223968506,0.03289110213518143,0.03289110213518143,0.0003289110027253628,4,2,8
4687,1990,1991,0.0,0.009999999776482582,1.2168577909469604,0.030979683622717857,0.030979683622717857,0.00030979682924225926,4,2,8
4688,1991,3903,0.0,0.009999999776482582,1.2302377223968506,0.03289110213518143,0.03289110213518143,0.0003289110027253628,4,2,8
4689,1992,3084,0.0,0.009999999776482582,5.779985427856445,0.6828550696372986,0.6828550696372986,0.006828550714999437,4,6,24
4690,1992,3502,0.0,0.009999999776482582,1.072147011756897,0.010306715965270996,0.010306715965270996,0.0001030671555781737,4,2,8
4691,3003,3502,0.0,0.009999999776482582,1.426518201828003,0.06093117222189903,0.06093117222189903,0.0006093116826377809,4,2,8
4692,3081,3168,0.0,0.009999999776482582,1.0000289678573608,4.138265467190649e-06,4.138265467190649e-06,4.13826519718441e-08,4,2,8
4693,3287,3749,0.4999999701976776,0.5049999952316284,4.960546016693115,0.5657922625541687,0.5657922625541687,0.28572508692741394,5,5,25
4694,1993,3749,0.0,0.009999999776482582,1.9892466068267822,0.14132094383239746,0.14132094383239746,0.0014132093638181686,4,2,8
4695,1993,3208,0.0,0.009999999776482582,6.996101379394531,0.8565859198570251,0.8565859198570251,0.00856585893779993,4,7,28
4696,1994,3785,0.0,0.009999999776482582,2.0264623165130615,0.1466374695301056,0.1466374695301056,0.0014663746114820242,4,3,12
4697,1994,3208,0.0,0.009999999776482582,6.996101379394531,0.8565859198570251,0.8565859198570251,0.00856585893779993,4,7,28
4698,3004,3336,0.0,0.009999999776482582,5.006368637084961,0.5723384022712708,0.5723384022712708,0.005723383743315935,4,6,24
4699,3004,4327,0.4999999701976776,0.5049999952316284,3.4855427742004395,0.3550775349140167,0.3550775349140167,0.17931415140628815,5,4,20
4700,3336,4327,0.0,0.009999999776482582,5.006368637084961,0.5723384022712708,0.5723384022712708,0.005723383743315935,4,6,24
4701,1995,4604,0.0,0.009999999776482582,1.457808494567871,0.06540121138095856,0.06540121138095856,0.0006540120812132955,4,2,8
4702,1995,1996,0.0,0.009999999776482582,1.3071086406707764,0.043872661888599396,0.043872661888599396,0.00043872662354260683,4,2,8
4703,1996,1997,0.0,0.009999999776482582,1.233776330947876,0.03339662030339241,0.03339662030339241,0.00033396619255654514,4,2,8
4704,1997,1998,0.0,0.009999999776482582,1.233776330947876,0.03339662030339241,0.03339662030339241,0.00033396619255654514,4,2,8
4705,1998,4604,0.0,0.009999999776482582,1.457808494567871,0.06540121138095856,0.06540121138095856,0.0006540120812132955,4,2,8
4706,329,1999,0.0,0.009999999776482582,2.730501651763916,0.24721452593803406,0.24721452593803406,0.002472145250067115,4,3,12
4707,1999,3221,0.0,0.009999999776482582,2.730501651763916,0.24721452593803406,0.24721452593803406,0.002472145250067115,4,3,12
4708,3221,4136,0.0,0.009999999776482582,5.665593147277832,0.6665133237838745,0.6665133237838745,0.006665132939815521,4,6,24
4709,2000,4138,0.0,0.009999999776482582,2.0721778869628906,0.15316827595233917,0.15316827595233917,0.00153168267570436,4,3,12
4710,2000,2001,0.0,0.009999999776482582,2.0721778869628906,0.15316827595233917,0.15316827595233917,0.00153168267570436,4,3,12
4711,2001,4138,0.0,0.009999999776482582,1.973262906074524,0.13903756439685822,0.13903756439685822,0.0013903756625950336,4,2,8
4712,2002,3225,0.0,0.009999999776482582,6.652153015136719,0.8074504137039185,0.8074504137039185,0.0080745043233037,4,7,28
4713,2002,2003,0.0,0.009999999776482582,1.27161705493927,0.038802437484264374,0.038802437484264374,0.00038802437484264374,4,2,8
4714,2003,3225,0.0,0.009999999776482582,6.652153015136719,0.8074504137039185,0.8074504137039185,0.0080745043233037,4,7,28
4715,2004,3475,0.0,0.009999999776482582,6.79606294631958,0.8280090093612671,0.8280090093612671,0.008280090056359768,4,7,28
4716,2004,3326,0.0,0.009999999776482582,1.2866002321243286,0.04094288870692253,0.04094288870692253,0.0004094288742635399,4,2,8
4717,3326,3475,0.0,0.009999999776482582,6.79606294631958,0.8280090093612671,0.8280090093612671,0.008280090056359768,4,7,28
4718,2005,3326,0.0,0.009999999776482582,1.2866002321243286,0.04094288870692253,0.04094288870692253,0.0004094288742635399,4,2,8
4719,2005,2006,0.0,0.009999999776482582,1.2426519393920898,0.034664563834667206,0.034664563834667206,0.00034664562554098666,4,2,8
4720,2006,3475,0.0,0.009999999776482582,6.79606294631958,0.8280090093612671,0.8280090093612671,0.008280090056359768,4,7,28
4721,2007,3475,0.0,0.009999999776482582,6.79606294631958,0.8280090093612671,0.8280090093612671,0.008280090056359768,4,7,28
4722,2007,2008,0.0,0.009999999776482582,2.3149356842041016,0.18784795701503754,0.18784795701503754,0.0018784794956445694,4,3,12
4723,2008,2009,0.0,0.009999999776482582,2.3149356842041016,0.18784795701503754,0.18784795701503754,0.0018784794956445694,4,3,12
4724,2009,3901,0.0,0.009999999776482582,7.014254093170166,0.8591791391372681,0.8591791391372681,0.008591791614890099,4,8,32
4725,3685,3690,0.0,0.009999999776482582,2.1762192249298096,0.16803131997585297,0.16803131997585297,0.0016803131438791752,4,3,12
4726,3497,3690,0.0,0.009999999776482582,5.646668434143066,0.6638097763061523,0.6638097763061523,0.0066380975767970085,4,6,24
4727,3198,3913,0.0,0.009999999776482582,6.814609527587891,0.830658495426178,0.830658495426178,0.008306584320962429,4,7,28
4728,3007,3475,0.0,0.009999999776482582,6.79606294631958,0.8280090093612671,0.8280090093612671,0.008280090056359768,4,7,28
4729,3007,3008,0.0,0.009999999776482582,1.1848177909851074,0.026402542367577553,0.026402542367577553,0.0002640254097059369,4,2,8
4730,3008,4140,0.0,0.009999999776482582,1.3783671855926514,0.054052453488111496,0.054052453488111496,0.0005405245465226471,4,2,8
4731,3475,4140,0.0,0.009999999776482582,6.79606294631958,0.8280090093612671,0.8280090093612671,0.008280090056359768,4,7,28
4732,3006,3475,0.0,0.009999999776482582,6.79606294631958,0.8280090093612671,0.8280090093612671,0.008280090056359768,4,7,28
4733,3006,3008,0.0,0.009999999776482582,1.1848177909851074,0.026402542367577553,0.026402542367577553,0.0002640254097059369,4,2,8
4734,3008,3475,0.0,0.009999999776482582,6.79606294631958,0.8280090093612671,0.8280090093612671,0.008280090056359768,4,7,28
4735,2010,4140,0.0,0.009999999776482582,1.3783671855926514,0.054052453488111496,0.054052453488111496,0.0005405245465226471,4,2,8
4736,2010,2011,0.0,0.009999999776482582,1.7590341567993164,0.10843344777822495,0.10843344777822495,0.0010843344498425722,4,2,8
4737,2011,3005,0.0,0.009999999776482582,1.7590341567993164,0.10843344777822495,0.10843344777822495,0.0010843344498425722,4,2,8
4738,3005,3475,0.0,0.009999999776482582,6.79606294631958,0.8280090093612671,0.8280090093612671,0.008280090056359768,4,7,28
4739,2012,3475,0.0,0.009999999776482582,6.79606294631958,0.8280090093612671,0.8280090093612671,0.008280090056359768,4,7,28
4740,2012,4141,0.0,0.009999999776482582,1.2013115882873535,0.02875879779458046,0.02875879779458046,0.0002875879581551999,4,2,8
4741,4141,4605,0.0,0.009999999776482582,1.1874003410339355,0.02677147649228573,0.02677147649228573,0.00026771475677378476,4,2,8
4742,3475,4605,0.0,0.009999999776482582,6.79606294631958,0.8280090093612671,0.8280090093612671,0.008280090056359768,4,7,28
4743,3475,4141,0.0,0.009999999776482582,6.79606294631958,0.8280090093612671,0.8280090093612671,0.008280090056359768,4,7,28
4744,2013,4141,0.0,0.009999999776482582,1.1874003410339355,0.02677147649228573,0.02677147649228573,0.00026771475677378476,4,2,8
4745,2013,3475,0.0,0.009999999776482582,6.79606294631958,0.8280090093612671,0.8280090093612671,0.008280090056359768,4,7,28
4746,3995,4142,0.0,0.009999999776482582,3.7291080951690674,0.38987258076667786,0.38987258076667786,0.003898725612089038,4,4,16
4747,4142,4328,0.4999999701976776,0.5049999952316284,1.42399263381958,0.060570377856492996,0.060570377856492996,0.030588040128350258,5,2,10
4748,3995,4328,0.0,0.009999999776482582,3.7291080951690674,0.38987258076667786,0.38987258076667786,0.003898725612089038,4,4,16
4749,2014,3460,0.0,0.009999999776482582,2.0249791145324707,0.14642558991909027,0.14642558991909027,0.001464255852624774,4,3,12
4750,2014,2015,0.0,0.009999999776482582,2.102200984954834,0.15745727717876434,0.15745727717876434,0.0015745727578178048,4,3,12
4751,2015,2016,0.0,0.009999999776482582,2.102200984954834,0.15745727717876434,0.15745727717876434,0.0015745727578178048,4,3,12
4752,2016,2017,0.0,0.009999999776482582,1.7479729652404785,0.10685328394174576,0.10685328394174576,0.0010685328161343932,4,2,8
4753,2017,2018,0.0,0.009999999776482582,1.7479729652404785,0.10685328394174576,0.10685328394174576,0.0010685328161343932,4,2,8
4754,743,2018,0.0,0.009999999776482582,2.8086328506469727,0.2583761215209961,0.2583761215209961,0.0025837612338364124,4,3,12
4755,743,2019,0.0,0.009999999776482582,2.8086328506469727,0.2583761215209961,0.2583761215209961,0.0025837612338364124,4,3,12
4756,2019,2020,0.0,0.009999999776482582,1.054054617881775,0.007722088135778904,0.007722088135778904,7.722088048467413e-05,4,2,8
4757,743,2020,0.0,0.009999999776482582,2.8086328506469727,0.2583761215209961,0.2583761215209961,0.0025837612338364124,4,3,12
4758,3212,4606,0.0,0.009999999776482582,1.9359252452850342,0.13370360434055328,0.13370360434055328,0.0013370360247790813,4,2,8
4759,2021,3212,0.0,0.009999999776482582,1.5861470699310303,0.08373529464006424,0.08373529464006424,0.0008373529417440295,4,2,8
4760,2021,4606,0.0,0.009999999776482582,1.9359252452850342,0.13370360434055328,0.13370360434055328,0.0013370360247790813,4,2,8
4761,3009,4606,0.0,0.009999999776482582,2.18896484375,0.1698521226644516,0.1698521226644516,0.0016985211987048388,4,3,12
4762,3009,3846,0.0,0.009999999776482582,2.3452911376953125,0.1921844482421875,0.1921844482421875,0.0019218444358557463,4,3,12
4763,3846,4606,0.0,0.009999999776482582,2.3452911376953125,0.1921844482421875,0.1921844482421875,0.0019218444358557463,4,3,12
4764,3475,4043,0.0,0.009999999776482582,6.79606294631958,0.8280090093612671,0.8280090093612671,0.008280090056359768,4,7,28
4765,3475,4082,0.0,0.009999999776482582,6.79606294631958,0.8280090093612671,0.8280090093612671,0.008280090056359768,4,7,28
4766,2022,4082,0.0,0.009999999776482582,2.177082061767578,0.16815458238124847,0.16815458238124847,0.0016815457493066788,4,3,12
4767,2022,2023,0.0,0.009999999776482582,2.177082061767578,0.16815458238124847,0.16815458238124847,0.0016815457493066788,4,3,12
4768,2023,3475,0.0,0.009999999776482582,6.79606294631958,0.8280090093612671,0.8280090093612671,0.008280090056359768,4,7,28
4769,2024,3475,0.0,0.009999999776482582,6.79606294631958,0.8280090093612671,0.8280090093612671,0.008280090056359768,4,7,28
4770,2024,4082,0.0,0.009999999776482582,1.1591882705688477,0.022741181775927544,0.022741181775927544,0.0002274118160130456,4,2,8
4771,2025,3475,0.0,0.009999999776482582,6.79606294631958,0.8280090093612671,0.8280090093612671,0.008280090056359768,4,7,28
4772,2025,2026,0.0,0.009999999776482582,1.0682986974716187,0.009756957180798054,0.009756957180798054,9.756957297213376e-05,4,2,8
4773,2026,3475,0.0,0.009999999776482582,6.79606294631958,0.8280090093612671,0.8280090093612671,0.008280090056359768,4,7,28
4774,2027,3475,0.0,0.009999999776482582,6.79606294631958,0.8280090093612671,0.8280090093612671,0.008280090056359768,4,7,28
4775,2027,2028,0.0,0.009999999776482582,1.1667256355285645,0.023817947134375572,0.023817947134375572,0.00023817946203052998,4,2,8
4776,2028,3475,0.0,0.009999999776482582,6.79606294631958,0.8280090093612671,0.8280090093612671,0.008280090056359768,4,7,28
4777,3010,3566,0.0,0.009999999776482582,2.7503418922424316,0.25004884600639343,0.25004884600639343,0.0025004884228110313,4,3,12
4778,2029,3738,0.0,0.009999999776482582,2.4087440967559814,0.2012491524219513,0.2012491524219513,0.0020124914590269327,4,3,12
4779,2029,3566,0.0,0.009999999776482582,2.7503418922424316,0.25004884600639343,0.25004884600639343,0.0025004884228110313,4,3,12
4780,2030,3454,0.0,0.009999999776482582,3.2819461822509766,0.32599231600761414,0.32599231600761414,0.0032599230762571096,4,4,16
4781,2030,2031,0.0,0.009999999776482582,1.387444257736206,0.05534917861223221,0.05534917861223221,0.0005534917581826448,4,2,8
4782,2031,4496,0.0,0.009999999776482582,1.387444257736206,0.05534917861223221,0.05534917861223221,0.0005534917581826448,4,2,8
4783,2032,4228,0.0,0.009999999776482582,1.1371124982833862,0.019587500020861626,0.019587500020861626,0.00019587499264162034,4,2,8
4784,2032,2033,0.0,0.009999999776482582,1.2498044967651367,0.03568635508418083,0.03568635508418083,0.000356863543856889,4,2,8
4785,2033,3854,0.0,0.009999999776482582,1.2498044967651367,0.03568635508418083,0.03568635508418083,0.000356863543856889,4,2,8
4786,2034,3743,0.0,0.009999999776482582,3.7707786560058594,0.3958255350589752,0.3958255350589752,0.003958255052566528,4,4,16
4787,2034,4187,0.0,0.009999999776482582,2.0942845344543457,0.15632636845111847,0.15632636845111847,0.0015632635913789272,4,3,12
4788,3743,4187,0.0,0.009999999776482582,3.7707786560058594,0.3958255350589752,0.3958255350589752,0.003958255052566528,4,4,16
4789,3743,4608,0.0,0.009999999776482582,3.7707786560058594,0.3958255350589752,0.3958255350589752,0.003958255052566528,4,4,16
4790,2035,4608,0.0,0.009999999776482582,1.3993043899536133,0.05704348534345627,0.05704348534345627,0.0005704348441213369,4,2,8
4791,2035,3743,0.0,0.009999999776482582,3.7707786560058594,0.3958255350589752,0.3958255350589752,0.003958255052566528,4,4,16
4792,2036,3349,0.0,0.009999999776482582,2.207235813140869,0.17246225476264954,0.17246225476264954,0.001724622561596334,4,3,12
4793,2036,2037,0.0,0.009999999776482582,2.029975175857544,0.147139310836792,0.147139310836792,0.0014713930431753397,4,3,12
4794,2037,3743,0.0,0.009999999776482582,3.7707786560058594,0.3958255350589752,0.3958255350589752,0.003958255052566528,4,4,16
4795,2038,4187,0.0,0.009999999776482582,1.2822656631469727,0.04032366722822189,0.04032366722822189,0.0004032366559840739,4,2,8
4796,2038,3743,0.0,0.009999999776482582,3.7707786560058594,0.3958255350589752,0.3958255350589752,0.003958255052566528,4,4,16
4797,2039,4357,0.0,0.009999999776482582,7.113405227661133,0.8733435869216919,0.8733435869216919,0.008733435533940792,4,8,32
4798,2039,4589,0.0,0.009999999776482582,1.9517990350723267,0.1359712928533554,0.1359712928533554,0.0013597129145637155,4,2,8
4799,4083,4357,0.4999999701976776,0.5049999952316284,7.113405227661133,0.8733435869216919,0.8733435869216919,0.4410385191440582,5,8,40
4800,2040,4083,0.0,0.009999999776482582,1.4570428133010864,0.06529182940721512,0.06529182940721512,0.0006529183010570705,4,2,8
4801,2040,4357,0.0,0.009999999776482582,7.113405227661133,0.8733435869216919,0.8733435869216919,0.008733435533940792,4,8,32
4802,4145,4357,0.0,0.009999999776482582,7.113405227661133,0.8733435869216919,0.8733435869216919,0.008733435533940792,4,8,32
4803,2041,4145,0.0,0.009999999776482582,1.8169915676116943,0.11671308428049088,0.11671308428049088,0.0011671307729557157,4,2,8
4804,2041,3728,0.0,0.009999999776482582,1.8169915676116943,0.11671308428049088,0.11671308428049088,0.0011671307729557157,4,2,8
4805,3728,4357,0.0,0.009999999776482582,7.113405227661133,0.8733435869216919,0.8733435869216919,0.008733435533940792,4,8,32
4806,4083,4589,0.0,0.009999999776482582,1.1015363931655884,0.014505199156701565,0.014505199156701565,0.00014505199214909226,4,2,8
4807,4143,4663,0.0,0.009999999776482582,2.4164528846740723,0.2023504078388214,0.2023504078388214,0.002023504115641117,4,3,12
4808,4357,4663,0.0,0.009999999776482582,7.113405227661133,0.8733435869216919,0.8733435869216919,0.008733435533940792,4,8,32
4809,2042,4357,0.0,0.009999999776482582,7.113405227661133,0.8733435869216919,0.8733435869216919,0.008733435533940792,4,8,32
4810,2042,4131,0.0,0.009999999776482582,1.0356976985931396,0.0050996714271605015,0.0050996714271605015,5.099671398056671e-05,4,2,8
4811,4131,4357,0.4999999701976776,0.5049999952316284,7.113405227661133,0.8733435869216919,0.8733435869216919,0.4410385191440582,5,8,40
4812,4100,4589,0.0,0.009999999776482582,1.3538938760757446,0.05055626854300499,0.05055626854300499,0.0005055626970715821,4,2,8
4813,4131,4589,0.0,0.009999999776482582,1.074605941772461,0.010657991282641888,0.010657991282641888,0.0001065799078787677,4,2,8
4814,3011,3084,0.0,0.009999999776482582,5.779985427856445,0.6828550696372986,0.6828550696372986,0.006828550714999437,4,6,24
4815,3011,3502,0.0,0.009999999776482582,1.5451679229736328,0.07788113504648209,0.07788113504648209,0.0007788113434799016,4,2,8
4816,3084,3502,0.0,0.009999999776482582,5.779985427856445,0.6828550696372986,0.6828550696372986,0.006828550714999437,4,6,24
4817,2043,3213,0.0,0.009999999776482582,2.257540225982666,0.17964860796928406,0.17964860796928406,0.0017964860890060663,4,3,12
4818,2043,2044,0.0,0.009999999776482582,2.257540225982666,0.17964860796928406,0.17964860796928406,0.0017964860890060663,4,3,12
4819,2044,3084,0.0,0.009999999776482582,5.779985427856445,0.6828550696372986,0.6828550696372986,0.006828550714999437,4,6,24
4820,3277,3666,0.0,0.009999999776482582,4.994047164916992,0.5705781579017639,0.5705781579017639,0.005705781280994415,4,5,20
4821,3531,3666,0.0,0.009999999776482582,1.857980728149414,0.12256867438554764,0.12256867438554764,0.0012256867485120893,4,2,8
4822,3277,3531,0.0,0.009999999776482582,4.994047164916992,0.5705781579017639,0.5705781579017639,0.005705781280994415,4,5,20
4823,3752,3799,0.0,0.009999999776482582,5.445672035217285,0.63509601354599,0.63509601354599,0.006350960116833448,4,6,24
4824,2045,3752,0.0,0.009999999776482582,1.6888935565948486,0.0984133630990982,0.0984133630990982,0.0009841335704550147,4,2,8
4825,3472,4144,0.0,0.009999999776482582,3.912785530090332,0.4161122143268585,0.4161122143268585,0.004161122255027294,4,4,16
4826,2046,4144,0.0,0.009999999776482582,2.2495999336242676,0.1785142719745636,0.1785142719745636,0.0017851426964625716,4,3,12
4827,2046,3472,0.0,0.009999999776482582,3.912785530090332,0.4161122143268585,0.4161122143268585,0.004161122255027294,4,4,16
4828,3335,3815,0.0,0.009999999776482582,7.126559734344482,0.8752228021621704,0.8752228021621704,0.008752227760851383,4,8,32
4829,2047,3815,0.0,0.009999999776482582,1.9462063312530518,0.13517233729362488,0.13517233729362488,0.001351723331026733,4,2,8
4830,2047,3335,0.0,0.009999999776482582,7.126559734344482,0.8752228021621704,0.8752228021621704,0.008752227760851383,4,8,32
4831,3727,4609,0.0,0.009999999776482582,3.8272860050201416,0.4038980007171631,0.4038980007171631,0.0040389797650277615,4,4,16
4832,3727,4145,0.0,0.009999999776482582,1.3903168439865112,0.055759549140930176,0.055759549140930176,0.0005575954564847052,4,2,8
4833,4145,4609,0.0,0.009999999776482582,3.8272860050201416,0.4038980007171631,0.4038980007171631,0.0040389797650277615,4,4,16
4834,3012,3763,0.0,0.009999999776482582,3.5493648052215576,0.36419495940208435,0.36419495940208435,0.003641949500888586,4,4,16
4835,2048,3012,0.0,0.009999999776482582,3.5493648052215576,0.36419495940208435,0.36419495940208435,0.003641949500888586,4,4,16
4836,2048,3338,0.0,0.009999999776482582,3.23885440826416,0.3198363482952118,0.3198363482952118,0.0031983633525669575,4,4,16
4837,4610,4612,0.0,0.009999999776482582,1.398779034614563,0.056968431919813156,0.056968431919813156,0.0005696843145415187,4,2,8
4838,4611,4612,0.0,0.009999999776482582,1.2053782939910889,0.029339756816625595,0.029339756816625595,0.00029339754837565124,4,2,8
4839,4610,4611,0.0,0.009999999776482582,1.398779034614563,0.056968431919813156,0.056968431919813156,0.0005696843145415187,4,2,8
4840,2049,2050,0.0,0.009999999776482582,1.249375343322754,0.035625047981739044,0.035625047981739044,0.0003562504716683179,4,2,8
4841,2050,2051,0.0,0.009999999776482582,1.1664326190948486,0.023776087909936905,0.023776087909936905,0.000237760876188986,4,2,8
4842,2051,3508,0.0,0.009999999776482582,1.524746060371399,0.07496372610330582,0.07496372610330582,0.0007496372563764453,4,2,8
4843,2052,3915,0.0,0.009999999776482582,1.150058388710022,0.021436912938952446,0.021436912938952446,0.00021436912356875837,4,2,8
4844,2052,2053,0.0,0.009999999776482582,1.150058388710022,0.021436912938952446,0.021436912938952446,0.00021436912356875837,4,2,8
4845,2053,3915,0.0,0.009999999776482582,1.0200845003128052,0.0028692143969237804,0.0028692143969237804,2.869214404199738e-05,4,2,8
4846,2054,4060,0.0,0.009999999776482582,6.36243200302124,0.7660617232322693,0.7660617232322693,0.007660617120563984,4,7,28
4847,2054,2055,0.0,0.009999999776482582,1.1573442220687866,0.02247774600982666,0.02247774600982666,0.0002247774536954239,4,2,8
4848,2055,4060,0.0,0.009999999776482582,6.36243200302124,0.7660617232322693,0.7660617232322693,0.007660617120563984,4,7,28
4849,2056,4258,0.0,0.009999999776482582,3.3398547172546387,0.33426496386528015,0.33426496386528015,0.0033426496665924788,4,4,16
4850,2056,2057,0.0,0.009999999776482582,2.2054548263549805,0.17220783233642578,0.17220783233642578,0.0017220783047378063,4,3,12
4851,2057,3185,0.0,0.009999999776482582,2.2054548263549805,0.17220783233642578,0.17220783233642578,0.0017220783047378063,4,3,12
4852,2058,4329,0.0,0.009999999776482582,1.5957454442977905,0.0851064920425415,0.0851064920425415,0.000851064920425415,4,2,8
4853,2058,3013,0.0,0.009999999776482582,1.5638765096664429,0.08055378496646881,0.08055378496646881,0.0008055378566496074,4,2,8
4854,2059,3013,0.0,0.009999999776482582,2.1077966690063477,0.1582566648721695,0.1582566648721695,0.001582566648721695,4,3,12
4855,2059,4258,0.0,0.009999999776482582,3.3398547172546387,0.33426496386528015,0.33426496386528015,0.0033426496665924788,4,4,16
4856,2060,3351,0.0,0.009999999776482582,4.757808685302734,0.5368298292160034,0.5368298292160034,0.005368298385292292,4,5,20
4857,2060,2061,0.0,0.009999999776482582,1.5168187618255615,0.07383125275373459,0.07383125275373459,0.0007383124902844429,4,2,8
4858,2061,3351,0.0,0.009999999776482582,4.757808685302734,0.5368298292160034,0.5368298292160034,0.005368298385292292,4,5,20
4859,2062,3337,0.0,0.009999999776482582,1.9531015157699585,0.13615736365318298,0.13615736365318298,0.0013615735806524754,4,2,8
4860,2062,2063,0.0,0.009999999776482582,1.4456911087036133,0.06367015838623047,0.06367015838623047,0.0006367015885189176,4,2,8
4861,2063,3517,0.0,0.009999999776482582,1.0326685905456543,0.0046669417060911655,0.0046669417060911655,4.6669414587086067e-05,4,2,8
4862,2064,3677,0.0,0.009999999776482582,2.4755377769470215,0.21079111099243164,0.21079111099243164,0.002107911044731736,4,3,12
4863,2064,2065,0.0,0.009999999776482582,2.6242196559906006,0.23203137516975403,0.23203137516975403,0.0023203135933727026,4,3,12
4864,2065,2066,0.0,0.009999999776482582,2.6242196559906006,0.23203137516975403,0.23203137516975403,0.0023203135933727026,4,3,12
4865,2066,3677,0.0,0.009999999776482582,2.4755377769470215,0.21079111099243164,0.21079111099243164,0.002107911044731736,4,3,12
4866,2067,3321,0.0,0.009999999776482582,2.4156641960144043,0.20223774015903473,0.20223774015903473,0.002022377448156476,4,3,12
4867,2067,4334,0.0,0.009999999776482582,1.6716344356536865,0.09594777971506119,0.09594777971506119,0.0009594777948223054,4,2,8
4868,3551,4334,0.0,0.009999999776482582,3.561784505844116,0.3659692108631134,0.3659692108631134,0.0036596921272575855,4,4,16
4869,2068,4324,0.0,0.009999999776482582,2.018467664718628,0.14549538493156433,0.14549538493156433,0.0014549538027495146,4,3,12
4870,2068,4334,0.0,0.009999999776482582,2.018467664718628,0.14549538493156433,0.14549538493156433,0.0014549538027495146,4,3,12
4871,3677,4334,0.0,0.009999999776482582,2.4755377769470215,0.21079111099243164,0.21079111099243164,0.002107911044731736,4,3,12
4872,3233,4334,0.0,0.009999999776482582,1.9546235799789429,0.1363748013973236,0.1363748013973236,0.0013637479860335588,4,2,8
4873,3233,3321,0.0,0.009999999776482582,2.4156641960144043,0.20223774015903473,0.20223774015903473,0.002022377448156476,4,3,12
4874,2069,3164,0.0,0.009999999776482582,1.7717691659927368,0.1102527379989624,0.1102527379989624,0.0011025273706763983,4,2,8
4875,2069,2070,0.0,0.009999999776482582,1.269506812095642,0.03850097209215164,0.03850097209215164,0.0003850097127724439,4,2,8
4876,2070,3221,0.0,0.009999999776482582,1.269506812095642,0.03850097209215164,0.03850097209215164,0.0003850097127724439,4,2,8
4877,2071,3412,0.0,0.009999999776482582,3.583928108215332,0.3691325783729553,0.3691325783729553,0.0036913256626576185,4,4,16
4878,2071,2072,0.0,0.009999999776482582,1.718646764755249,0.10266382247209549,0.10266382247209549,0.0010266382014378905,4,2,8
4879,2072,3338,0.0,0.009999999776482582,2.1398186683654785,0.16283123195171356,0.16283123195171356,0.0016283122822642326,4,3,12
4880,2073,2074,0.0,0.009999999776482582,1.2055448293685913,0.029363546520471573,0.029363546520471573,0.00029363547218963504,4,2,8
4881,2074,2075,0.0,0.009999999776482582,6.949897289276123,0.8499853014945984,0.8499853014945984,0.008499852381646633,4,7,28
4882,2075,2076,0.0,0.009999999776482582,6.949897289276123,0.8499853014945984,0.8499853014945984,0.008499852381646633,4,7,28
4883,2076,2077,0.0,0.009999999776482582,1.5039969682693481,0.07199956476688385,0.07199956476688385,0.0007199956453405321,4,2,8
4884,2077,3952,0.0,0.009999999776482582,1.8352863788604736,0.1193266287446022,0.1193266287446022,0.0011932662455365062,4,2,8
4885,3750,3952,0.0,0.009999999776482582,1.8352863788604736,0.1193266287446022,0.1193266287446022,0.0011932662455365062,4,2,8
4886,2078,3952,0.0,0.009999999776482582,1.8352863788604736,0.1193266287446022,0.1193266287446022,0.0011932662455365062,4,2,8
4887,2078,2079,0.0,0.009999999776482582,1.193239688873291,0.02760566957294941,0.02760566957294941,0.00027605670038610697,4,2,8
4888,2079,2080,0.0,0.009999999776482582,2.8138303756713867,0.25911861658096313,0.25911861658096313,0.0025911862030625343,4,3,12
4889,2080,2081,0.0,0.009999999776482582,2.8138303756713867,0.25911861658096313,0.25911861658096313,0.0025911862030625343,4,3,12
4890,2081,2082,0.0,0.009999999776482582,1.8761084079742432,0.12515833973884583,0.12515833973884583,0.001251583336852491,4,2,8
4891,3293,3351,0.0,0.009999999776482582,4.757808685302734,0.5368298292160034,0.5368298292160034,0.005368298385292292,4,5,20
4892,2083,3293,0.0,0.009999999776482582,1.8049037456512451,0.11498624831438065,0.11498624831438065,0.001149862422607839,4,2,8
4893,2083,3486,0.0,0.009999999776482582,1.8049037456512451,0.11498624831438065,0.11498624831438065,0.001149862422607839,4,2,8
4894,3247,3486,0.0,0.009999999776482582,3.75626802444458,0.3937525749206543,0.3937525749206543,0.003937525674700737,4,4,16
4895,2084,3921,0.0,0.009999999776482582,2.191413402557373,0.17020191252231598,0.17020191252231598,0.0017020191298797727,4,3,12
4896,2084,3125,0.0,0.009999999776482582,2.6735610961914062,0.23908016085624695,0.23908016085624695,0.002390801440924406,4,3,12
4897,2085,4613,0.0,0.009999999776482582,2.748910903930664,0.24984441697597504,0.24984441697597504,0.0024984441697597504,4,3,12
4898,2085,2086,0.0,0.009999999776482582,1.512590765953064,0.07322724908590317,0.07322724908590317,0.0007322724559344351,4,2,8
4899,2086,4613,0.0,0.009999999776482582,2.748910903930664,0.24984441697597504,0.24984441697597504,0.0024984441697597504,4,3,12
4900,2087,4613,0.0,0.009999999776482582,2.748910903930664,0.24984441697597504,0.24984441697597504,0.0024984441697597504,4,3,12
4901,2087,2088,0.0,0.009999999776482582,1.3722989559173584,0.053185563534498215,0.053185563534498215,0.0005318556213751435,4,2,8
4902,2088,4613,0.0,0.009999999776482582,2.748910903930664,0.24984441697597504,0.24984441697597504,0.0024984441697597504,4,3,12
4903,3427,4033,0.0,0.009999999776482582,1.916208028793335,0.13088686764240265,0.13088686764240265,0.0013088686391711235,4,2,8
4904,3855,4033,0.0,0.009999999776482582,1.916208028793335,0.13088686764240265,0.13088686764240265,0.0013088686391711235,4,2,8
4905,2089,3325,0.0,0.009999999776482582,1.3107507228851318,0.044392962008714676,0.044392962008714676,0.0004439296026248485,4,2,8
4906,2089,2090,0.0,0.009999999776482582,1.4477441310882568,0.06396345049142838,0.06396345049142838,0.0006396344979293644,4,2,8
4907,2090,3810,0.0,0.009999999776482582,2.4521543979644775,0.20745062828063965,0.20745062828063965,0.0020745061337947845,4,3,12
4908,2091,3174,0.0,0.009999999776482582,1.7930591106414795,0.11329416185617447,0.11329416185617447,0.001132941571995616,4,2,8
4909,2091,2092,0.0,0.009999999776482582,4.6039958000183105,0.5148565173149109,0.5148565173149109,0.0051485649310052395,4,5,20
4910,2092,2093,0.0,0.009999999776482582,4.6039958000183105,0.5148565173149109,0.5148565173149109,0.0051485649310052395,4,5,20
4911,2093,3174,0.0,0.009999999776482582,2.0466151237487793,0.14951644837856293,0.14951644837856293,0.0014951644698157907,4,3,12
4912,3538,4159,1.0,1.0,4.664133071899414,0.523447573184967,0.523447573184967,0.523447573184967,5,5,25
4913,3829,4159,0.4999999701976776,0.5049999952316284,1.907762885093689,0.12968041002750397,0.12968041002750397,0.06548860669136047,5,2,10
4914,2094,3829,0.0,0.009999999776482582,2.703219413757324,0.24331705272197723,0.24331705272197723,0.0024331705644726753,4,3,12
4915,2094,3935,0.0,0.009999999776482582,2.703219413757324,0.24331705272197723,0.24331705272197723,0.0024331705644726753,4,3,12
4916,3935,4159,0.0,0.009999999776482582,1.907762885093689,0.12968041002750397,0.12968041002750397,0.001296804053708911,4,2,8
4917,3747,4159,0.0,0.009999999776482582,1.907762885093689,0.12968041002750397,0.12968041002750397,0.001296804053708911,4,2,8
4918,3747,3935,0.0,0.009999999776482582,1.7049508094787598,0.10070725530385971,0.10070725530385971,0.0010070725111290812,4,2,8
4919,3538,3935,0.0,0.009999999776482582,4.664133071899414,0.523447573184967,0.523447573184967,0.005234475713223219,4,5,20
4920,2095,3538,0.0,0.009999999776482582,4.664133071899414,0.523447573184967,0.523447573184967,0.005234475713223219,4,5,20
4921,2095,4264,0.0,0.009999999776482582,1.8779611587524414,0.12542302906513214,0.12542302906513214,0.00125423027202487,4,2,8
4922,3538,4264,0.4999999701976776,0.5049999952316284,4.664133071899414,0.523447573184967,0.523447573184967,0.2643410265445709,5,5,25
4923,2096,3538,0.0,0.009999999776482582,4.664133071899414,0.523447573184967,0.523447573184967,0.005234475713223219,4,5,20
4924,2096,4071,0.0,0.009999999776482582,2.9967665672302246,0.2852523624897003,0.2852523624897003,0.0028525234665721655,4,3,12
4925,4071,4159,0.0,0.009999999776482582,2.9967665672302246,0.2852523624897003,0.2852523624897003,0.0028525234665721655,4,3,12
4926,4151,4159,0.0,0.009999999776482582,1.907762885093689,0.12968041002750397,0.12968041002750397,0.001296804053708911,4,2,8
4927,3538,4151,0.0,0.009999999776482582,4.664133071899414,0.523447573184967,0.523447573184967,0.005234475713223219,4,5,20
4928,3282,4071,0.0,0.009999999776482582,3.1467509269714355,0.3066787123680115,0.3066787123680115,0.0030667870305478573,4,4,16
4929,2097,4071,0.0,0.009999999776482582,2.9967665672302246,0.2852523624897003,0.2852523624897003,0.0028525234665721655,4,3,12
4930,3747,4071,0.0,0.009999999776482582,2.9967665672302246,0.2852523624897003,0.2852523624897003,0.0028525234665721655,4,3,12
4931,3538,3747,0.0,0.009999999776482582,4.664133071899414,0.523447573184967,0.523447573184967,0.005234475713223219,4,5,20
4932,3538,3829,0.0,0.009999999776482582,4.664133071899414,0.523447573184967,0.523447573184967,0.005234475713223219,4,5,20
4933,2098,4159,0.0,0.009999999776482582,1.907762885093689,0.12968041002750397,0.12968041002750397,0.001296804053708911,4,2,8
4934,2098,4264,0.0,0.009999999776482582,1.7796212434768677,0.11137446016073227,0.11137446016073227,0.0011137445690110326,4,2,8
4935,2099,4159,0.0,0.009999999776482582,2.054236888885498,0.15060527622699738,0.15060527622699738,0.001506052678450942,4,3,12
4936,2100,2101,0.0,0.009999999776482582,1.8060123920440674,0.11514462530612946,0.11514462530612946,0.0011514462530612946,4,2,8
4937,2101,2102,0.0,0.009999999776482582,1.8060123920440674,0.11514462530612946,0.11514462530612946,0.0011514462530612946,4,2,8
4938,2102,2103,0.0,0.009999999776482582,2.175271987915039,0.16789600253105164,0.16789600253105164,0.001678959932178259,4,3,12
4939,2103,2104,0.0,0.009999999776482582,2.175271987915039,0.16789600253105164,0.16789600253105164,0.001678959932178259,4,3,12
4940,2104,4614,0.0,0.009999999776482582,1.7217351198196411,0.10310501605272293,0.10310501605272293,0.0010310501093044877,4,2,8
4941,2105,3610,0.0,0.009999999776482582,2.146665096282959,0.16380929946899414,0.16380929946899414,0.0016380929155275226,4,3,12
4942,2105,3853,0.0,0.009999999776482582,2.6404693126678467,0.23435275256633759,0.23435275256633759,0.0023435275070369244,4,3,12
4943,3307,4330,0.0,0.009999999776482582,1.0931928157806396,0.01331325899809599,0.01331325899809599,0.0001331325911451131,4,2,8
4944,3578,4330,0.0,0.009999999776482582,1.0971816778182983,0.013883097097277641,0.013883097097277641,0.00013883096107747406,4,2,8
4945,3635,3978,0.0,0.009999999776482582,2.176168918609619,0.16802413761615753,0.16802413761615753,0.001680241315625608,4,3,12
4946,3978,4037,0.0,0.009999999776482582,1.492776870727539,0.07039669901132584,0.07039669901132584,0.0007039670017547905,4,2,8
4947,3763,4037,0.0,0.009999999776482582,3.2476119995117188,0.32108741998672485,0.32108741998672485,0.003210874041542411,4,4,16
4948,2106,4042,0.0,0.009999999776482582,2.7541356086730957,0.25059080123901367,0.25059080123901367,0.0025059080217033625,4,3,12
4949,2106,4615,0.0,0.009999999776482582,2.7541356086730957,0.25059080123901367,0.25059080123901367,0.0025059080217033625,4,3,12
4950,4042,4615,0.0,0.009999999776482582,2.1985816955566406,0.17122595012187958,0.17122595012187958,0.0017122594872489572,4,3,12
4951,2107,4042,0.0,0.009999999776482582,2.1985816955566406,0.17122595012187958,0.17122595012187958,0.0017122594872489572,4,3,12
4952,2107,3014,0.0,0.009999999776482582,1.1451170444488525,0.02073100581765175,0.02073100581765175,0.00020731004769913852,4,2,8
4953,3014,4042,0.0,0.009999999776482582,2.1985816955566406,0.17122595012187958,0.17122595012187958,0.0017122594872489572,4,3,12
4954,2108,3014,0.0,0.009999999776482582,3.2431955337524414,0.32045650482177734,0.32045650482177734,0.003204565029591322,4,4,16
4955,2108,4042,0.0,0.009999999776482582,3.2431955337524414,0.32045650482177734,0.32045650482177734,0.003204565029591322,4,4,16
4956,2109,4152,0.0,0.009999999776482582,3.456230878829956,0.3508901298046112,0.3508901298046112,0.003508901223540306,4,4,16
4957,2109,2110,0.0,0.009999999776482582,4.392967224121094,0.48470959067344666,0.48470959067344666,0.004847095813602209,4,5,20
4958,2110,4152,0.0,0.009999999776482582,4.392967224121094,0.48470959067344666,0.48470959067344666,0.004847095813602209,4,5,20
4959,2111,3164,0.0,0.009999999776482582,1.7717691659927368,0.1102527379989624,0.1102527379989624,0.0011025273706763983,4,2,8
4960,2111,2112,0.0,0.009999999776482582,1.2803809642791748,0.04005442187190056,0.04005442187190056,0.00040054420242086053,4,2,8
4961,2112,2113,0.0,0.009999999776482582,1.5746978521347046,0.08209969103336334,0.08209969103336334,0.0008209968800656497,4,2,8
4962,2113,3133,0.0,0.009999999776482582,5.108450889587402,0.5869215726852417,0.5869215726852417,0.0058692158199846745,4,6,24
4963,2114,3133,0.0,0.009999999776482582,5.108450889587402,0.5869215726852417,0.5869215726852417,0.0058692158199846745,4,6,24
4964,2114,2115,0.0,0.009999999776482582,1.9995135068893433,0.1427876502275467,0.1427876502275467,0.0014278764137998223,4,2,8
4965,2115,3442,0.0,0.009999999776482582,2.299400568008423,0.18562865257263184,0.18562865257263184,0.001856286427937448,4,3,12
4966,3114,4285,0.0,0.009999999776482582,1.607211947441101,0.08674456179141998,0.08674456179141998,0.0008674456039443612,4,2,8
4967,4155,4285,0.0,0.009999999776482582,1.337678074836731,0.048239726573228836,0.048239726573228836,0.0004823972412850708,4,2,8
4968,3414,4155,0.4999999701976776,0.5049999952316284,2.3878231048583984,0.19826044142246246,0.19826044142246246,0.10012152045965195,5,3,15
4969,3340,3414,0.4999999701976776,0.5049999952316284,2.3878231048583984,0.19826044142246246,0.19826044142246246,0.10012152045965195,5,3,15
4970,3340,4177,0.0,0.009999999776482582,1.7229903936386108,0.10328434407711029,0.10328434407711029,0.0010328433709219098,4,2,8
4971,4177,4617,0.4999999701976776,0.5049999952316284,1.7660235166549683,0.1094319298863411,0.1094319298863411,0.05526312440633774,5,2,10
4972,3414,4617,1.0,1.0,2.3878231048583984,0.19826044142246246,0.19826044142246246,0.19826044142246246,5,3,15
4973,3744,4616,0.0,0.009999999776482582,1.6653169393539429,0.09504527598619461,0.09504527598619461,0.0009504527552053332,4,2,8
4974,3744,4285,0.0,0.009999999776482582,1.1902998685836792,0.027185695245862007,0.027185695245862007,0.0002718569594435394,4,2,8
4975,3414,4285,1.0,1.0,2.3878231048583984,0.19826044142246246,0.19826044142246246,0.19826044142246246,5,3,15
4976,4153,4618,0.0,0.009999999776482582,1.4939005374908447,0.07055722177028656,0.07055722177028656,0.0007055721944198012,4,2,8
4977,2116,4618,0.0,0.009999999776482582,1.2847334146499634,0.04067620262503624,0.04067620262503624,0.00040676200296729803,4,2,8
4978,2116,3414,0.0,0.009999999776482582,2.3878231048583984,0.19826044142246246,0.19826044142246246,0.0019826043862849474,4,3,12
4979,2117,4616,0.0,0.009999999776482582,2.527273178100586,0.21818187832832336,0.21818187832832336,0.0021818187087774277,4,3,12
4980,2117,4285,0.0,0.009999999776482582,2.527273178100586,0.21818187832832336,0.21818187832832336,0.0021818187087774277,4,3,12
4981,3764,4617,0.0,0.009999999776482582,1.7660235166549683,0.1094319298863411,0.1094319298863411,0.0010943192755803466,4,2,8
4982,3764,4331,0.0,0.009999999776482582,1.5673375129699707,0.08104821294546127,0.08104821294546127,0.0008104821317829192,4,2,8
4983,3414,4331,0.4999999701976776,0.5049999952316284,2.3878231048583984,0.19826044142246246,0.19826044142246246,0.10012152045965195,5,3,15
4984,3414,4177,0.4999999701976776,0.5049999952316284,2.3878231048583984,0.19826044142246246,0.19826044142246246,0.10012152045965195,5,3,15
4985,4115,4177,0.0,0.009999999776482582,1.7229903936386108,0.10328434407711029,0.10328434407711029,0.0010328433709219098,4,2,8
4986,4115,4616,0.0,0.009999999776482582,1.6823198795318604,0.09747426956892014,0.09747426956892014,0.0009747426956892014,4,2,8
4987,2118,3414,0.0,0.009999999776482582,2.3878231048583984,0.19826044142246246,0.19826044142246246,0.0019826043862849474,4,3,12
4988,2118,4617,0.0,0.009999999776482582,1.7660235166549683,0.1094319298863411,0.1094319298863411,0.0010943192755803466,4,2,8
4989,4153,4177,0.0,0.009999999776482582,1.7229903936386108,0.10328434407711029,0.10328434407711029,0.0010328433709219098,4,2,8
4990,4177,4618,0.0,0.009999999776482582,1.7229903936386108,0.10328434407711029,0.10328434407711029,0.0010328433709219098,4,2,8
4991,4155,4618,0.0,0.009999999776482582,1.337678074836731,0.048239726573228836,0.048239726573228836,0.0004823972412850708,4,2,8
4992,4155,4178,0.4999999701976776,0.5049999952316284,3.102545976638794,0.3003637194633484,0.3003637194633484,0.15168367326259613,5,4,20
4993,3414,3744,0.4999999701976776,0.5049999952316284,2.3878231048583984,0.19826044142246246,0.19826044142246246,0.10012152045965195,5,3,15
4994,3744,4617,0.0,0.009999999776482582,1.7660235166549683,0.1094319298863411,0.1094319298863411,0.0010943192755803466,4,2,8
4995,4177,4616,1.0,1.0,1.7229903936386108,0.10328434407711029,0.10328434407711029,0.10328434407711029,5,2,10
4996,2119,4153,0.0,0.009999999776482582,1.4939005374908447,0.07055722177028656,0.07055722177028656,0.0007055721944198012,4,2,8
4997,2119,4331,0.0,0.009999999776482582,1.3424752950668335,0.048925042152404785,0.048925042152404785,0.0004892504075542092,4,2,8
4998,2120,4617,0.0,0.009999999776482582,1.7660235166549683,0.1094319298863411,0.1094319298863411,0.0010943192755803466,4,2,8
4999,2120,3650,0.0,0.009999999776482582,1.7232506275177002,0.10332151502370834,0.10332151502370834,0.0010332150850445032,4,2,8
5000,3340,3650,0.0,0.009999999776482582,1.7232506275177002,0.10332151502370834,0.10332151502370834,0.0010332150850445032,4,2,8
5001,4178,4618,0.0,0.009999999776482582,3.102545976638794,0.3003637194633484,0.3003637194633484,0.003003637073561549,4,4,16
5002,4155,4331,0.0,0.009999999776482582,1.3424752950668335,0.048925042152404785,0.048925042152404785,0.0004892504075542092,4,2,8
5003,3015,3414,0.0,0.009999999776482582,2.3878231048583984,0.19826044142246246,0.19826044142246246,0.0019826043862849474,4,3,12
5004,3015,3744,0.0,0.009999999776482582,1.2421118021011353,0.034587401896715164,0.034587401896715164,0.00034587402478791773,4,2,8
5005,3015,4285,0.0,0.009999999776482582,1.2421118021011353,0.034587401896715164,0.034587401896715164,0.00034587402478791773,4,2,8
5006,2121,3414,0.0,0.009999999776482582,2.3878231048583984,0.19826044142246246,0.19826044142246246,0.0019826043862849474,4,3,12
5007,2121,4156,0.0,0.009999999776482582,1.3079172372817993,0.0439881756901741,0.0439881756901741,0.0004398817545734346,4,2,8
5008,4155,4156,0.0,0.009999999776482582,1.337678074836731,0.048239726573228836,0.048239726573228836,0.0004823972412850708,4,2,8
5009,3016,4155,0.0,0.009999999776482582,2.3201398849487305,0.18859140574932098,0.18859140574932098,0.001885914010927081,4,3,12
5010,3016,3340,0.0,0.009999999776482582,2.3201398849487305,0.18859140574932098,0.18859140574932098,0.001885914010927081,4,3,12
5011,3235,3358,0.0,0.009999999776482582,1.5904366970062256,0.08434809744358063,0.08434809744358063,0.0008434809278696775,4,2,8
5012,3235,4155,0.0,0.009999999776482582,1.5904366970062256,0.08434809744358063,0.08434809744358063,0.0008434809278696775,4,2,8
5013,2122,4178,0.0,0.009999999776482582,3.102545976638794,0.3003637194633484,0.3003637194633484,0.003003637073561549,4,4,16
5014,2122,3650,0.0,0.009999999776482582,1.823237657546997,0.11760538071393967,0.11760538071393967,0.0011760537745431066,4,2,8
5015,3650,4177,0.4999999701976776,0.5049999952316284,1.7232506275177002,0.10332151502370834,0.10332151502370834,0.052177365869283676,5,2,10
5016,3235,4177,0.0,0.009999999776482582,1.7229903936386108,0.10328434407711029,0.10328434407711029,0.0010328433709219098,4,2,8
5017,3235,4619,0.0,0.009999999776482582,1.5904366970062256,0.08434809744358063,0.08434809744358063,0.0008434809278696775,4,2,8
5018,3340,4155,0.0,0.009999999776482582,1.337678074836731,0.048239726573228836,0.048239726573228836,0.0004823972412850708,4,2,8
5019,3340,4285,0.0,0.009999999776482582,1.2193711996078491,0.03133874386548996,0.03133874386548996,0.0003133874270133674,4,2,8
5020,3016,4285,0.0,0.009999999776482582,2.3201398849487305,0.18859140574932098,0.18859140574932098,0.001885914010927081,4,3,12
5021,3016,4177,0.0,0.009999999776482582,2.3201398849487305,0.18859140574932098,0.18859140574932098,0.001885914010927081,4,3,12
5022,4178,4617,0.0,0.009999999776482582,3.102545976638794,0.3003637194633484,0.3003637194633484,0.003003637073561549,4,4,16
5023,3659,4619,0.0,0.009999999776482582,1.143837571144104,0.020548224449157715,0.020548224449157715,0.00020548223983496428,4,2,8
5024,3659,4155,0.0,0.009999999776482582,1.337678074836731,0.048239726573228836,0.048239726573228836,0.0004823972412850708,4,2,8
5025,3650,4155,0.0,0.009999999776482582,1.7232506275177002,0.10332151502370834,0.10332151502370834,0.0010332150850445032,4,2,8
5026,4177,4285,0.0,0.009999999776482582,1.7229903936386108,0.10328434407711029,0.10328434407711029,0.0010328433709219098,4,2,8
5027,3667,4157,0.0,0.009999999776482582,1.5238323211669922,0.07483319193124771,0.07483319193124771,0.0007483318913727999,4,2,8
5028,4157,4540,0.0,0.009999999776482582,1.7431890964508057,0.10616987198591232,0.10616987198591232,0.001061698654666543,4,2,8
5029,3968,4540,0.0,0.009999999776482582,1.8320651054382324,0.1188664436340332,0.1188664436340332,0.0011886644642800093,4,2,8
5030,3520,3968,0.0,0.009999999776482582,4.718880653381348,0.5312686562538147,0.5312686562538147,0.005312686320394278,4,5,20
5031,2123,3520,0.0,0.009999999776482582,4.718880653381348,0.5312686562538147,0.5312686562538147,0.005312686320394278,4,5,20
5032,2123,2124,0.0,0.009999999776482582,1.2509626150131226,0.03585180267691612,0.03585180267691612,0.00035851800930686295,4,2,8
5033,2124,3520,0.0,0.009999999776482582,4.718880653381348,0.5312686562538147,0.5312686562538147,0.005312686320394278,4,5,20
5034,3520,4157,0.4999999701976776,0.5049999952316284,4.718880653381348,0.5312686562538147,0.5312686562538147,0.2682906687259674,5,5,25
5035,2125,4157,0.0,0.009999999776482582,1.239488124847412,0.034212589263916016,0.034212589263916016,0.0003421258879825473,4,2,8
5036,2125,3520,0.0,0.009999999776482582,4.718880653381348,0.5312686562538147,0.5312686562538147,0.005312686320394278,4,5,20
5037,2126,3520,0.0,0.009999999776482582,4.718880653381348,0.5312686562538147,0.5312686562538147,0.005312686320394278,4,5,20
5038,2126,4157,0.0,0.009999999776482582,1.5031774044036865,0.07188248634338379,0.07188248634338379,0.0007188248564489186,4,2,8
5039,3017,4157,0.0,0.009999999776482582,1.3048062324523926,0.043543748557567596,0.043543748557567596,0.00043543748324736953,4,2,8
5040,3017,4620,0.0,0.009999999776482582,1.3048062324523926,0.043543748557567596,0.043543748557567596,0.00043543748324736953,4,2,8
5041,3520,4620,0.0,0.009999999776482582,4.718880653381348,0.5312686562538147,0.5312686562538147,0.005312686320394278,4,5,20
5042,2128,3196,0.0,0.009999999776482582,3.0453996658325195,0.2921999394893646,0.2921999394893646,0.0029219994321465492,4,4,16
5043,2128,3778,0.0,0.009999999776482582,2.475792646408081,0.2108275145292282,0.2108275145292282,0.002108275191858411,4,3,12
5044,3196,3778,0.0,0.009999999776482582,3.0453996658325195,0.2921999394893646,0.2921999394893646,0.0029219994321465492,4,4,16
5045,2129,3201,0.0,0.009999999776482582,2.8508119583129883,0.26440170407295227,0.26440170407295227,0.0026440168730914593,4,3,12
5046,2129,2130,0.0,0.009999999776482582,2.3123788833618164,0.18748269975185394,0.18748269975185394,0.0018748269649222493,4,3,12
5047,2130,3328,0.0,0.009999999776482582,1.290075659751892,0.04143938049674034,0.04143938049674034,0.0004143937840126455,4,2,8
5048,2131,4034,0.0,0.009999999776482582,2.4951164722442627,0.21358807384967804,0.21358807384967804,0.002135880757123232,4,3,12
5049,2131,3018,0.0,0.009999999776482582,1.21836519241333,0.031195027753710747,0.031195027753710747,0.0003119502798654139,4,2,8
5050,3018,4034,0.0,0.009999999776482582,2.4951164722442627,0.21358807384967804,0.21358807384967804,0.002135880757123232,4,3,12
5051,2132,3427,0.0,0.009999999776482582,1.6641989946365356,0.09488557279109955,0.09488557279109955,0.0009488557116128504,4,2,8
5052,2132,2133,0.0,0.009999999776482582,1.6641989946365356,0.09488557279109955,0.09488557279109955,0.0009488557116128504,4,2,8
5053,2133,4034,0.0,0.009999999776482582,2.4951164722442627,0.21358807384967804,0.21358807384967804,0.002135880757123232,4,3,12
5054,3165,4034,0.0,0.009999999776482582,2.4951164722442627,0.21358807384967804,0.21358807384967804,0.002135880757123232,4,3,12
5055,3165,3311,0.0,0.009999999776482582,1.9276247024536133,0.13251781463623047,0.13251781463623047,0.0013251780765131116,4,2,8
5056,3311,4034,0.0,0.009999999776482582,2.4951164722442627,0.21358807384967804,0.21358807384967804,0.002135880757123232,4,3,12
5057,2134,4034,0.0,0.009999999776482582,2.4951164722442627,0.21358807384967804,0.21358807384967804,0.002135880757123232,4,3,12
5058,2134,4621,0.0,0.009999999776482582,1.1350998878479004,0.019299983978271484,0.019299983978271484,0.00019299983978271484,4,2,8
5059,4236,4621,0.0,0.009999999776482582,1.6797871589660645,0.09711245447397232,0.09711245447397232,0.0009711245074868202,4,2,8
5060,2135,4236,0.0,0.009999999776482582,1.860426664352417,0.12291809171438217,0.12291809171438217,0.0012291808379814029,4,2,8
5061,2135,3427,0.0,0.009999999776482582,1.860426664352417,0.12291809171438217,0.12291809171438217,0.0012291808379814029,4,2,8
5062,2136,3427,0.0,0.009999999776482582,1.8344626426696777,0.11920894682407379,0.11920894682407379,0.0011920894030481577,4,2,8
5063,2136,3457,0.0,0.009999999776482582,1.8344626426696777,0.11920894682407379,0.11920894682407379,0.0011920894030481577,4,2,8
5064,3457,4034,0.0,0.009999999776482582,2.4951164722442627,0.21358807384967804,0.21358807384967804,0.002135880757123232,4,3,12
5065,4080,4404,0.0,0.009999999776482582,1.9315253496170044,0.1330750435590744,0.1330750435590744,0.0013307504123076797,4,2,8
5066,2137,4080,0.0,0.009999999776482582,2.2328970432281494,0.17612814903259277,0.17612814903259277,0.0017612813971936703,4,3,12
5067,2137,4342,0.0,0.009999999776482582,2.2328970432281494,0.17612814903259277,0.17612814903259277,0.0017612813971936703,4,3,12
5068,2138,4404,0.0,0.009999999776482582,1.9315253496170044,0.1330750435590744,0.1330750435590744,0.0013307504123076797,4,2,8
5069,2138,2139,0.0,0.009999999776482582,1.4771220684051514,0.0681602954864502,0.0681602954864502,0.0006816029199399054,4,2,8
5070,2139,4404,0.0,0.009999999776482582,1.9315253496170044,0.1330750435590744,0.1330750435590744,0.0013307504123076797,4,2,8
5071,2140,4404,0.0,0.009999999776482582,1.9315253496170044,0.1330750435590744,0.1330750435590744,0.0013307504123076797,4,2,8
5072,2140,2141,0.0,0.009999999776482582,1.6031535863876343,0.08616479486227036,0.08616479486227036,0.0008616479462943971,4,2,8
5073,2141,4404,0.0,0.009999999776482582,1.9315253496170044,0.1330750435590744,0.1330750435590744,0.0013307504123076797,4,2,8
5074,3019,4404,0.0,0.009999999776482582,1.9315253496170044,0.1330750435590744,0.1330750435590744,0.0013307504123076797,4,2,8
5075,2142,3019,0.0,0.009999999776482582,1.3561910390853882,0.0508844330906868,0.0508844330906868,0.0005088443285785615,4,2,8
5076,2142,2143,0.0,0.009999999776482582,1.1775470972061157,0.025363871827721596,0.025363871827721596,0.00025363871827721596,4,2,8
5077,2143,4404,0.0,0.009999999776482582,1.9315253496170044,0.1330750435590744,0.1330750435590744,0.0013307504123076797,4,2,8
5078,3308,4622,0.0,0.009999999776482582,6.258337497711182,0.7511910796165466,0.7511910796165466,0.007511910516768694,4,7,28
5079,4160,4622,0.0,0.009999999776482582,1.6996694803237915,0.09995277971029282,0.09995277971029282,0.0009995277505367994,4,2,8
5080,3308,4160,0.0,0.009999999776482582,6.258337497711182,0.7511910796165466,0.7511910796165466,0.007511910516768694,4,7,28
5081,2144,4160,0.0,0.009999999776482582,1.3476816415786743,0.0496688075363636,0.0496688075363636,0.0004966880660504103,4,2,8
5082,2144,3308,0.0,0.009999999776482582,6.258337497711182,0.7511910796165466,0.7511910796165466,0.007511910516768694,4,7,28
5083,3308,4146,0.0,0.009999999776482582,6.258337497711182,0.7511910796165466,0.7511910796165466,0.007511910516768694,4,7,28
5084,2145,4146,0.0,0.009999999776482582,2.1683342456817627,0.16690489649772644,0.16690489649772644,0.0016690489137545228,4,3,12
5085,2145,3308,0.0,0.009999999776482582,6.258337497711182,0.7511910796165466,0.7511910796165466,0.007511910516768694,4,7,28
5086,3331,4622,0.0,0.009999999776482582,1.6996694803237915,0.09995277971029282,0.09995277971029282,0.0009995277505367994,4,2,8
5087,2146,4622,0.0,0.009999999776482582,1.6996694803237915,0.09995277971029282,0.09995277971029282,0.0009995277505367994,4,2,8
5088,2146,3308,0.0,0.009999999776482582,6.258337497711182,0.7511910796165466,0.7511910796165466,0.007511910516768694,4,7,28
5089,2147,3342,0.0,0.009999999776482582,1.4854373931884766,0.06934820115566254,0.06934820115566254,0.0006934819975867867,4,2,8
5090,2147,4623,0.0,0.009999999776482582,1.7229115962982178,0.10327308624982834,0.10327308624982834,0.0010327307973057032,4,2,8
5091,2148,4623,0.0,0.009999999776482582,1.7229115962982178,0.10327308624982834,0.10327308624982834,0.0010327307973057032,4,2,8
5092,2148,3020,0.0,0.009999999776482582,2.7352733612060547,0.2478961944580078,0.2478961944580078,0.002478961832821369,4,3,12
5093,3020,3616,0.0,0.009999999776482582,2.7352733612060547,0.2478961944580078,0.2478961944580078,0.002478961832821369,4,3,12
5094,2149,3342,0.0,0.009999999776482582,1.4854373931884766,0.06934820115566254,0.06934820115566254,0.0006934819975867867,4,2,8
5095,3218,3342,0.0,0.009999999776482582,2.5049400329589844,0.21499143540859222,0.21499143540859222,0.0021499143913388252,4,3,12
5096,3342,4623,0.0,0.009999999776482582,1.7229115962982178,0.10327308624982834,0.10327308624982834,0.0010327307973057032,4,2,8
5097,3020,4623,0.0,0.009999999776482582,2.7352733612060547,0.2478961944580078,0.2478961944580078,0.002478961832821369,4,3,12
5098,3020,3342,0.0,0.009999999776482582,2.7352733612060547,0.2478961944580078,0.2478961944580078,0.002478961832821369,4,3,12
5099,3342,3616,0.0,0.009999999776482582,2.2872233390808105,0.18388904631137848,0.18388904631137848,0.0018388903699815273,4,3,12
5100,3426,4163,1.0,1.0,1.3446415662765503,0.04923450946807861,0.04923450946807861,0.04923450946807861,5,2,10
5101,4163,4624,1.0,1.0,1.3446415662765503,0.04923450946807861,0.04923450946807861,0.04923450946807861,5,2,10
5102,3426,4624,1.0,1.0,1.2671842575073242,0.03816917911171913,0.03816917911171913,0.03816917911171913,5,2,10
5103,2150,3247,0.0,0.009999999776482582,3.75626802444458,0.3937525749206543,0.3937525749206543,0.003937525674700737,4,4,16
5104,2150,2151,0.0,0.009999999776482582,1.485321283340454,0.06933160871267319,0.06933160871267319,0.0006933160475455225,4,2,8
5105,2151,3247,0.0,0.009999999776482582,3.75626802444458,0.3937525749206543,0.3937525749206543,0.003937525674700737,4,4,16
5106,2152,4165,0.0,0.009999999776482582,1.7087676525115967,0.10125251859426498,0.10125251859426498,0.0010125251719728112,4,2,8
5107,2152,2153,0.0,0.009999999776482582,4.0469818115234375,0.4352831244468689,0.4352831244468689,0.004352831281721592,4,5,20
5108,2153,2154,0.0,0.009999999776482582,4.0469818115234375,0.4352831244468689,0.4352831244468689,0.004352831281721592,4,5,20
5109,2154,4332,0.0,0.009999999776482582,1.4904398918151855,0.07006283849477768,0.07006283849477768,0.0007006283849477768,4,2,8
5110,4166,4542,0.4999999701976776,0.5049999952316284,2.1473217010498047,0.1639031022787094,0.1639031022787094,0.08277106285095215,5,3,15
5111,4166,4167,0.0,0.009999999776482582,1.6294312477111816,0.08991874754428864,0.08991874754428864,0.0008991874638013542,4,2,8
5112,2155,4625,0.0,0.009999999776482582,1.4163227081298828,0.05947467312216759,0.05947467312216759,0.0005947467288933694,4,2,8
5113,2155,3335,0.0,0.009999999776482582,7.126559734344482,0.8752228021621704,0.8752228021621704,0.008752227760851383,4,8,32
5114,3021,3966,0.0,0.009999999776482582,3.4321413040161133,0.34744876623153687,0.34744876623153687,0.003474487690255046,4,4,16
5115,3021,4119,0.0,0.009999999776482582,2.3407235145568848,0.1915319263935089,0.1915319263935089,0.0019153192406520247,4,3,12
5116,4119,4596,0.4999999701976776,0.5049999952316284,2.245327949523926,0.17790399491786957,0.17790399491786957,0.08984151482582092,5,3,15
5117,3966,4596,0.4999999701976776,0.5049999952316284,3.4321413040161133,0.34744876623153687,0.34744876623153687,0.17546162009239197,5,4,20
5118,3966,4119,0.0,0.009999999776482582,3.4321413040161133,0.34744876623153687,0.34744876623153687,0.003474487690255046,4,4,16
5119,3965,4119,0.0,0.009999999776482582,1.5986433029174805,0.08552046865224838,0.08552046865224838,0.0008552046492695808,4,2,8
5120,3300,3965,0.0,0.009999999776482582,7.0578413009643555,0.8654059171676636,0.8654059171676636,0.008654058910906315,4,8,32
5121,3966,4169,0.0,0.009999999776482582,3.4321413040161133,0.34744876623153687,0.34744876623153687,0.003474487690255046,4,4,16
5122,4169,4596,0.0,0.009999999776482582,2.245327949523926,0.17790399491786957,0.17790399491786957,0.0017790398560464382,4,3,12
5123,4168,4596,0.0,0.009999999776482582,2.245327949523926,0.17790399491786957,0.17790399491786957,0.0017790398560464382,4,3,12
5124,3901,4168,0.0,0.009999999776482582,7.014254093170166,0.8591791391372681,0.8591791391372681,0.008591791614890099,4,8,32
5125,3966,4107,0.0,0.009999999776482582,3.4321413040161133,0.34744876623153687,0.34744876623153687,0.003474487690255046,4,4,16
5126,2156,4107,0.0,0.009999999776482582,1.7035541534423828,0.10050773620605469,0.10050773620605469,0.0010050773853436112,4,2,8
5127,2156,4119,0.0,0.009999999776482582,1.7035541534423828,0.10050773620605469,0.10050773620605469,0.0010050773853436112,4,2,8
5128,3300,4107,0.0,0.009999999776482582,7.0578413009643555,0.8654059171676636,0.8654059171676636,0.008654058910906315,4,8,32
5129,3021,4107,0.0,0.009999999776482582,2.3407235145568848,0.1915319263935089,0.1915319263935089,0.0019153192406520247,4,3,12
5130,3965,3966,0.0,0.009999999776482582,3.4321413040161133,0.34744876623153687,0.34744876623153687,0.003474487690255046,4,4,16
5131,2157,3966,0.0,0.009999999776482582,3.4321413040161133,0.34744876623153687,0.34744876623153687,0.003474487690255046,4,4,16
5132,2157,4169,0.0,0.009999999776482582,2.5950918197631836,0.22787025570869446,0.22787025570869446,0.0022787025664001703,4,3,12
5133,2158,3818,0.0,0.009999999776482582,1.2176545858383179,0.03109351173043251,0.03109351173043251,0.0003109351091552526,4,2,8
5134,2158,3232,0.0,0.009999999776482582,1.5546876192092896,0.07924108952283859,0.07924108952283859,0.0007924108649604023,4,2,8
5135,3232,3832,0.0,0.009999999776482582,2.6969387531280518,0.24241982400417328,0.24241982400417328,0.00242419820278883,4,3,12
5136,3254,4333,0.0,0.009999999776482582,1.8885273933410645,0.12693248689174652,0.12693248689174652,0.0012693247990682721,4,2,8
5137,3232,3254,0.4999999701976776,0.5049999952316284,1.8885273933410645,0.12693248689174652,0.12693248689174652,0.06410090625286102,5,2,10
5138,3232,3335,0.0,0.009999999776482582,7.126559734344482,0.8752228021621704,0.8752228021621704,0.008752227760851383,4,8,32
5139,2159,3335,0.0,0.009999999776482582,7.126559734344482,0.8752228021621704,0.8752228021621704,0.008752227760851383,4,8,32
5140,2159,2160,0.0,0.009999999776482582,1.5040470361709595,0.0720067173242569,0.0720067173242569,0.0007200671825557947,4,2,8
5141,2160,2161,0.0,0.009999999776482582,1.2910245656967163,0.04157493636012077,0.04157493636012077,0.00041574935312382877,4,2,8
5142,2162,2163,0.0,0.009999999776482582,3.0867040157318115,0.2981005609035492,0.2981005609035492,0.0029810054693371058,4,4,16
5143,2163,3254,0.0,0.009999999776482582,1.8885273933410645,0.12693248689174652,0.12693248689174652,0.0012693247990682721,4,2,8
5144,3254,3799,0.0,0.009999999776482582,5.445672035217285,0.63509601354599,0.63509601354599,0.006350960116833448,4,6,24
5145,3254,3266,0.0,0.009999999776482582,3.2162137031555176,0.31660196185112,0.31660196185112,0.0031660194508731365,4,4,16
5146,3254,3335,0.0,0.009999999776482582,7.126559734344482,0.8752228021621704,0.8752228021621704,0.008752227760851383,4,8,32
5147,3232,4333,0.0,0.009999999776482582,1.5747795104980469,0.08211135864257812,0.08211135864257812,0.0008211135864257812,4,2,8
5148,3254,3818,0.0,0.009999999776482582,1.8885273933410645,0.12693248689174652,0.12693248689174652,0.0012693247990682721,4,2,8
5149,2164,4613,0.0,0.009999999776482582,2.748910903930664,0.24984441697597504,0.24984441697597504,0.0024984441697597504,4,3,12
5150,2164,2165,0.0,0.009999999776482582,1.74820876121521,0.10688696801662445,0.10688696801662445,0.0010688696056604385,4,2,8
5151,2165,4613,0.0,0.009999999776482582,2.748910903930664,0.24984441697597504,0.24984441697597504,0.0024984441697597504,4,3,12
5152,2166,3170,0.0,0.009999999776482582,1.6864655017852783,0.09806650131940842,0.09806650131940842,0.0009806649759411812,4,2,8
5153,2166,3117,0.0,0.009999999776482582,6.122890949249268,0.7318415641784668,0.7318415641784668,0.007318415679037571,4,7,28
5154,2167,3117,0.0,0.009999999776482582,6.122890949249268,0.7318415641784668,0.7318415641784668,0.007318415679037571,4,7,28
5155,2167,2168,0.0,0.009999999776482582,1.131459355354309,0.018779907375574112,0.018779907375574112,0.0001877990725915879,4,2,8
5156,2168,3117,0.0,0.009999999776482582,6.122890949249268,0.7318415641784668,0.7318415641784668,0.007318415679037571,4,7,28
5157,2169,3117,0.0,0.009999999776482582,6.122890949249268,0.7318415641784668,0.7318415641784668,0.007318415679037571,4,7,28
5158,2169,2170,0.0,0.009999999776482582,1.7155228853225708,0.10221755504608154,0.10221755504608154,0.0010221755364909768,4,2,8
5159,2170,3344,0.0,0.009999999776482582,1.7155228853225708,0.10221755504608154,0.10221755504608154,0.0010221755364909768,4,2,8
5160,3117,3344,0.0,0.009999999776482582,6.122890949249268,0.7318415641784668,0.7318415641784668,0.007318415679037571,4,7,28
5161,3895,4310,0.0,0.009999999776482582,2.6417319774627686,0.2345331460237503,0.2345331460237503,0.0023453314788639545,4,3,12
5162,2171,4310,0.0,0.009999999776482582,1.6025176048278809,0.08607394248247147,0.08607394248247147,0.0008607393829151988,4,2,8
5163,2171,3895,0.0,0.009999999776482582,2.6417319774627686,0.2345331460237503,0.2345331460237503,0.0023453314788639545,4,3,12
5164,2172,4626,0.0,0.009999999776482582,1.2081128358840942,0.029730405658483505,0.029730405658483505,0.0002973040391225368,4,2,8
5165,2173,4626,0.0,0.009999999776482582,1.432176113128662,0.061739444732666016,0.061739444732666016,0.0006173944566398859,4,2,8
5166,2173,2174,0.0,0.009999999776482582,1.432176113128662,0.061739444732666016,0.061739444732666016,0.0006173944566398859,4,2,8
5167,2174,3300,0.0,0.009999999776482582,7.0578413009643555,0.8654059171676636,0.8654059171676636,0.008654058910906315,4,8,32
5168,3023,3300,0.4999999701976776,0.5049999952316284,7.0578413009643555,0.8654059171676636,0.8654059171676636,0.43702998757362366,5,8,40
5169,3023,4627,0.0,0.009999999776482582,1.0626541376113892,0.008950591087341309,0.008950591087341309,8.95059056347236e-05,4,2,8
5170,3300,4627,1.0,1.0,7.0578413009643555,0.8654059171676636,0.8654059171676636,0.8654059171676636,5,8,40
5171,3022,3023,0.0,0.009999999776482582,1.0851078033447266,0.012158257886767387,0.012158257886767387,0.00012158257595729083,4,2,8
5172,3022,3300,0.0,0.009999999776482582,7.0578413009643555,0.8654059171676636,0.8654059171676636,0.008654058910906315,4,8,32
5173,3300,4626,0.4999999701976776,0.5049999952316284,7.0578413009643555,0.8654059171676636,0.8654059171676636,0.43702998757362366,5,8,40
5174,4626,4627,0.0,0.009999999776482582,1.1251029968261719,0.017871856689453125,0.017871856689453125,0.00017871856107376516,4,2,8
5175,3300,4628,0.4999999701976776,0.5049999952316284,7.0578413009643555,0.8654059171676636,0.8654059171676636,0.43702998757362366,5,8,40
5176,4627,4628,0.0,0.009999999776482582,1.0715410709381104,0.010220153257250786,0.010220153257250786,0.00010220152762485668,4,2,8
5177,4628,4629,0.0,0.009999999776482582,1.1293134689331055,0.01847335323691368,0.01847335323691368,0.00018473352247383446,4,2,8
5178,3300,4629,0.0,0.009999999776482582,7.0578413009643555,0.8654059171676636,0.8654059171676636,0.008654058910906315,4,8,32
5179,4626,4628,0.0,0.009999999776482582,1.1251029968261719,0.017871856689453125,0.017871856689453125,0.00017871856107376516,4,2,8
5180,2175,3427,0.0,0.009999999776482582,1.977559208869934,0.1396513134241104,0.1396513134241104,0.0013965130783617496,4,2,8
5181,2175,2176,0.0,0.009999999776482582,1.977559208869934,0.1396513134241104,0.1396513134241104,0.0013965130783617496,4,2,8
5182,2176,4034,0.0,0.009999999776482582,2.4951164722442627,0.21358807384967804,0.21358807384967804,0.002135880757123232,4,3,12
5183,3118,3427,0.0,0.009999999776482582,1.0033999681472778,0.0004857097228523344,0.0004857097228523344,4.857097337662708e-06,4,2,8
5184,2177,3118,0.0,0.009999999776482582,1.87460196018219,0.12494313716888428,0.12494313716888428,0.00124943139962852,4,2,8
5185,2177,3427,0.0,0.009999999776482582,1.87460196018219,0.12494313716888428,0.12494313716888428,0.00124943139962852,4,2,8
5186,3492,3851,0.0,0.009999999776482582,1.5825817584991455,0.08322596549987793,0.08322596549987793,0.0008322596549987793,4,2,8
5187,3597,3851,0.0,0.009999999776482582,1.711175560951233,0.10159651190042496,0.10159651190042496,0.0010159651283174753,4,2,8
5188,3492,3597,0.0,0.009999999776482582,1.711175560951233,0.10159651190042496,0.10159651190042496,0.0010159651283174753,4,2,8
5189,4172,4258,0.0,0.009999999776482582,3.3398547172546387,0.33426496386528015,0.33426496386528015,0.0033426496665924788,4,4,16
5190,3999,4172,0.0,0.009999999776482582,1.2589255571365356,0.03698936477303505,0.03698936477303505,0.0003698936488945037,4,2,8
5191,2178,4258,0.0,0.009999999776482582,3.3398547172546387,0.33426496386528015,0.33426496386528015,0.0033426496665924788,4,4,16
5192,2178,2179,0.0,0.009999999776482582,1.1202037334442139,0.017171962186694145,0.017171962186694145,0.00017171961371786892,4,2,8
5193,2179,4017,0.0,0.009999999776482582,2.148632287979126,0.1640903204679489,0.1640903204679489,0.0016409031813964248,4,3,12
5194,2180,4017,0.0,0.009999999776482582,2.148632287979126,0.1640903204679489,0.1640903204679489,0.0016409031813964248,4,3,12
5195,2180,4318,0.0,0.009999999776482582,1.4231042861938477,0.060443468391895294,0.060443468391895294,0.0006044346955604851,4,2,8
5196,3300,4318,0.0,0.009999999776482582,7.0578413009643555,0.8654059171676636,0.8654059171676636,0.008654058910906315,4,8,32
5197,3300,3999,0.0,0.009999999776482582,7.0578413009643555,0.8654059171676636,0.8654059171676636,0.008654058910906315,4,8,32
5198,3321,4000,0.0,0.009999999776482582,2.4156641960144043,0.20223774015903473,0.20223774015903473,0.002022377448156476,4,3,12
5199,3300,4630,0.0,0.009999999776482582,7.0578413009643555,0.8654059171676636,0.8654059171676636,0.008654058910906315,4,8,32
5200,3024,4630,0.0,0.009999999776482582,1.744659185409546,0.10637988150119781,0.10637988150119781,0.001063798787072301,4,2,8
5201,3024,3344,0.0,0.009999999776482582,1.744659185409546,0.10637988150119781,0.10637988150119781,0.001063798787072301,4,2,8
5202,3344,4334,0.0,0.009999999776482582,1.6716344356536865,0.09594777971506119,0.09594777971506119,0.0009594777948223054,4,2,8
5203,2181,3237,0.0,0.009999999776482582,1.7951781749725342,0.11359687894582748,0.11359687894582748,0.0011359687196090817,4,2,8
5204,2181,2182,0.0,0.009999999776482582,1.7762880325317383,0.11089829355478287,0.11089829355478287,0.0011089829495176673,4,2,8
5205,2182,3237,0.0,0.009999999776482582,1.7951781749725342,0.11359687894582748,0.11359687894582748,0.0011359687196090817,4,2,8
5206,4356,4357,0.4999999701976776,0.5049999952316284,7.113405227661133,0.8733435869216919,0.8733435869216919,0.4410385191440582,5,8,40
5207,2183,4335,0.0,0.009999999776482582,1.6001250743865967,0.08573215454816818,0.08573215454816818,0.0008573215454816818,4,2,8
5208,2183,4356,0.0,0.009999999776482582,1.5615596771240234,0.08022280782461166,0.08022280782461166,0.0008022280526347458,4,2,8
5209,2184,3682,0.0,0.009999999776482582,2.8332624435424805,0.2618946433067322,0.2618946433067322,0.0026189463678747416,4,3,12
5210,2184,3313,0.0,0.009999999776482582,1.9429192543029785,0.13470275700092316,0.13470275700092316,0.0013470274861901999,4,2,8
5211,3313,3682,0.0,0.009999999776482582,2.8332624435424805,0.2618946433067322,0.2618946433067322,0.0026189463678747416,4,3,12
5212,2185,3188,0.0,0.009999999776482582,2.884145736694336,0.26916366815567017,0.26916366815567017,0.002691636560484767,4,3,12
5213,2185,3406,0.0,0.009999999776482582,1.0163835287094116,0.002340504201129079,0.002340504201129079,2.340504215680994e-05,4,2,8
5214,3081,3406,0.0,0.009999999776482582,1.0000256299972534,3.661428081613849e-06,3.661428081613849e-06,3.661428138457268e-08,4,2,8
5215,2186,3380,0.0,0.009999999776482582,1.1253987550735474,0.01791410706937313,0.01791410706937313,0.00017914106138050556,4,2,8
5216,2186,2187,0.0,0.009999999776482582,1.1115331649780273,0.015933308750391006,0.015933308750391006,0.00015933308168314397,4,2,8
5217,2187,3210,0.0,0.009999999776482582,1.258304476737976,0.03690063953399658,0.03690063953399658,0.00036900638951919973,4,2,8
5218,2188,4175,0.0,0.009999999776482582,1.410440444946289,0.05863434821367264,0.05863434821367264,0.0005863434635102749,4,2,8
5219,3025,4175,0.0,0.009999999776482582,1.410440444946289,0.05863434821367264,0.05863434821367264,0.0005863434635102749,4,2,8
5220,2189,3025,0.0,0.009999999776482582,1.615203857421875,0.0878862664103508,0.0878862664103508,0.0008788626291789114,4,2,8
5221,2189,3026,0.0,0.009999999776482582,2.0345101356506348,0.1477871686220169,0.1477871686220169,0.0014778716722503304,4,3,12
5222,2190,3026,0.0,0.009999999776482582,2.0345101356506348,0.1477871686220169,0.1477871686220169,0.0014778716722503304,4,3,12
5223,2190,4175,0.0,0.009999999776482582,1.5813512802124023,0.0830501839518547,0.0830501839518547,0.0008305018418468535,4,2,8
5224,4175,4631,0.0,0.009999999776482582,1.410440444946289,0.05863434821367264,0.05863434821367264,0.0005863434635102749,4,2,8
5225,3027,4631,0.0,0.009999999776482582,1.800413727760315,0.11434482038021088,0.11434482038021088,0.0011434481712058187,4,2,8
5226,2191,3027,0.0,0.009999999776482582,1.8257683515548706,0.1179669052362442,0.1179669052362442,0.001179669052362442,4,2,8
5227,2191,3028,0.0,0.009999999776482582,1.8257683515548706,0.1179669052362442,0.1179669052362442,0.001179669052362442,4,2,8
5228,2192,3028,0.0,0.009999999776482582,1.1233843564987183,0.017626335844397545,0.017626335844397545,0.00017626334738451988,4,2,8
5229,2192,3703,0.0,0.009999999776482582,1.244941234588623,0.03499160334467888,0.03499160334467888,0.0003499160229694098,4,2,8
5230,3703,3750,0.0,0.009999999776482582,1.6218174695968628,0.08883106708526611,0.08883106708526611,0.0008883106638677418,4,2,8
5231,2193,4336,0.0,0.009999999776482582,1.2384552955627441,0.034065041691064835,0.034065041691064835,0.00034065041108988225,4,2,8
5232,2193,2194,0.0,0.009999999776482582,1.1713430881500244,0.024477584287524223,0.024477584287524223,0.00024477584520354867,4,2,8
5233,2194,4632,0.0,0.009999999776482582,1.9748783111572266,0.13926832377910614,0.13926832377910614,0.0013926832471042871,4,2,8
5234,4631,4632,0.0,0.009999999776482582,1.9748783111572266,0.13926832377910614,0.13926832377910614,0.0013926832471042871,4,2,8
5235,2195,4631,0.0,0.009999999776482582,1.3610999584197998,0.05158570781350136,0.05158570781350136,0.0005158570711500943,4,2,8
5236,2196,4631,0.0,0.009999999776482582,1.9650791883468628,0.13786844909191132,0.13786844909191132,0.00137868442106992,4,2,8
5237,2196,4633,0.0,0.009999999776482582,1.9650791883468628,0.13786844909191132,0.13786844909191132,0.00137868442106992,4,2,8
5238,4632,4633,0.0,0.009999999776482582,1.9748783111572266,0.13926832377910614,0.13926832377910614,0.0013926832471042871,4,2,8
5239,2197,4632,0.0,0.009999999776482582,1.9748783111572266,0.13926832377910614,0.13926832377910614,0.0013926832471042871,4,2,8
5240,2198,3414,0.0,0.009999999776482582,2.3878231048583984,0.19826044142246246,0.19826044142246246,0.0019826043862849474,4,3,12
5241,2198,2199,0.0,0.009999999776482582,1.4755239486694336,0.06793199479579926,0.06793199479579926,0.0006793199572712183,4,2,8
5242,2199,3414,0.0,0.009999999776482582,2.3878231048583984,0.19826044142246246,0.19826044142246246,0.0019826043862849474,4,3,12
5243,3414,4176,0.0,0.009999999776482582,2.3878231048583984,0.19826044142246246,0.19826044142246246,0.0019826043862849474,4,3,12
5244,2200,4176,0.0,0.009999999776482582,1.6414988040924072,0.09164268523454666,0.09164268523454666,0.0009164268267340958,4,2,8
5245,2200,3414,0.0,0.009999999776482582,2.3878231048583984,0.19826044142246246,0.19826044142246246,0.0019826043862849474,4,3,12
5246,3414,4618,1.0,1.0,2.3878231048583984,0.19826044142246246,0.19826044142246246,0.19826044142246246,5,3,15
5247,2201,4618,0.0,0.009999999776482582,2.143832206726074,0.16340459883213043,0.16340459883213043,0.0016340459696948528,4,3,12
5248,2201,3414,0.0,0.009999999776482582,2.3878231048583984,0.19826044142246246,0.19826044142246246,0.0019826043862849474,4,3,12
5249,4331,4618,0.0,0.009999999776482582,1.3424752950668335,0.048925042152404785,0.048925042152404785,0.0004892504075542092,4,2,8
5250,4177,4331,0.0,0.009999999776482582,1.7229903936386108,0.10328434407711029,0.10328434407711029,0.0010328433709219098,4,2,8
5251,3340,4618,0.0,0.009999999776482582,1.2777864933013916,0.039683785289525986,0.039683785289525986,0.0003968378296121955,4,2,8
5252,3340,3744,0.0,0.009999999776482582,1.2193711996078491,0.03133874386548996,0.03133874386548996,0.0003133874270133674,4,2,8
5253,2202,3414,0.0,0.009999999776482582,2.3878231048583984,0.19826044142246246,0.19826044142246246,0.0019826043862849474,4,3,12
5254,2202,2203,0.0,0.009999999776482582,1.7956429719924927,0.11366327852010727,0.11366327852010727,0.0011366327526047826,4,2,8
5255,2203,3029,0.0,0.009999999776482582,2.2486932277679443,0.17838475108146667,0.17838475108146667,0.0017838474595919251,4,3,12
5256,3029,3414,0.0,0.009999999776482582,2.3878231048583984,0.19826044142246246,0.19826044142246246,0.0019826043862849474,4,3,12
5257,2204,4054,0.0,0.009999999776482582,2.8826918601989746,0.2689559757709503,0.2689559757709503,0.0026895597111433744,4,3,12
5258,4054,4634,0.0,0.009999999776482582,1.42984938621521,0.06140705570578575,0.06140705570578575,0.0006140705663710833,4,2,8
5259,3862,4634,0.4999999701976776,0.5049999952316284,2.020857572555542,0.14583680033683777,0.14583680033683777,0.07364758104085922,5,3,15
5260,2205,3862,0.0,0.009999999776482582,3.947664976119995,0.42109498381614685,0.42109498381614685,0.0042109498754143715,4,4,16
5261,2205,4634,0.0,0.009999999776482582,3.947664976119995,0.42109498381614685,0.42109498381614685,0.0042109498754143715,4,4,16
5262,2206,4634,0.0,0.009999999776482582,1.8273929357528687,0.11819899082183838,0.11819899082183838,0.0011819899082183838,4,2,8
5263,3100,4054,0.0,0.009999999776482582,6.839209079742432,0.8341727256774902,0.8341727256774902,0.00834172684699297,4,7,28
5264,2207,3100,0.0,0.009999999776482582,6.839209079742432,0.8341727256774902,0.8341727256774902,0.00834172684699297,4,7,28
5265,2207,3862,0.0,0.009999999776482582,3.4853811264038086,0.35505443811416626,0.35505443811416626,0.0035505443811416626,4,4,16
5266,3180,3862,0.0,0.009999999776482582,2.020857572555542,0.14583680033683777,0.14583680033683777,0.001458367914892733,4,3,12
5267,2208,3164,0.0,0.009999999776482582,2.377371072769165,0.19676730036735535,0.19676730036735535,0.0019676729571074247,4,3,12
5268,2208,2209,0.0,0.009999999776482582,2.614419937133789,0.23063142597675323,0.23063142597675323,0.0023063141852617264,4,3,12
5269,2209,2210,0.0,0.009999999776482582,2.614419937133789,0.23063142597675323,0.23063142597675323,0.0023063141852617264,4,3,12
5270,2210,3164,0.0,0.009999999776482582,1.7717691659927368,0.1102527379989624,0.1102527379989624,0.0011025273706763983,4,2,8
5271,2211,3389,0.0,0.009999999776482582,1.0390855073928833,0.005583643913269043,0.005583643913269043,5.583643724094145e-05,4,2,8
5272,2211,2212,0.0,0.009999999776482582,1.0656119585037231,0.009373136796057224,0.009373136796057224,9.373136708745733e-05,4,2,8
5273,2212,3389,0.0,0.009999999776482582,1.0656119585037231,0.009373136796057224,0.009373136796057224,9.373136708745733e-05,4,2,8
5274,3030,3389,0.0,0.009999999776482582,1.0409749746322632,0.005853567738085985,0.005853567738085985,5.8535675634630024e-05,4,2,8
5275,2213,3030,0.0,0.009999999776482582,1.0409749746322632,0.005853567738085985,0.005853567738085985,5.8535675634630024e-05,4,2,8
5276,2213,2214,0.0,0.009999999776482582,1.0704790353775024,0.010068433359265327,0.010068433359265327,0.00010068433039123192,4,2,8
5277,2214,4276,0.0,0.009999999776482582,1.1307075023651123,0.018672499805688858,0.018672499805688858,0.00018672499572858214,4,2,8
5278,4276,4439,0.0,0.009999999776482582,1.1307075023651123,0.018672499805688858,0.018672499805688858,0.00018672499572858214,4,2,8
5279,2215,3389,0.0,0.009999999776482582,1.0778306722640991,0.01111866720020771,0.01111866720020771,0.0001111866658902727,4,2,8
5280,2215,3031,0.0,0.009999999776482582,1.0778306722640991,0.01111866720020771,0.01111866720020771,0.0001111866658902727,4,2,8
5281,3031,4439,0.0,0.009999999776482582,1.0845273733139038,0.012075339443981647,0.012075339443981647,0.00012075339327566326,4,2,8
5282,2216,3031,0.0,0.009999999776482582,1.0602716207504272,0.008610231801867485,0.008610231801867485,8.61023145262152e-05,4,2,8
5283,2216,4439,0.0,0.009999999776482582,1.0845273733139038,0.012075339443981647,0.012075339443981647,0.00012075339327566326,4,2,8
5284,3625,4276,0.0,0.009999999776482582,1.1307075023651123,0.018672499805688858,0.018672499805688858,0.00018672499572858214,4,2,8
5285,2217,4276,0.0,0.009999999776482582,1.1307075023651123,0.018672499805688858,0.018672499805688858,0.00018672499572858214,4,2,8
5286,2217,3625,0.0,0.009999999776482582,1.1287950277328491,0.01839928887784481,0.01839928887784481,0.0001839928881963715,4,2,8
5287,3030,3625,0.0,0.009999999776482582,1.1287950277328491,0.01839928887784481,0.01839928887784481,0.0001839928881963715,4,2,8
5288,3030,4276,0.0,0.009999999776482582,1.1307075023651123,0.018672499805688858,0.018672499805688858,0.00018672499572858214,4,2,8
5289,2218,4276,0.0,0.009999999776482582,1.1307075023651123,0.018672499805688858,0.018672499805688858,0.00018672499572858214,4,2,8
5290,2218,3472,0.0,0.009999999776482582,3.912785530090332,0.4161122143268585,0.4161122143268585,0.004161122255027294,4,4,16
5291,4119,4168,0.0,0.009999999776482582,1.5986433029174805,0.08552046865224838,0.08552046865224838,0.0008552046492695808,4,2,8
5292,2219,3102,0.0,0.009999999776482582,1.5925798416137695,0.08465426415205002,0.08465426415205002,0.0008465426508337259,4,2,8
5293,2219,2220,0.0,0.009999999776482582,1.1842256784439087,0.026317954063415527,0.026317954063415527,0.0002631795359775424,4,2,8
5294,2220,4173,0.0,0.009999999776482582,4.969567775726318,0.567081093788147,0.567081093788147,0.005670810583978891,4,5,20
5295,2221,3161,0.0,0.009999999776482582,2.261805534362793,0.18025793135166168,0.18025793135166168,0.001802579266950488,4,3,12
5296,2221,2222,0.0,0.009999999776482582,1.2650587558746338,0.0378655381500721,0.0378655381500721,0.00037865538615733385,4,2,8
5297,2222,3161,0.0,0.009999999776482582,2.261805534362793,0.18025793135166168,0.18025793135166168,0.001802579266950488,4,3,12
5298,2223,3161,0.0,0.009999999776482582,2.261805534362793,0.18025793135166168,0.18025793135166168,0.001802579266950488,4,3,12
5299,2223,2224,0.0,0.009999999776482582,1.7050485610961914,0.10072122514247894,0.10072122514247894,0.0010072122095152736,4,2,8
5300,2224,3161,0.0,0.009999999776482582,2.261805534362793,0.18025793135166168,0.18025793135166168,0.001802579266950488,4,3,12
5301,2225,3161,0.0,0.009999999776482582,2.261805534362793,0.18025793135166168,0.18025793135166168,0.001802579266950488,4,3,12
5302,2225,2226,0.0,0.009999999776482582,1.7612144947052002,0.10874492675065994,0.10874492675065994,0.0010874492581933737,4,2,8
5303,2226,3161,0.0,0.009999999776482582,2.261805534362793,0.18025793135166168,0.18025793135166168,0.001802579266950488,4,3,12
5304,2227,3161,0.0,0.009999999776482582,2.261805534362793,0.18025793135166168,0.18025793135166168,0.001802579266950488,4,3,12
5305,2227,4181,0.0,0.009999999776482582,1.5929083824157715,0.08470119535923004,0.08470119535923004,0.0008470119209960103,4,2,8
5306,2228,4181,0.0,0.009999999776482582,1.6056549549102783,0.08652213960886002,0.08652213960886002,0.0008652213728055358,4,2,8
5307,2228,3161,0.0,0.009999999776482582,2.261805534362793,0.18025793135166168,0.18025793135166168,0.001802579266950488,4,3,12
5308,3950,4636,0.0,0.009999999776482582,3.252213478088379,0.32174476981163025,0.32174476981163025,0.0032174475491046906,4,4,16
5309,2229,4636,0.0,0.009999999776482582,1.2407015562057495,0.034385938197374344,0.034385938197374344,0.00034385937033221126,4,2,8
5310,2229,2230,0.0,0.009999999776482582,1.0436373949050903,0.006233913358300924,0.006233913358300924,6.233913154574111e-05,4,2,8
5311,2230,4635,0.0,0.009999999776482582,1.0436373949050903,0.006233913358300924,0.006233913358300924,6.233913154574111e-05,4,2,8
5312,3299,4185,0.0,0.009999999776482582,6.190582752227783,0.7415118217468262,0.7415118217468262,0.007415118161588907,4,7,28
5313,2231,4185,0.0,0.009999999776482582,3.6904947757720947,0.38435640931129456,0.38435640931129456,0.003843564074486494,4,4,16
5314,2231,3299,0.0,0.009999999776482582,6.190582752227783,0.7415118217468262,0.7415118217468262,0.007415118161588907,4,7,28
5315,2232,3312,0.0,0.009999999776482582,2.711240291595459,0.24446289241313934,0.24446289241313934,0.002444628858938813,4,3,12
5316,2232,3347,0.0,0.009999999776482582,2.0220413208007812,0.14600589871406555,0.14600589871406555,0.0014600589638575912,4,3,12
5317,3301,3347,0.0,0.009999999776482582,2.0220413208007812,0.14600589871406555,0.14600589871406555,0.0014600589638575912,4,3,12
5318,2233,3537,0.0,0.009999999776482582,6.595936298370361,0.7994194626808167,0.7994194626808167,0.007994194515049458,4,7,28
5319,2233,2234,0.0,0.009999999776482582,1.6581783294677734,0.09402547776699066,0.09402547776699066,0.0009402547730132937,4,2,8
5320,2234,3537,0.0,0.009999999776482582,6.595936298370361,0.7994194626808167,0.7994194626808167,0.007994194515049458,4,7,28
5321,2235,2236,0.0,0.009999999776482582,2.0772502422332764,0.1538928896188736,0.1538928896188736,0.0015389288309961557,4,3,12
5322,2236,4117,0.0,0.009999999776482582,2.0772502422332764,0.1538928896188736,0.1538928896188736,0.0015389288309961557,4,3,12
5323,2237,4117,0.0,0.009999999776482582,1.3606268167495728,0.051518116146326065,0.051518116146326065,0.0005151811637915671,4,2,8
5324,2237,3351,0.0,0.009999999776482582,4.757808685302734,0.5368298292160034,0.5368298292160034,0.005368298385292292,4,5,20
5325,2238,3097,0.0,0.009999999776482582,3.782565116882324,0.39750930666923523,0.39750930666923523,0.003975092899054289,4,4,16
5326,2238,4187,0.0,0.009999999776482582,3.782565116882324,0.39750930666923523,0.39750930666923523,0.003975092899054289,4,4,16
5327,2239,4187,0.0,0.009999999776482582,1.5010559558868408,0.07157941907644272,0.07157941907644272,0.0007157941581681371,4,2,8
5328,2239,2240,0.0,0.009999999776482582,1.5010559558868408,0.07157941907644272,0.07157941907644272,0.0007157941581681371,4,2,8
5329,2240,3351,0.0,0.009999999776482582,4.757808685302734,0.5368298292160034,0.5368298292160034,0.005368298385292292,4,5,20
5330,3351,4186,0.0,0.009999999776482582,4.757808685302734,0.5368298292160034,0.5368298292160034,0.005368298385292292,4,5,20
5331,4186,4337,0.0,0.009999999776482582,1.3481369018554688,0.04973384365439415,0.04973384365439415,0.0004973384202457964,4,2,8
5332,2241,4337,0.0,0.009999999776482582,3.305312395095825,0.32933035492897034,0.32933035492897034,0.0032933035399764776,4,4,16
5333,2241,4187,0.0,0.009999999776482582,3.305312395095825,0.32933035492897034,0.32933035492897034,0.0032933035399764776,4,4,16
5334,3032,4187,0.4999999701976776,0.5049999952316284,2.9218153953552246,0.2745450437068939,0.2745450437068939,0.1386452466249466,5,3,15
5335,2242,3032,0.0,0.009999999776482582,2.9218153953552246,0.2745450437068939,0.2745450437068939,0.002745450474321842,4,3,12
5336,2242,4187,0.0,0.009999999776482582,1.1925569772720337,0.027508139610290527,0.027508139610290527,0.00027508140192367136,4,2,8
5337,3032,4337,0.0,0.009999999776482582,2.9218153953552246,0.2745450437068939,0.2745450437068939,0.002745450474321842,4,3,12
5338,2243,4337,0.0,0.009999999776482582,1.2795817852020264,0.039940256625413895,0.039940256625413895,0.00039940254646353424,4,2,8
5339,3117,3554,0.0,0.009999999776482582,6.122890949249268,0.7318415641784668,0.7318415641784668,0.007318415679037571,4,7,28
5340,3481,3554,0.0,0.009999999776482582,1.7317039966583252,0.10452914237976074,0.10452914237976074,0.0010452914284542203,4,2,8
5341,3117,3481,0.0,0.009999999776482582,6.122890949249268,0.7318415641784668,0.7318415641784668,0.007318415679037571,4,7,28
5342,2244,3117,0.0,0.009999999776482582,6.122890949249268,0.7318415641784668,0.7318415641784668,0.007318415679037571,4,7,28
5343,2244,2245,0.0,0.009999999776482582,1.5671052932739258,0.08101504296064377,0.08101504296064377,0.0008101504063233733,4,2,8
5344,2245,3763,0.0,0.009999999776482582,3.2476119995117188,0.32108741998672485,0.32108741998672485,0.003210874041542411,4,4,16
5345,2246,3682,0.0,0.009999999776482582,2.8332624435424805,0.2618946433067322,0.2618946433067322,0.0026189463678747416,4,3,12
5346,2246,3795,0.0,0.009999999776482582,1.3071215152740479,0.043874502182006836,0.043874502182006836,0.0004387450171634555,4,2,8
5347,3682,3795,0.0,0.009999999776482582,2.8332624435424805,0.2618946433067322,0.2618946433067322,0.0026189463678747416,4,3,12
5348,2247,3465,0.0,0.009999999776482582,2.598896026611328,0.22841371595859528,0.22841371595859528,0.0022841370664536953,4,3,12
5349,2247,2248,0.0,0.009999999776482582,1.90818190574646,0.12974026799201965,0.12974026799201965,0.001297402661293745,4,2,8
5350,2248,3577,0.0,0.009999999776482582,4.356844425201416,0.47954919934272766,0.47954919934272766,0.004795491695404053,4,5,20
5351,2249,3081,0.0,0.009999999776482582,1.0000001192092896,1.7029899268550253e-08,1.7029899268550253e-08,1.7029898324860682e-10,4,2,8
5352,2249,2250,0.0,0.009999999776482582,1.0092031955718994,0.0013147422578185797,0.0013147422578185797,1.3147422578185797e-05,4,2,8
5353,2250,3315,0.0,0.009999999776482582,1.057117223739624,0.008159602992236614,0.008159602992236614,8.159603021340445e-05,4,2,8
5354,2251,3225,0.0,0.009999999776482582,6.652153015136719,0.8074504137039185,0.8074504137039185,0.0080745043233037,4,7,28
5355,2251,4637,0.0,0.009999999776482582,1.169071912765503,0.024153130128979683,0.024153130128979683,0.00024153129197657108,4,2,8
5356,3225,4637,0.0,0.009999999776482582,6.652153015136719,0.8074504137039185,0.8074504137039185,0.0080745043233037,4,7,28
5357,4188,4638,0.0,0.009999999776482582,1.7858734130859375,0.1122676283121109,0.1122676283121109,0.0011226763017475605,4,2,8
5358,2252,4188,0.0,0.009999999776482582,1.7858734130859375,0.1122676283121109,0.1122676283121109,0.0011226763017475605,4,2,8
5359,2252,4638,0.0,0.009999999776482582,1.7737665176391602,0.1105380728840828,0.1105380728840828,0.0011053807102143764,4,2,8
5360,2253,4638,0.0,0.009999999776482582,1.7737665176391602,0.1105380728840828,0.1105380728840828,0.0011053807102143764,4,2,8
5361,2253,4188,0.0,0.009999999776482582,1.7858734130859375,0.1122676283121109,0.1122676283121109,0.0011226763017475605,4,2,8
5362,3348,4328,0.0,0.009999999776482582,2.8790488243103027,0.268435537815094,0.268435537815094,0.0026843552477657795,4,3,12
5363,2254,4328,0.0,0.009999999776482582,1.42399263381958,0.060570377856492996,0.060570377856492996,0.0006057037389837205,4,2,8
5364,2254,4189,0.0,0.009999999776482582,1.2622672319412231,0.03746674582362175,0.03746674582362175,0.00037466746289283037,4,2,8
5365,3348,4189,0.0,0.009999999776482582,2.8790488243103027,0.268435537815094,0.268435537815094,0.0026843552477657795,4,3,12
5366,3348,3875,0.0,0.009999999776482582,2.8790488243103027,0.268435537815094,0.268435537815094,0.0026843552477657795,4,3,12
5367,2255,3875,0.0,0.009999999776482582,4.417382717132568,0.48819753527641296,0.48819753527641296,0.004881975241005421,4,5,20
5368,3348,4142,0.0,0.009999999776482582,2.8790488243103027,0.268435537815094,0.268435537815094,0.0026843552477657795,4,3,12
5369,2256,3033,0.0,0.009999999776482582,1.4605599641799927,0.06579428166151047,0.06579428166151047,0.000657942786347121,4,2,8
5370,2256,2257,0.0,0.009999999776482582,1.2963777780532837,0.04233968257904053,0.04233968257904053,0.0004233968211337924,4,2,8
5371,2257,2258,0.0,0.009999999776482582,1.618383526802063,0.08834050595760345,0.08834050595760345,0.0008834050386212766,4,2,8
5372,2258,4187,0.0,0.009999999776482582,1.618383526802063,0.08834050595760345,0.08834050595760345,0.0008834050386212766,4,2,8
5373,2259,4187,0.0,0.009999999776482582,1.1925569772720337,0.027508139610290527,0.027508139610290527,0.00027508140192367136,4,2,8
5374,2259,4190,0.0,0.009999999776482582,1.5961941480636597,0.08517058938741684,0.08517058938741684,0.0008517059031873941,4,2,8
5375,4190,4191,0.0,0.009999999776482582,1.5961941480636597,0.08517058938741684,0.08517058938741684,0.0008517059031873941,4,2,8
5376,2260,4191,0.0,0.009999999776482582,1.2813761234283447,0.04019659012556076,0.04019659012556076,0.0004019658954348415,4,2,8
5377,2260,4337,0.0,0.009999999776482582,1.1908962726593018,0.02727089636027813,0.02727089636027813,0.0002727089449763298,4,2,8
5378,3247,4337,0.0,0.009999999776482582,3.75626802444458,0.3937525749206543,0.3937525749206543,0.003937525674700737,4,4,16
5379,3033,4337,0.0,0.009999999776482582,1.4605599641799927,0.06579428166151047,0.06579428166151047,0.000657942786347121,4,2,8
5380,3033,3247,0.0,0.009999999776482582,3.75626802444458,0.3937525749206543,0.3937525749206543,0.003937525674700737,4,4,16
5381,4078,4192,0.0,0.009999999776482582,1.528487205505371,0.07549817115068436,0.07549817115068436,0.0007549817091785371,4,2,8
5382,4164,4192,0.0,0.009999999776482582,2.1785831451416016,0.16836902499198914,0.16836902499198914,0.0016836902359500527,4,3,12
5383,3229,3429,0.0,0.009999999776482582,1.3783814907073975,0.05405449867248535,0.05405449867248535,0.0005405449774116278,4,2,8
5384,3229,3301,0.0,0.009999999776482582,2.017831563949585,0.14540450274944305,0.14540450274944305,0.0014540449483320117,4,3,12
5385,4103,4640,0.0,0.009999999776482582,3.4390766620635986,0.3484395146369934,0.3484395146369934,0.0034843950998038054,4,4,16
5386,4639,4640,0.0,0.009999999776482582,1.6211624145507812,0.08873748779296875,0.08873748779296875,0.000887374859303236,4,2,8
5387,4038,4639,0.0,0.009999999776482582,3.800081729888916,0.40001168847084045,0.40001168847084045,0.004000116605311632,4,4,16
5388,2261,4103,0.0,0.009999999776482582,3.4390766620635986,0.3484395146369934,0.3484395146369934,0.0034843950998038054,4,4,16
5389,2261,4640,0.0,0.009999999776482582,1.5866198539733887,0.08380283415317535,0.08380283415317535,0.0008380283252336085,4,2,8
5390,2262,4258,0.0,0.009999999776482582,3.3398547172546387,0.33426496386528015,0.33426496386528015,0.0033426496665924788,4,4,16
5391,2262,3937,0.0,0.009999999776482582,2.1356160640716553,0.16223086416721344,0.16223086416721344,0.0016223086277022958,4,3,12
5392,3937,4258,0.0,0.009999999776482582,3.3398547172546387,0.33426496386528015,0.33426496386528015,0.0033426496665924788,4,4,16
5393,2263,3832,0.0,0.009999999776482582,2.6969387531280518,0.24241982400417328,0.24241982400417328,0.00242419820278883,4,3,12
5394,2263,2264,0.0,0.009999999776482582,2.5451388359069824,0.2207341194152832,0.2207341194152832,0.0022073411382734776,4,3,12
5395,2264,3591,0.0,0.009999999776482582,4.721456527709961,0.531636655330658,0.531636655330658,0.005316366441547871,4,5,20
5396,2265,3832,0.0,0.009999999776482582,2.6969387531280518,0.24241982400417328,0.24241982400417328,0.00242419820278883,4,3,12
5397,2265,4641,0.0,0.009999999776482582,2.08864426612854,0.15552060306072235,0.15552060306072235,0.0015552060212939978,4,3,12
5398,2266,4641,0.0,0.009999999776482582,1.259589433670044,0.03708420321345329,0.03708420321345329,0.00037084202631376684,4,2,8
5399,3405,4118,0.0,0.009999999776482582,1.0044164657592773,0.0006309236632660031,0.0006309236632660031,6.309236596280243e-06,4,2,8
5400,3406,4118,0.0,0.009999999776482582,1.0044164657592773,0.0006309236632660031,0.0006309236632660031,6.309236596280243e-06,4,2,8
5401,3081,3405,0.0,0.009999999776482582,1.0006771087646484,9.672982560005039e-05,9.672982560005039e-05,9.672982059782953e-07,4,2,8
5402,3385,3406,0.0,0.009999999776482582,1.0347704887390137,0.004967212677001953,0.004967212677001953,4.967212589690462e-05,4,2,8
5403,2267,2268,0.0,0.009999999776482582,4.242253303527832,0.4631790518760681,0.4631790518760681,0.004631790332496166,4,5,20
5404,2268,2269,0.0,0.009999999776482582,4.242253303527832,0.4631790518760681,0.4631790518760681,0.004631790332496166,4,5,20
5405,2269,2270,0.0,0.009999999776482582,1.936734676361084,0.13381923735141754,0.13381923735141754,0.0013381923781707883,4,2,8
5406,2270,2271,0.0,0.009999999776482582,1.6368775367736816,0.09098250418901443,0.09098250418901443,0.0009098250302486122,4,2,8
5407,2271,3034,0.0,0.009999999776482582,1.6368775367736816,0.09098250418901443,0.09098250418901443,0.0009098250302486122,4,2,8
5408,2272,3034,0.0,0.009999999776482582,1.4622492790222168,0.06603561341762543,0.06603561341762543,0.0006603561341762543,4,2,8
5409,2272,2273,0.0,0.009999999776482582,1.4622492790222168,0.06603561341762543,0.06603561341762543,0.0006603561341762543,4,2,8
5410,2273,3034,0.0,0.009999999776482582,1.306666612625122,0.04380951449275017,0.04380951449275017,0.0004380951286293566,4,2,8
5411,2274,3034,0.0,0.009999999776482582,1.4367924928665161,0.06239892914891243,0.06239892914891243,0.0006239892682060599,4,2,8
5412,2275,3856,0.0,0.009999999776482582,4.288557052612305,0.4697938561439514,0.4697938561439514,0.004697938449680805,4,5,20
5413,2275,2276,0.0,0.009999999776482582,2.127943992614746,0.16113485395908356,0.16113485395908356,0.0016113484743982553,4,3,12
5414,2276,3245,0.0,0.009999999776482582,2.827451229095459,0.26106446981430054,0.26106446981430054,0.002610644558444619,4,3,12
5415,2277,4162,0.0,0.009999999776482582,2.8172388076782227,0.2596055567264557,0.2596055567264557,0.0025960556231439114,4,3,12
5416,2277,3554,0.0,0.009999999776482582,1.7317039966583252,0.10452914237976074,0.10452914237976074,0.0010452914284542203,4,2,8
5417,3741,4338,0.0,0.009999999776482582,2.6432247161865234,0.23474638164043427,0.23474638164043427,0.0023474637418985367,4,3,12
5418,2278,4338,0.0,0.009999999776482582,2.6432247161865234,0.23474638164043427,0.23474638164043427,0.0023474637418985367,4,3,12
5419,2278,3472,0.0,0.009999999776482582,3.912785530090332,0.4161122143268585,0.4161122143268585,0.004161122255027294,4,4,16
5420,3335,4079,0.0,0.009999999776482582,7.126559734344482,0.8752228021621704,0.8752228021621704,0.008752227760851383,4,8,32
5421,4003,4079,0.0,0.009999999776482582,4.180234909057617,0.4543192684650421,0.4543192684650421,0.004543192684650421,4,5,20
5422,2279,3117,0.0,0.009999999776482582,6.122890949249268,0.7318415641784668,0.7318415641784668,0.007318415679037571,4,7,28
5423,2279,2280,0.0,0.009999999776482582,1.266088604927063,0.038012657314538956,0.038012657314538956,0.0003801265556830913,4,2,8
5424,2280,3117,0.0,0.009999999776482582,6.122890949249268,0.7318415641784668,0.7318415641784668,0.007318415679037571,4,7,28
5425,3257,4132,0.0,0.009999999776482582,6.181303024291992,0.7401861548423767,0.7401861548423767,0.007401861250400543,4,7,28
5426,3257,3356,0.0,0.009999999776482582,2.6947274208068848,0.2421039193868637,0.2421039193868637,0.002421039156615734,4,3,12
5427,2281,4132,0.0,0.009999999776482582,6.181303024291992,0.7401861548423767,0.7401861548423767,0.007401861250400543,4,7,28
5428,2281,3934,0.0,0.009999999776482582,1.6441482305526733,0.09202117472887039,0.09202117472887039,0.0009202117216773331,4,2,8
5429,3934,4132,0.0,0.009999999776482582,6.181303024291992,0.7401861548423767,0.7401861548423767,0.007401861250400543,4,7,28
5430,2282,3335,0.0,0.009999999776482582,7.126559734344482,0.8752228021621704,0.8752228021621704,0.008752227760851383,4,8,32
5431,2282,3035,0.0,0.009999999776482582,1.194620966911316,0.02780299447476864,0.02780299447476864,0.0002780299400910735,4,2,8
5432,2283,3035,0.0,0.009999999776482582,1.1933388710021973,0.02761983871459961,0.02761983871459961,0.00027619837783277035,4,2,8
5433,2283,4120,0.0,0.009999999776482582,1.578450083732605,0.08263572305440903,0.08263572305440903,0.000826357223559171,4,2,8
5434,2284,4120,0.0,0.009999999776482582,1.578450083732605,0.08263572305440903,0.08263572305440903,0.000826357223559171,4,2,8
5435,2284,3730,0.0,0.009999999776482582,1.5443825721740723,0.07776893675327301,0.07776893675327301,0.0007776893326081336,4,2,8
5436,3730,4642,0.0,0.009999999776482582,2.0603582859039307,0.15147975087165833,0.15147975087165833,0.001514797448180616,4,3,12
5437,3335,4642,0.0,0.009999999776482582,7.126559734344482,0.8752228021621704,0.8752228021621704,0.008752227760851383,4,8,32
5438,2285,3241,0.0,0.009999999776482582,1.80743408203125,0.1153477281332016,0.1153477281332016,0.0011534772347658873,4,2,8
5439,2285,3421,0.0,0.009999999776482582,5.032994270324707,0.5761420130729675,0.5761420130729675,0.005761419888585806,4,6,24
5440,3096,3335,0.0,0.009999999776482582,7.126559734344482,0.8752228021621704,0.8752228021621704,0.008752227760851383,4,8,32
5441,3096,3730,0.0,0.009999999776482582,1.6660032272338867,0.09514331817626953,0.09514331817626953,0.0009514331468380988,4,2,8
5442,3438,3730,0.0,0.009999999776482582,3.0603084564208984,0.29432979226112366,0.29432979226112366,0.0029432978481054306,4,4,16
5443,2286,3335,0.0,0.009999999776482582,7.126559734344482,0.8752228021621704,0.8752228021621704,0.008752227760851383,4,8,32
5444,2286,2287,0.0,0.009999999776482582,1.042585015296936,0.006083573680371046,0.006083573680371046,6.083573680371046e-05,4,2,8
5445,2287,3428,0.0,0.009999999776482582,1.3672858476638794,0.0524694062769413,0.0524694062769413,0.0005246940418146551,4,2,8
5446,2288,3335,0.0,0.009999999776482582,7.126559734344482,0.8752228021621704,0.8752228021621704,0.008752227760851383,4,8,32
5447,2288,4642,0.0,0.009999999776482582,2.0603582859039307,0.15147975087165833,0.15147975087165833,0.001514797448180616,4,3,12
5448,4139,4642,0.0,0.009999999776482582,2.0603582859039307,0.15147975087165833,0.15147975087165833,0.001514797448180616,4,3,12
5449,3335,4139,0.0,0.009999999776482582,7.126559734344482,0.8752228021621704,0.8752228021621704,0.008752227760851383,4,8,32
5450,3335,4196,0.0,0.009999999776482582,7.126559734344482,0.8752228021621704,0.8752228021621704,0.008752227760851383,4,8,32
5451,4139,4196,0.0,0.009999999776482582,2.038297653198242,0.14832822978496552,0.14832822978496552,0.001483282307162881,4,3,12
5452,3428,4139,0.0,0.009999999776482582,2.038297653198242,0.14832822978496552,0.14832822978496552,0.001483282307162881,4,3,12
5453,2289,3335,0.0,0.009999999776482582,7.126559734344482,0.8752228021621704,0.8752228021621704,0.008752227760851383,4,8,32
5454,2289,3036,0.0,0.009999999776482582,1.766629695892334,0.10951852798461914,0.10951852798461914,0.0010951852891594172,4,2,8
5455,3036,3421,0.0,0.009999999776482582,5.032994270324707,0.5761420130729675,0.5761420130729675,0.005761419888585806,4,6,24
5456,2290,3421,0.0,0.009999999776482582,5.032994270324707,0.5761420130729675,0.5761420130729675,0.005761419888585806,4,6,24
5457,2290,2291,0.0,0.009999999776482582,1.1747441291809082,0.02496344782412052,0.02496344782412052,0.00024963446776382625,4,2,8
5458,2291,3421,0.0,0.009999999776482582,5.032994270324707,0.5761420130729675,0.5761420130729675,0.005761419888585806,4,6,24
5459,2292,3421,0.0,0.009999999776482582,5.032994270324707,0.5761420130729675,0.5761420130729675,0.005761419888585806,4,6,24
5460,2292,2293,0.0,0.009999999776482582,1.2033246755599976,0.029046382755041122,0.029046382755041122,0.00029046382405795157,4,2,8
5461,2293,3421,0.0,0.009999999776482582,5.032994270324707,0.5761420130729675,0.5761420130729675,0.005761419888585806,4,6,24
5462,2294,3089,0.0,0.009999999776482582,1.0538047552108765,0.007686393801122904,0.007686393801122904,7.686393655603752e-05,4,2,8
5463,2294,2295,0.0,0.009999999776482582,1.2888100147247314,0.04125857353210449,0.04125857353210449,0.00041258573764935136,4,2,8
5464,2295,3138,0.0,0.009999999776482582,6.455972671508789,0.7794246673583984,0.7794246673583984,0.007794246543198824,4,7,28
5465,2296,3513,0.0,0.009999999776482582,4.218679904937744,0.45981141924858093,0.45981141924858093,0.004598114173859358,4,5,20
5466,2296,2297,0.0,0.009999999776482582,1.3223453760147095,0.0460493378341198,0.0460493378341198,0.00046049337834119797,4,2,8
5467,2297,3513,0.0,0.009999999776482582,4.218679904937744,0.45981141924858093,0.45981141924858093,0.004598114173859358,4,5,20
5468,2298,4643,0.0,0.009999999776482582,1.016240119934082,0.0023200171999633312,0.0023200171999633312,2.3200171199277975e-05,4,2,8
5469,2298,2299,0.0,0.009999999776482582,1.0894855260849,0.012783646583557129,0.012783646583557129,0.00012783646525349468,4,2,8
5470,2299,4643,0.0,0.009999999776482582,1.0894855260849,0.012783646583557129,0.012783646583557129,0.00012783646525349468,4,2,8
5471,2300,4199,0.0,0.009999999776482582,1.672996997833252,0.09614242613315582,0.09614242613315582,0.0009614242590032518,4,2,8
5472,3100,4129,0.0,0.009999999776482582,6.839209079742432,0.8341727256774902,0.8341727256774902,0.00834172684699297,4,7,28
5473,3736,4129,0.0,0.009999999776482582,1.6482462882995605,0.09260661154985428,0.09260661154985428,0.0009260660735890269,4,2,8
5474,2301,3736,0.0,0.009999999776482582,1.6482462882995605,0.09260661154985428,0.09260661154985428,0.0009260660735890269,4,2,8
5475,2301,3252,0.0,0.009999999776482582,5.835938930511475,0.6908484101295471,0.6908484101295471,0.006908483803272247,4,6,24
5476,3252,4644,0.0,0.009999999776482582,5.835938930511475,0.6908484101295471,0.6908484101295471,0.006908483803272247,4,6,24
5477,4199,4644,0.4999999701976776,0.5049999952316284,1.672996997833252,0.09614242613315582,0.09614242613315582,0.04855192452669144,5,2,10
5478,3497,4129,0.0,0.009999999776482582,5.646668434143066,0.6638097763061523,0.6638097763061523,0.0066380975767970085,4,6,24
5479,3208,4199,0.0,0.009999999776482582,6.996101379394531,0.8565859198570251,0.8565859198570251,0.00856585893779993,4,7,28
5480,3208,4644,0.0,0.009999999776482582,6.996101379394531,0.8565859198570251,0.8565859198570251,0.00856585893779993,4,7,28
5481,2302,4644,0.0,0.009999999776482582,1.3844828605651855,0.05492612347006798,0.05492612347006798,0.000549261225387454,4,2,8
5482,2302,3736,0.0,0.009999999776482582,1.6482462882995605,0.09260661154985428,0.09260661154985428,0.0009260660735890269,4,2,8
5483,3100,3736,0.0,0.009999999776482582,6.839209079742432,0.8341727256774902,0.8341727256774902,0.00834172684699297,4,7,28
5484,2303,4199,0.0,0.009999999776482582,1.672996997833252,0.09614242613315582,0.09614242613315582,0.0009614242590032518,4,2,8
5485,2303,3100,0.0,0.009999999776482582,6.839209079742432,0.8341727256774902,0.8341727256774902,0.00834172684699297,4,7,28
5486,2304,3180,0.0,0.009999999776482582,1.4193865060806274,0.05991235747933388,0.05991235747933388,0.0005991235375404358,4,2,8
5487,2304,4644,0.0,0.009999999776482582,1.3361170291900635,0.04801671952009201,0.04801671952009201,0.000480167189380154,4,2,8
5488,3100,4644,0.0,0.009999999776482582,6.839209079742432,0.8341727256774902,0.8341727256774902,0.00834172684699297,4,7,28
5489,2305,3037,0.0,0.009999999776482582,1.3791273832321167,0.05416105315089226,0.05416105315089226,0.0005416105268523097,4,2,8
5490,2305,2306,0.0,0.009999999776482582,1.3791273832321167,0.05416105315089226,0.05416105315089226,0.0005416105268523097,4,2,8
5491,2306,3783,0.0,0.009999999776482582,1.3332189321517944,0.04760270565748215,0.04760270565748215,0.0004760270530823618,4,2,8
5492,2307,3783,0.0,0.009999999776482582,1.3332189321517944,0.04760270565748215,0.04760270565748215,0.0004760270530823618,4,2,8
5493,2307,2308,0.0,0.009999999776482582,1.0904345512390137,0.012919222004711628,0.012919222004711628,0.00012919222353957593,4,2,8
5494,2308,2309,0.0,0.009999999776482582,1.0455318689346313,0.0065045529045164585,0.0065045529045164585,6.504552584374323e-05,4,2,8
5495,2309,3325,0.0,0.009999999776482582,1.1670832633972168,0.023869037628173828,0.023869037628173828,0.0002386903652222827,4,2,8
5496,2310,2311,0.0,0.009999999776482582,1.0815913677215576,0.011655909940600395,0.011655909940600395,0.00011655909474939108,4,2,8
5497,2311,2312,0.0,0.009999999776482582,1.3302652835845947,0.04718075320124626,0.04718075320124626,0.00047180752153508365,4,2,8
5498,2312,2313,0.0,0.009999999776482582,1.3302652835845947,0.04718075320124626,0.04718075320124626,0.00047180752153508365,4,2,8
5499,2313,2314,0.0,0.009999999776482582,1.2465242147445679,0.03521774336695671,0.03521774336695671,0.0003521774196997285,4,2,8
5500,2314,2315,0.0,0.009999999776482582,1.2465242147445679,0.03521774336695671,0.03521774336695671,0.0003521774196997285,4,2,8
5501,2315,3783,0.0,0.009999999776482582,1.3332189321517944,0.04760270565748215,0.04760270565748215,0.0004760270530823618,4,2,8
5502,2316,3100,0.0,0.009999999776482582,6.839209079742432,0.8341727256774902,0.8341727256774902,0.00834172684699297,4,7,28
5503,2316,3037,0.0,0.009999999776482582,1.4560624361038208,0.06515177339315414,0.06515177339315414,0.0006515177083201706,4,2,8
5504,2317,3037,0.0,0.009999999776482582,1.1500205993652344,0.021431514993309975,0.021431514993309975,0.00021431515051517636,4,2,8
5505,2318,3793,0.0,0.009999999776482582,1.4154267311096191,0.059346675872802734,0.059346675872802734,0.0005934667424298823,4,2,8
5506,2318,3225,0.0,0.009999999776482582,6.652153015136719,0.8074504137039185,0.8074504137039185,0.0080745043233037,4,7,28
5507,3038,3225,0.0,0.009999999776482582,6.652153015136719,0.8074504137039185,0.8074504137039185,0.0080745043233037,4,7,28
5508,3038,3039,0.0,0.009999999776482582,1.07725989818573,0.011037128046154976,0.011037128046154976,0.00011037127842428163,4,2,8
5509,3039,3040,0.4999999701976776,0.5049999952316284,1.1447734832763672,0.020681926980614662,0.020681926980614662,0.01044437289237976,5,2,10
5510,3040,3225,0.4999999701976776,0.5049999952316284,6.652153015136719,0.8074504137039185,0.8074504137039185,0.40776246786117554,5,7,35
5511,3039,3225,0.0,0.009999999776482582,6.652153015136719,0.8074504137039185,0.8074504137039185,0.0080745043233037,4,7,28
5512,3208,3724,0.4999999701976776,0.5049999952316284,6.996101379394531,0.8565859198570251,0.8565859198570251,0.43257588148117065,5,7,35
5513,3724,3756,0.4999999701976776,0.5049999952316284,2.0290699005126953,0.1470099836587906,0.1470099836587906,0.07424004375934601,5,3,15
5514,3208,3756,0.4999999701976776,0.5049999952316284,6.996101379394531,0.8565859198570251,0.8565859198570251,0.43257588148117065,5,7,35
5515,3208,3748,0.4999999701976776,0.5049999952316284,6.996101379394531,0.8565859198570251,0.8565859198570251,0.43257588148117065,5,7,35
5516,2319,4645,0.0,0.009999999776482582,1.3121788501739502,0.04459697753190994,0.04459697753190994,0.00044596975203603506,4,2,8
5517,2319,4201,0.0,0.009999999776482582,1.1613236665725708,0.023046238347887993,0.023046238347887993,0.00023046237765811384,4,2,8
5518,2320,4201,0.0,0.009999999776482582,1.1871700286865234,0.026738574728369713,0.026738574728369713,0.0002673857379704714,4,2,8
5519,2320,4645,0.0,0.009999999776482582,1.3121788501739502,0.04459697753190994,0.04459697753190994,0.00044596975203603506,4,2,8
5520,2321,4645,0.0,0.009999999776482582,2.9322292804718018,0.2760327458381653,0.2760327458381653,0.00276032742112875,4,3,12
5521,2321,2322,0.0,0.009999999776482582,2.9322292804718018,0.2760327458381653,0.2760327458381653,0.00276032742112875,4,3,12
5522,2322,2323,0.0,0.009999999776482582,1.92145574092865,0.13163653016090393,0.13163653016090393,0.0013163653202354908,4,2,8
5523,2323,3759,0.0,0.009999999776482582,2.4370198249816895,0.20528854429721832,0.20528854429721832,0.002052885480225086,4,3,12
5524,2324,3121,0.0,0.009999999776482582,1.0736585855484009,0.010522655211389065,0.010522655211389065,0.00010522655065869913,4,2,8
5525,2324,2325,0.0,0.009999999776482582,1.2348968982696533,0.03355669975280762,0.03355669975280762,0.00033556699054315686,4,2,8
5526,2325,3121,0.0,0.009999999776482582,1.2348968982696533,0.03355669975280762,0.03355669975280762,0.00033556699054315686,4,2,8
5527,2326,4274,0.0,0.009999999776482582,3.2902238368988037,0.3271748423576355,0.3271748423576355,0.003271748311817646,4,4,16
5528,2326,2327,0.0,0.009999999776482582,1.9824011325836182,0.14034302532672882,0.14034302532672882,0.0014034302439540625,4,2,8
5529,2327,4274,0.0,0.009999999776482582,3.2902238368988037,0.3271748423576355,0.3271748423576355,0.003271748311817646,4,4,16
5530,2328,4274,0.0,0.009999999776482582,3.2902238368988037,0.3271748423576355,0.3271748423576355,0.003271748311817646,4,4,16
5531,2328,2329,0.0,0.009999999776482582,1.525433897972107,0.07506198436021805,0.07506198436021805,0.0007506198016926646,4,2,8
5532,2329,3176,0.0,0.009999999776482582,3.1530306339263916,0.3075757920742035,0.3075757920742035,0.0030757577624171972,4,4,16
5533,2330,4274,0.0,0.009999999776482582,3.2902238368988037,0.3271748423576355,0.3271748423576355,0.003271748311817646,4,4,16
5534,2330,2331,0.0,0.009999999776482582,1.1874350309371948,0.026776432991027832,0.026776432991027832,0.0002677643205970526,4,2,8
5535,2331,2332,0.0,0.009999999776482582,1.1874350309371948,0.026776432991027832,0.026776432991027832,0.0002677643205970526,4,2,8
5536,2332,3176,0.0,0.009999999776482582,3.1530306339263916,0.3075757920742035,0.3075757920742035,0.0030757577624171972,4,4,16
5537,2333,3041,0.0,0.009999999776482582,1.3444733619689941,0.049210481345653534,0.049210481345653534,0.0004921047948300838,4,2,8
5538,2333,2334,0.0,0.009999999776482582,2.3823673725128174,0.19748105108737946,0.19748105108737946,0.001974810380488634,4,3,12
5539,2334,3435,0.0,0.009999999776482582,2.3823673725128174,0.19748105108737946,0.19748105108737946,0.001974810380488634,4,3,12
5540,329,2335,0.0,0.009999999776482582,2.680636167526245,0.24009087681770325,0.24009087681770325,0.0024009086191654205,4,3,12
5541,2335,2336,0.0,0.009999999776482582,2.680636167526245,0.24009087681770325,0.24009087681770325,0.0024009086191654205,4,3,12
5542,2336,3320,0.0,0.009999999776482582,2.472057342529297,0.21029390394687653,0.21029390394687653,0.002102938946336508,4,3,12
5543,3133,3177,0.0,0.009999999776482582,5.108450889587402,0.5869215726852417,0.5869215726852417,0.0058692158199846745,4,6,24
5544,2337,2338,0.0,0.009999999776482582,1.1567435264587402,0.02239193208515644,0.02239193208515644,0.00022391931270249188,4,2,8
5545,2338,2339,0.0,0.009999999776482582,2.6194355487823486,0.2313479334115982,0.2313479334115982,0.0023134793154895306,4,3,12
5546,2339,3319,0.0,0.009999999776482582,2.6194355487823486,0.2313479334115982,0.2313479334115982,0.0023134793154895306,4,3,12
5547,3179,4132,0.4999999701976776,0.5049999952316284,6.181303024291992,0.7401861548423767,0.7401861548423767,0.3737940192222595,5,7,35
5548,3179,4232,0.0,0.009999999776482582,1.9922608137130737,0.14175154268741608,0.14175154268741608,0.0014175154501572251,4,2,8
5549,4003,4232,0.0,0.009999999776482582,4.180234909057617,0.4543192684650421,0.4543192684650421,0.004543192684650421,4,5,20
5550,3368,4132,1.0,1.0,6.181303024291992,0.7401861548423767,0.7401861548423767,0.7401861548423767,5,7,35
5551,3368,4213,1.0,1.0,2.181743621826172,0.16882051527500153,0.16882051527500153,0.16882051527500153,5,3,15
5552,2340,4132,0.0,0.009999999776482582,6.181303024291992,0.7401861548423767,0.7401861548423767,0.007401861250400543,4,7,28
5553,2340,4232,0.0,0.009999999776482582,1.9922608137130737,0.14175154268741608,0.14175154268741608,0.0014175154501572251,4,2,8
5554,3368,4232,0.0,0.009999999776482582,1.9922608137130737,0.14175154268741608,0.14175154268741608,0.0014175154501572251,4,2,8
5555,3715,4232,0.0,0.009999999776482582,2.220487356185913,0.17435534298419952,0.17435534298419952,0.001743553439155221,4,3,12
5556,3543,4232,0.0,0.009999999776482582,1.9922608137130737,0.14175154268741608,0.14175154268741608,0.0014175154501572251,4,2,8
5557,3543,4132,0.0,0.009999999776482582,6.181303024291992,0.7401861548423767,0.7401861548423767,0.007401861250400543,4,7,28
5558,2341,4646,0.0,0.009999999776482582,1.1299307346343994,0.018561532720923424,0.018561532720923424,0.0001856153248809278,4,2,8
5559,2341,2342,0.0,0.009999999776482582,1.1463353633880615,0.02090505138039589,0.02090505138039589,0.0002090505149681121,4,2,8
5560,2342,3516,0.0,0.009999999776482582,1.4216166734695435,0.06023095175623894,0.06023095175623894,0.0006023094756528735,4,2,8
5561,2343,3573,0.0,0.009999999776482582,2.5631766319274902,0.2233109474182129,0.2233109474182129,0.002233109436929226,4,3,12
5562,2343,2344,0.0,0.009999999776482582,1.3127593994140625,0.0446799136698246,0.0446799136698246,0.0004467991238925606,4,2,8
5563,2344,3573,0.0,0.009999999776482582,2.5631766319274902,0.2233109474182129,0.2233109474182129,0.002233109436929226,4,3,12
5564,3350,4203,0.0,0.009999999776482582,1.6704882383346558,0.095784030854702,0.095784030854702,0.0009578402969054878,4,2,8
5565,2345,4203,0.0,0.009999999776482582,1.3644325733184814,0.05206179618835449,0.05206179618835449,0.0005206179339438677,4,2,8
5566,2345,3216,0.0,0.009999999776482582,1.9435302019119263,0.13479003310203552,0.13479003310203552,0.0013479002518579364,4,2,8
5567,3218,3268,0.0,0.009999999776482582,2.618976354598999,0.2312823385000229,0.2312823385000229,0.0023128234315663576,4,3,12
5568,3108,3218,0.0,0.009999999776482582,2.5049400329589844,0.21499143540859222,0.21499143540859222,0.0021499143913388252,4,3,12
5569,3108,4206,0.0,0.009999999776482582,2.4499049186706543,0.20712926983833313,0.20712926983833313,0.002071292605251074,4,3,12
5570,3218,4206,0.0,0.009999999776482582,2.5049400329589844,0.21499143540859222,0.21499143540859222,0.0021499143913388252,4,3,12
5571,3218,3325,0.0,0.009999999776482582,2.5049400329589844,0.21499143540859222,0.21499143540859222,0.0021499143913388252,4,3,12
5572,2346,4207,0.0,0.009999999776482582,1.195032000541687,0.027861714363098145,0.027861714363098145,0.00027861713897436857,4,2,8
5573,2346,2347,0.0,0.009999999776482582,1.6581716537475586,0.09402452409267426,0.09402452409267426,0.0009402452269569039,4,2,8
5574,2347,4207,0.0,0.009999999776482582,1.6581716537475586,0.09402452409267426,0.09402452409267426,0.0009402452269569039,4,2,8
5575,2348,3163,0.0,0.009999999776482582,2.195960521697998,0.17085149884223938,0.17085149884223938,0.0017085149884223938,4,3,12
5576,2348,2349,0.0,0.009999999776482582,1.027728796005249,0.003961256705224514,0.003961256705224514,3.961256516049616e-05,4,2,8
5577,2349,3250,0.0,0.009999999776482582,6.943184852600098,0.8490263819694519,0.8490263819694519,0.008490263484418392,4,7,28
5578,2350,3253,0.0,0.009999999776482582,1.1119673252105713,0.015995332971215248,0.015995332971215248,0.00015995332796592265,4,2,8
5579,2350,2351,0.0,0.009999999776482582,1.2193453311920166,0.031335048377513885,0.031335048377513885,0.00031335046514868736,4,2,8
5580,2351,2352,0.0,0.009999999776482582,2.3855514526367188,0.19793592393398285,0.19793592393398285,0.0019793591927736998,4,3,12
5581,2352,4209,0.0,0.009999999776482582,2.3855514526367188,0.19793592393398285,0.19793592393398285,0.0019793591927736998,4,3,12
5582,2353,4209,0.0,0.009999999776482582,1.428615927696228,0.061230845749378204,0.061230845749378204,0.0006123084458522499,4,2,8
5583,2353,2354,0.0,0.009999999776482582,1.3983895778656006,0.056912798434495926,0.056912798434495926,0.0005691279657185078,4,2,8
5584,2354,2355,0.0,0.009999999776482582,1.1790224313735962,0.025574633851647377,0.025574633851647377,0.00025574633036740124,4,2,8
5585,2355,3432,0.0,0.009999999776482582,2.335797071456909,0.19082815945148468,0.19082815945148468,0.001908281585201621,4,3,12
5586,2356,3848,0.0,0.009999999776482582,3.0291638374328613,0.28988054394721985,0.28988054394721985,0.002898805309087038,4,4,16
5587,2356,2357,0.0,0.009999999776482582,1.4396977424621582,0.06281396001577377,0.06281396001577377,0.000628139590844512,4,2,8
5588,2357,2358,0.0,0.009999999776482582,1.4396977424621582,0.06281396001577377,0.06281396001577377,0.000628139590844512,4,2,8
5589,2358,3848,0.0,0.009999999776482582,3.0291638374328613,0.28988054394721985,0.28988054394721985,0.002898805309087038,4,4,16
5590,2359,3452,0.0,0.009999999776482582,2.8808608055114746,0.2686944007873535,0.2686944007873535,0.0026869438588619232,4,3,12
5591,2359,3042,0.0,0.009999999776482582,1.8361320495605469,0.11944743245840073,0.11944743245840073,0.0011944742873311043,4,2,8
5592,3042,3452,0.0,0.009999999776482582,2.8808608055114746,0.2686944007873535,0.2686944007873535,0.0026869438588619232,4,3,12
5593,2360,3128,0.0,0.009999999776482582,1.8325238227844238,0.11893197149038315,0.11893197149038315,0.0011893196497112513,4,2,8
5594,2360,2361,0.0,0.009999999776482582,1.1203540563583374,0.01719343662261963,0.01719343662261963,0.00017193435633089393,4,2,8
5595,2361,3128,0.0,0.009999999776482582,1.8325238227844238,0.11893197149038315,0.11893197149038315,0.0011893196497112513,4,2,8
5596,3199,3320,0.0,0.009999999776482582,2.2862374782562256,0.18374821543693542,0.18374821543693542,0.001837482093833387,4,3,12
5597,3043,3319,0.0,0.009999999776482582,1.3847570419311523,0.054965291172266006,0.054965291172266006,0.0005496529047377408,4,2,8
5598,2362,3043,0.0,0.009999999776482582,1.2120858430862427,0.030297977849841118,0.030297977849841118,0.0003029797808267176,4,2,8
5599,2362,3102,0.0,0.009999999776482582,1.5925798416137695,0.08465426415205002,0.08465426415205002,0.0008465426508337259,4,2,8
5600,2363,3924,0.0,0.009999999776482582,1.9983717203140259,0.14262452721595764,0.14262452721595764,0.0014262452023103833,4,2,8
5601,2363,3427,0.0,0.009999999776482582,1.4834166765213013,0.06905952841043472,0.06905952841043472,0.0006905952468514442,4,2,8
5602,3208,3925,0.0,0.009999999776482582,6.996101379394531,0.8565859198570251,0.8565859198570251,0.00856585893779993,4,7,28
5603,3925,4049,0.0,0.009999999776482582,2.0065648555755615,0.143794983625412,0.143794983625412,0.001437949831597507,4,3,12
5604,3427,4049,0.4999999701976776,0.5049999952316284,2.0002801418304443,0.14289715886116028,0.14289715886116028,0.07216306775808334,5,3,15
5605,3279,4049,0.0,0.009999999776482582,2.0002801418304443,0.14289715886116028,0.14289715886116028,0.0014289715327322483,4,3,12
5606,4075,4567,0.4999999701976776,0.5049999952316284,1.2359325885772705,0.03370465710759163,0.03370465710759163,0.017020851373672485,5,2,10
5607,4075,4647,0.4999999701976776,0.5049999952316284,1.325061321258545,0.046437330543994904,0.046437330543994904,0.023450851440429688,5,2,10
5608,4567,4647,0.4999999701976776,0.5049999952316284,1.325061321258545,0.046437330543994904,0.046437330543994904,0.023450851440429688,5,2,10
5609,3225,4648,0.0,0.009999999776482582,6.652153015136719,0.8074504137039185,0.8074504137039185,0.0080745043233037,4,7,28
5610,2364,4648,0.0,0.009999999776482582,1.0393335819244385,0.0056190830655395985,0.0056190830655395985,5.619083094643429e-05,4,2,8
5611,2364,4567,0.0,0.009999999776482582,1.0636532306671143,0.009093319065868855,0.009093319065868855,9.093318658415228e-05,4,2,8
5612,2365,3174,0.0,0.009999999776482582,1.751617431640625,0.1073739156126976,0.1073739156126976,0.0010737391421571374,4,2,8
5613,2365,2366,0.0,0.009999999776482582,3.535005807876587,0.36214369535446167,0.36214369535446167,0.0036214368883520365,4,4,16
5614,2366,4329,0.0,0.009999999776482582,3.535005807876587,0.36214369535446167,0.36214369535446167,0.0036214368883520365,4,4,16
5615,2367,3280,0.0,0.009999999776482582,1.9282169342041016,0.13260242342948914,0.13260242342948914,0.0013260241830721498,4,2,8
5616,2367,3948,0.0,0.009999999776482582,1.3679018020629883,0.05255740135908127,0.05255740135908127,0.0005255740252323449,4,2,8
5617,2368,3948,0.0,0.009999999776482582,1.3679018020629883,0.05255740135908127,0.05255740135908127,0.0005255740252323449,4,2,8
5618,2368,3472,0.0,0.009999999776482582,3.912785530090332,0.4161122143268585,0.4161122143268585,0.004161122255027294,4,4,16
5619,2369,4034,0.0,0.009999999776482582,2.4951164722442627,0.21358807384967804,0.21358807384967804,0.002135880757123232,4,3,12
5620,2369,2370,0.0,0.009999999776482582,1.2519396543502808,0.035991378128528595,0.035991378128528595,0.000359913770807907,4,2,8
5621,2370,4034,0.0,0.009999999776482582,2.4951164722442627,0.21358807384967804,0.21358807384967804,0.002135880757123232,4,3,12
5622,2371,4050,0.0,0.009999999776482582,1.981231689453125,0.1401759535074234,0.1401759535074234,0.0014017594512552023,4,2,8
5623,2371,3427,0.0,0.009999999776482582,1.9439671039581299,0.13485243916511536,0.13485243916511536,0.0013485243543982506,4,2,8
5624,3044,4649,0.0,0.009999999776482582,1.9447300434112549,0.13496144115924835,0.13496144115924835,0.0013496143510565162,4,2,8
5625,3044,3045,0.0,0.009999999776482582,1.4546873569488525,0.06495533883571625,0.06495533883571625,0.0006495533743873239,4,2,8
5626,3045,3240,0.0,0.009999999776482582,2.114314556121826,0.15918779373168945,0.15918779373168945,0.0015918778954073787,4,3,12
5627,3177,3240,0.0,0.009999999776482582,2.114314556121826,0.15918779373168945,0.15918779373168945,0.0015918778954073787,4,3,12
5628,3177,4649,0.4999999701976776,0.5049999952316284,1.9447300434112549,0.13496144115924835,0.13496144115924835,0.06815552711486816,5,2,10
5629,4211,4649,1.0,1.0,1.9447300434112549,0.13496144115924835,0.13496144115924835,0.13496144115924835,5,2,10
5630,3044,4211,0.0,0.009999999776482582,1.3945071697235107,0.05635816603899002,0.05635816603899002,0.000563581648748368,4,2,8
5631,3044,3240,0.0,0.009999999776482582,2.114314556121826,0.15918779373168945,0.15918779373168945,0.0015918778954073787,4,3,12
5632,4201,4211,1.0,1.0,1.1613236665725708,0.023046238347887993,0.023046238347887993,0.023046238347887993,5,2,10
5633,3240,4201,0.0,0.009999999776482582,2.114314556121826,0.15918779373168945,0.15918779373168945,0.0015918778954073787,4,3,12
5634,4649,4650,1.0,1.0,1.9447300434112549,0.13496144115924835,0.13496144115924835,0.13496144115924835,5,2,10
5635,4650,4651,1.0,1.0,1.2693442106246948,0.03847774490714073,0.03847774490714073,0.03847774490714073,5,2,10
5636,4649,4651,1.0,1.0,1.9447300434112549,0.13496144115924835,0.13496144115924835,0.13496144115924835,5,2,10
5637,2372,4651,0.0,0.009999999776482582,1.6320312023162842,0.09029017388820648,0.09029017388820648,0.0009029016946442425,4,2,8
5638,2372,2373,0.0,0.009999999776482582,2.6771903038024902,0.2395986169576645,0.2395986169576645,0.0023959861136972904,4,3,12
5639,2373,4649,0.0,0.009999999776482582,2.6771903038024902,0.2395986169576645,0.2395986169576645,0.0023959861136972904,4,3,12
5640,4211,4650,0.0,0.009999999776482582,1.2604844570159912,0.0372120663523674,0.0372120663523674,0.0003721206448972225,4,2,8
5641,4211,4651,1.0,1.0,1.2693442106246948,0.03847774490714073,0.03847774490714073,0.03847774490714073,5,2,10
5642,4201,4649,1.0,1.0,1.9447300434112549,0.13496144115924835,0.13496144115924835,0.13496144115924835,5,2,10
5643,4201,4651,0.4999999701976776,0.5049999952316284,1.2693442106246948,0.03847774490714073,0.03847774490714073,0.019431261345744133,5,2,10
5644,3045,4201,0.0,0.009999999776482582,1.4546873569488525,0.06495533883571625,0.06495533883571625,0.0006495533743873239,4,2,8
5645,3045,4649,0.0,0.009999999776482582,1.9447300434112549,0.13496144115924835,0.13496144115924835,0.0013496143510565162,4,2,8
5646,2374,4211,0.0,0.009999999776482582,1.1292619705200195,0.01846599578857422,0.01846599578857422,0.00018465994799043983,4,2,8
5647,2374,4649,0.0,0.009999999776482582,1.9447300434112549,0.13496144115924835,0.13496144115924835,0.0013496143510565162,4,2,8
5648,2375,3315,0.0,0.009999999776482582,1.326073169708252,0.04658188298344612,0.04658188298344612,0.00046581882634200156,4,2,8
5649,2375,2376,0.0,0.009999999776482582,1.326073169708252,0.04658188298344612,0.04658188298344612,0.00046581882634200156,4,2,8
5650,2376,3853,0.0,0.009999999776482582,2.6404693126678467,0.23435275256633759,0.23435275256633759,0.0023435275070369244,4,3,12
5651,3308,4240,0.0,0.009999999776482582,6.258337497711182,0.7511910796165466,0.7511910796165466,0.007511910516768694,4,7,28
5652,2377,4240,0.0,0.009999999776482582,1.897992730140686,0.12828467786312103,0.12828467786312103,0.001282846787944436,4,2,8
5653,2377,3308,0.0,0.009999999776482582,6.258337497711182,0.7511910796165466,0.7511910796165466,0.007511910516768694,4,7,28
5654,2378,3388,0.0,0.009999999776482582,1.2048728466033936,0.029267549514770508,0.029267549514770508,0.0002926754823420197,4,2,8
5655,2378,4146,0.0,0.009999999776482582,2.1683342456817627,0.16690489649772644,0.16690489649772644,0.0016690489137545228,4,3,12
5656,3520,4068,1.0,1.0,4.718880653381348,0.5312686562538147,0.5312686562538147,0.5312686562538147,5,5,25
5657,4068,4652,0.0,0.009999999776482582,1.1487486362457275,0.02124980464577675,0.02124980464577675,0.00021249803830869496,4,2,8
5658,3325,4652,0.0,0.009999999776482582,1.1670832633972168,0.023869037628173828,0.023869037628173828,0.0002386903652222827,4,2,8
5659,2379,4068,0.0,0.009999999776482582,1.1487486362457275,0.02124980464577675,0.02124980464577675,0.00021249803830869496,4,2,8
5660,2379,3520,0.0,0.009999999776482582,4.718880653381348,0.5312686562538147,0.5312686562538147,0.005312686320394278,4,5,20
5661,2380,3520,0.0,0.009999999776482582,4.718880653381348,0.5312686562538147,0.5312686562538147,0.005312686320394278,4,5,20
5662,2380,4068,0.0,0.009999999776482582,1.3807592391967773,0.054394178092479706,0.054394178092479706,0.0005439417436718941,4,2,8
5663,4068,4653,0.0,0.009999999776482582,1.188563346862793,0.02693762071430683,0.02693762071430683,0.0002693762071430683,4,2,8
5664,3520,4653,0.0,0.009999999776482582,4.718880653381348,0.5312686562538147,0.5312686562538147,0.005312686320394278,4,5,20
5665,3520,4652,0.4999999701976776,0.5049999952316284,4.718880653381348,0.5312686562538147,0.5312686562538147,0.2682906687259674,5,5,25
5666,3309,4652,0.0,0.009999999776482582,1.3334195613861084,0.047631364315748215,0.047631364315748215,0.0004763136385008693,4,2,8
5667,3309,3520,0.0,0.009999999776482582,4.718880653381348,0.5312686562538147,0.5312686562538147,0.005312686320394278,4,5,20
5668,2381,4653,0.0,0.009999999776482582,1.3089985847473145,0.04414265602827072,0.04414265602827072,0.00044142655679024756,4,2,8
5669,2381,4068,0.0,0.009999999776482582,1.3089985847473145,0.04414265602827072,0.04414265602827072,0.00044142655679024756,4,2,8
5670,4106,4652,0.0,0.009999999776482582,1.1428664922714233,0.02040949836373329,0.02040949836373329,0.0002040949766524136,4,2,8
5671,2382,4068,0.0,0.009999999776482582,1.4286001920700073,0.06122859939932823,0.06122859939932823,0.0006122859776951373,4,2,8
5672,2382,3520,0.0,0.009999999776482582,4.718880653381348,0.5312686562538147,0.5312686562538147,0.005312686320394278,4,5,20
5673,2383,3520,0.0,0.009999999776482582,4.718880653381348,0.5312686562538147,0.5312686562538147,0.005312686320394278,4,5,20
5674,2383,4652,0.0,0.009999999776482582,1.46278977394104,0.06611282378435135,0.06611282378435135,0.0006611282005906105,4,2,8
5675,2384,3581,0.0,0.009999999776482582,1.1911728382110596,0.027310404926538467,0.027310404926538467,0.00027310402947477996,4,2,8
5676,2384,2385,0.0,0.009999999776482582,1.2682019472122192,0.038314562290906906,0.038314562290906906,0.0003831456124316901,4,2,8
5677,2385,2386,0.0,0.009999999776482582,1.3690847158432007,0.0527263879776001,0.0527263879776001,0.0005272638518363237,4,2,8
5678,2386,3581,0.0,0.009999999776482582,1.3690847158432007,0.0527263879776001,0.0527263879776001,0.0005272638518363237,4,2,8
5679,3046,4654,0.0,0.009999999776482582,1.4615626335144043,0.06593751907348633,0.06593751907348633,0.0006593751604668796,4,2,8
5680,3046,3047,0.0,0.009999999776482582,1.2581791877746582,0.03688273951411247,0.03688273951411247,0.0003688274009618908,4,2,8
5681,3047,4654,0.0,0.009999999776482582,1.4615626335144043,0.06593751907348633,0.06593751907348633,0.0006593751604668796,4,2,8
5682,3660,4655,1.0,1.0,3.586358070373535,0.3694797158241272,0.3694797158241272,0.3694797158241272,5,4,20
5683,4655,4656,0.0,0.009999999776482582,1.1550813913345337,0.022154483944177628,0.022154483944177628,0.00022154483303893358,4,2,8
5684,3660,4656,0.4999999701976776,0.5049999952316284,3.586358070373535,0.3694797158241272,0.3694797158241272,0.18658725917339325,5,4,20
5685,3660,3820,0.0,0.009999999776482582,3.586358070373535,0.3694797158241272,0.3694797158241272,0.0036947971675544977,4,4,16
5686,2387,3820,0.0,0.009999999776482582,2.1024718284606934,0.15749597549438477,0.15749597549438477,0.0015749597223475575,4,3,12
5687,2387,2388,0.0,0.009999999776482582,2.1024718284606934,0.15749597549438477,0.15749597549438477,0.0015749597223475575,4,3,12
5688,2388,3660,0.0,0.009999999776482582,3.586358070373535,0.3694797158241272,0.3694797158241272,0.0036947971675544977,4,4,16
5689,2389,3660,0.0,0.009999999776482582,3.586358070373535,0.3694797158241272,0.3694797158241272,0.0036947971675544977,4,4,16
5690,2389,2390,0.0,0.009999999776482582,1.6640864610671997,0.09486949443817139,0.09486949443817139,0.0009486949420534074,4,2,8
5691,2390,3660,0.0,0.009999999776482582,3.586358070373535,0.3694797158241272,0.3694797158241272,0.0036947971675544977,4,4,16
5692,4655,4657,0.0,0.009999999776482582,1.1477482318878174,0.021106889471411705,0.021106889471411705,0.00021106889471411705,4,2,8
5693,3660,4657,0.4999999701976776,0.5049999952316284,3.586358070373535,0.3694797158241272,0.3694797158241272,0.18658725917339325,5,4,20
5694,2391,4655,0.0,0.009999999776482582,1.1477482318878174,0.021106889471411705,0.021106889471411705,0.00021106889471411705,4,2,8
5695,2391,3660,0.0,0.009999999776482582,3.586358070373535,0.3694797158241272,0.3694797158241272,0.0036947971675544977,4,4,16
5696,4656,4657,0.0,0.009999999776482582,1.1550813913345337,0.022154483944177628,0.022154483944177628,0.00022154483303893358,4,2,8
5697,2392,3660,0.0,0.009999999776482582,3.586358070373535,0.3694797158241272,0.3694797158241272,0.0036947971675544977,4,4,16
5698,2392,4657,0.0,0.009999999776482582,1.0737498998641968,0.010535700246691704,0.010535700246691704,0.00010535700130276382,4,2,8
5699,4658,4659,0.0,0.009999999776482582,1.3193426132202148,0.045620374381542206,0.045620374381542206,0.00045620373566634953,4,2,8
5700,2393,4658,0.0,0.009999999776482582,1.2686631679534912,0.0383804515004158,0.0383804515004158,0.0003838044940494001,4,2,8
5701,2393,3520,0.0,0.009999999776482582,4.718880653381348,0.5312686562538147,0.5312686562538147,0.005312686320394278,4,5,20
5702,3520,4660,0.0,0.009999999776482582,4.718880653381348,0.5312686562538147,0.5312686562538147,0.005312686320394278,4,5,20
5703,3048,4660,0.0,0.009999999776482582,2.0093419551849365,0.144191712141037,0.144191712141037,0.0014419170329347253,5,3,15
5704,2394,3048,0.0,0.009999999776482582,2.3366780281066895,0.19095399975776672,0.19095399975776672,0.0019095399184152484,5,3,15
5705,2394,4659,0.0,0.009999999776482582,2.3366780281066895,0.19095399975776672,0.19095399975776672,0.0019095399184152484,5,3,15
5706,2395,4659,0.0,0.009999999776482582,2.2039294242858887,0.17198991775512695,0.17198991775512695,0.001719899126328528,5,3,15
5707,2395,4660,0.0,0.009999999776482582,2.2039294242858887,0.17198991775512695,0.17198991775512695,0.001719899126328528,5,3,15
5708,2396,4660,0.0,0.009999999776482582,1.5282293558120728,0.07546133548021317,0.07546133548021317,0.0007546133128926158,5,2,10
5709,2396,3501,0.0,0.009999999776482582,1.9547531604766846,0.13639330863952637,0.13639330863952637,0.0013639330863952637,5,2,10
5710,2397,3312,0.0,0.009999999776482582,2.711240291595459,0.24446289241313934,0.24446289241313934,0.002444628858938813,5,3,15
5711,2397,4312,0.0,0.009999999776482582,1.3428287506103516,0.04897553473711014,0.04897553473711014,0.0004897553590126336,5,2,10
5712,3351,4312,0.0,0.009999999776482582,4.757808685302734,0.5368298292160034,0.5368298292160034,0.005368298385292292,5,5,25
5713,2398,3655,0.0,0.009999999776482582,1.2090003490447998,0.029857192188501358,0.029857192188501358,0.0002985719183925539,5,2,10
5714,2398,2399,0.0,0.009999999776482582,1.090852975845337,0.012978996150195599,0.012978996150195599,0.00012978995800949633,5,2,10
5715,2399,4661,0.0,0.009999999776482582,1.090852975845337,0.012978996150195599,0.012978996150195599,0.00012978995800949633,5,2,10
5716,2400,4023,0.0,0.009999999776482582,1.1967278718948364,0.028103981167078018,0.028103981167078018,0.000281039800029248,5,2,10
5717,2400,4214,0.0,0.009999999776482582,1.114508032798767,0.01635828986763954,0.01635828986763954,0.00016358289576601237,5,2,10
5718,4214,4550,0.4999999701976776,0.5049999952316284,5.3199872970581055,0.61714106798172,0.61714106798172,0.31165623664855957,5,6,30
5719,2401,4550,0.0,0.009999999776482582,5.3199872970581055,0.61714106798172,0.61714106798172,0.00617141043767333,5,6,30
5720,2401,2402,0.0,0.009999999776482582,1.2425003051757812,0.03464290127158165,0.03464290127158165,0.0003464290057308972,5,2,10
5721,2402,3225,0.0,0.009999999776482582,6.652153015136719,0.8074504137039185,0.8074504137039185,0.0080745043233037,5,7,35
5722,4086,4087,0.0,0.009999999776482582,4.194593906402588,0.4563705623149872,0.4563705623149872,0.004563705530017614,5,5,25
5723,2403,4550,0.0,0.009999999776482582,5.3199872970581055,0.61714106798172,0.61714106798172,0.00617141043767333,5,6,30
5724,2403,4214,0.0,0.009999999776482582,1.114508032798767,0.01635828986763954,0.01635828986763954,0.00016358289576601237,5,2,10
5725,2404,4021,0.0,0.009999999776482582,2.048912525177002,0.14984464645385742,0.14984464645385742,0.0014984464505687356,5,3,15
5726,2404,3049,0.0,0.009999999776482582,2.048912525177002,0.14984464645385742,0.14984464645385742,0.0014984464505687356,5,3,15
5727,3049,4662,0.4999999701976776,0.5049999952316284,1.3507180213928223,0.05010257288813591,0.05010257288813591,0.025301799178123474,5,2,10
5728,2405,4662,0.0,0.009999999776482582,1.4598512649536133,0.06569303572177887,0.06569303572177887,0.0006569303222931921,5,2,10
5729,2405,3049,0.0,0.009999999776482582,1.4598512649536133,0.06569303572177887,0.06569303572177887,0.0006569303222931921,5,2,10
5730,3293,3301,0.0,0.009999999776482582,2.017831563949585,0.14540450274944305,0.14540450274944305,0.0014540449483320117,5,3,15
5731,3050,3293,0.0,0.009999999776482582,2.0347862243652344,0.14782659709453583,0.14782659709453583,0.0014782659709453583,5,3,15
5732,2406,3050,0.0,0.009999999776482582,2.0347862243652344,0.14782659709453583,0.14782659709453583,0.0014782659709453583,5,3,15
5733,2407,3050,0.0,0.009999999776482582,2.0347862243652344,0.14782659709453583,0.14782659709453583,0.0014782659709453583,5,3,15
5734,2407,3351,0.0,0.009999999776482582,4.757808685302734,0.5368298292160034,0.5368298292160034,0.005368298385292292,5,5,25
5735,2408,3351,0.0,0.009999999776482582,4.757808685302734,0.5368298292160034,0.5368298292160034,0.005368298385292292,5,5,25
5736,2408,2409,0.0,0.009999999776482582,1.1444666385650635,0.02063809148967266,0.02063809148967266,0.0002063809079118073,5,2,10
5737,2409,2410,0.0,0.009999999776482582,1.9284707307815552,0.13263867795467377,0.13263867795467377,0.0013263867003843188,5,2,10
5738,2410,4215,0.0,0.009999999776482582,1.9284707307815552,0.13263867795467377,0.13263867795467377,0.0013263867003843188,5,2,10
5739,3051,3293,0.0,0.009999999776482582,1.6111565828323364,0.08730808645486832,0.08730808645486832,0.0008730808622203767,5,2,10
5740,2411,3051,0.0,0.009999999776482582,2.3645334243774414,0.19493333995342255,0.19493333995342255,0.0019493333529680967,5,3,15
5741,2411,3293,0.0,0.009999999776482582,2.3645334243774414,0.19493333995342255,0.19493333995342255,0.0019493333529680967,5,3,15
5742,2412,3293,0.0,0.009999999776482582,4.8458251953125,0.5494036078453064,0.5494036078453064,0.00549403578042984,5,5,25
5743,4217,4358,0.0,0.009999999776482582,3.9828319549560547,0.4261188507080078,0.4261188507080078,0.004261188209056854,5,4,20
5744,3793,4217,0.0,0.009999999776482582,1.5834637880325317,0.0833519697189331,0.0833519697189331,0.0008335196762345731,5,2,10
5745,3793,4358,0.0,0.009999999776482582,3.9828319549560547,0.4261188507080078,0.4261188507080078,0.004261188209056854,5,4,20
5746,4358,4663,0.0,0.009999999776482582,3.9828319549560547,0.4261188507080078,0.4261188507080078,0.004261188209056854,5,4,20
5747,3052,4663,0.0,0.009999999776482582,2.4164528846740723,0.2023504078388214,0.2023504078388214,0.002023504115641117,5,3,15
5748,3052,4358,0.0,0.009999999776482582,3.9828319549560547,0.4261188507080078,0.4261188507080078,0.004261188209056854,5,4,20
5749,3587,4073,0.0,0.009999999776482582,1.9526240825653076,0.13608916103839874,0.13608916103839874,0.0013608916196972132,5,2,10
5750,4073,4663,0.0,0.009999999776482582,2.4164528846740723,0.2023504078388214,0.2023504078388214,0.002023504115641117,5,3,15
5751,2413,3053,0.0,0.009999999776482582,2.0363290309906006,0.14804700016975403,0.14804700016975403,0.0014804699458181858,5,3,15
5752,2413,3543,0.0,0.009999999776482582,2.0363290309906006,0.14804700016975403,0.14804700016975403,0.0014804699458181858,5,3,15
5753,3543,4198,0.0,0.009999999776482582,3.2882938385009766,0.32689911127090454,0.32689911127090454,0.003268991131335497,5,4,20
5754,2414,3835,0.0,0.009999999776482582,1.0199732780456543,0.0028533253353089094,0.0028533253353089094,2.8533253498608246e-05,5,2,10
5755,2414,2415,0.0,0.009999999776482582,1.0252110958099365,0.0036015850491821766,0.0036015850491821766,3.601584830903448e-05,5,2,10
5756,2415,4664,0.0,0.009999999776482582,1.8849670886993408,0.12642386555671692,0.12642386555671692,0.0012642386136576533,5,2,10
5757,3543,4664,0.0,0.009999999776482582,1.8849670886993408,0.12642386555671692,0.12642386555671692,0.0012642386136576533,5,2,10
5758,2416,3543,0.0,0.009999999776482582,2.1251327991485596,0.16073325276374817,0.16073325276374817,0.0016073324950411916,5,3,15
5759,2416,4198,0.0,0.009999999776482582,3.2882938385009766,0.32689911127090454,0.32689911127090454,0.003268991131335497,5,4,20
5760,3054,4198,0.0,0.009999999776482582,3.2882938385009766,0.32689911127090454,0.32689911127090454,0.003268991131335497,5,4,20
5761,2417,4198,0.0,0.009999999776482582,3.2882938385009766,0.32689911127090454,0.32689911127090454,0.003268991131335497,5,4,20
5762,2417,2418,0.0,0.009999999776482582,1.5751373767852783,0.08216248452663422,0.08216248452663422,0.0008216248243115842,5,2,10
5763,2418,4198,0.0,0.009999999776482582,3.2882938385009766,0.32689911127090454,0.32689911127090454,0.003268991131335497,5,4,20
5764,3749,3774,0.0,0.009999999776482582,1.8434553146362305,0.12049361318349838,0.12049361318349838,0.0012049360666424036,5,2,10
5765,3208,3725,0.4999999701976776,0.5049999952316284,6.996101379394531,0.8565859198570251,0.8565859198570251,0.43257588148117065,5,7,35
5766,3725,3774,0.0,0.009999999776482582,2.0596587657928467,0.15137982368469238,0.15137982368469238,0.0015137982554733753,5,3,15
5767,3723,3774,0.0,0.009999999776482582,1.8633098602294922,0.12332998216152191,0.12332998216152191,0.0012332998448982835,5,2,10
5768,3138,4220,0.0,0.009999999776482582,6.455972671508789,0.7794246673583984,0.7794246673583984,0.007794246543198824,5,7,35
5769,4220,4221,0.0,0.009999999776482582,1.9431698322296143,0.13473854959011078,0.13473854959011078,0.0013473854633048177,5,2,10
5770,3138,4221,0.0,0.009999999776482582,6.455972671508789,0.7794246673583984,0.7794246673583984,0.007794246543198824,5,7,35
5771,3724,3725,0.0,0.009999999776482582,2.0596587657928467,0.15137982368469238,0.15137982368469238,0.0015137982554733753,5,3,15
5772,3287,3724,0.0,0.009999999776482582,4.960546016693115,0.5657922625541687,0.5657922625541687,0.005657922476530075,5,5,25
5773,3287,3754,0.4999999701976776,0.5049999952316284,4.960546016693115,0.5657922625541687,0.5657922625541687,0.28572508692741394,5,5,25
5774,3725,3754,0.0,0.009999999776482582,2.0706069469451904,0.15294384956359863,0.15294384956359863,0.0015294384211301804,5,3,15
5775,3287,3863,0.0,0.009999999776482582,4.960546016693115,0.5657922625541687,0.5657922625541687,0.005657922476530075,5,5,25
5776,3863,4340,0.0,0.009999999776482582,1.987886905670166,0.14112670719623566,0.14112670719623566,0.001411267090588808,5,2,10
5777,4340,4665,0.0,0.009999999776482582,1.149687647819519,0.021383950486779213,0.021383950486779213,0.00021383950661402196,5,2,10
5778,3287,4665,0.4999999701976776,0.5049999952316284,4.960546016693115,0.5657922625541687,0.5657922625541687,0.28572508692741394,5,5,25
5779,2419,3287,0.0,0.009999999776482582,4.960546016693115,0.5657922625541687,0.5657922625541687,0.005657922476530075,5,5,25
5780,2419,2420,0.0,0.009999999776482582,1.5122700929641724,0.07318144291639328,0.07318144291639328,0.000731814419850707,5,2,10
5781,2420,2421,0.0,0.009999999776482582,1.5122700929641724,0.07318144291639328,0.07318144291639328,0.000731814419850707,5,2,10
5782,2421,4665,0.0,0.009999999776482582,1.4381563663482666,0.06259376555681229,0.06259376555681229,0.0006259376532398164,5,2,10
5783,3287,4340,0.4999999701976776,0.5049999952316284,4.960546016693115,0.5657922625541687,0.5657922625541687,0.28572508692741394,5,5,25
5784,2422,3754,0.0,0.009999999776482582,2.0706069469451904,0.15294384956359863,0.15294384956359863,0.0015294384211301804,5,3,15
5785,2422,3287,0.0,0.009999999776482582,4.960546016693115,0.5657922625541687,0.5657922625541687,0.005657922476530075,5,5,25
5786,3287,3974,0.0,0.009999999776482582,4.960546016693115,0.5657922625541687,0.5657922625541687,0.005657922476530075,5,5,25
5787,4135,4665,0.0,0.009999999776482582,1.5970503091812134,0.08529289811849594,0.08529289811849594,0.0008529289625585079,5,2,10
5788,2423,3287,0.0,0.009999999776482582,4.960546016693115,0.5657922625541687,0.5657922625541687,0.005657922476530075,5,5,25
5789,2423,2424,0.0,0.009999999776482582,1.1628425121307373,0.023263216018676758,0.023263216018676758,0.0002326321555301547,5,2,10
5790,2424,2425,0.0,0.009999999776482582,1.9121371507644653,0.13030530512332916,0.13030530512332916,0.0013030529953539371,5,2,10
5791,2425,4665,0.0,0.009999999776482582,1.9121371507644653,0.13030530512332916,0.13030530512332916,0.0013030529953539371,5,2,10
5792,3735,4665,0.0,0.009999999776482582,1.9762400388717651,0.13946285843849182,0.13946285843849182,0.0013946285471320152,5,2,10
5793,2426,3208,0.0,0.009999999776482582,6.996101379394531,0.8565859198570251,0.8565859198570251,0.00856585893779993,5,7,35
5794,2426,2427,0.0,0.009999999776482582,2.0024540424346924,0.14320771396160126,0.14320771396160126,0.0014320771442726254,5,3,15
5795,2427,2428,0.0,0.009999999776482582,1.296242594718933,0.0423203706741333,0.0423203706741333,0.0004232036881148815,5,2,10
5796,2428,4064,0.0,0.009999999776482582,1.5248799324035645,0.07498284429311752,0.07498284429311752,0.0007498284103348851,5,2,10
5797,4064,4340,0.0,0.009999999776482582,1.5248799324035645,0.07498284429311752,0.07498284429311752,0.0007498284103348851,5,2,10
5798,3287,3891,0.4999999701976776,0.5049999952316284,4.960546016693115,0.5657922625541687,0.5657922625541687,0.28572508692741394,5,5,25
5799,3754,3891,0.0,0.009999999776482582,2.0706069469451904,0.15294384956359863,0.15294384956359863,0.0015294384211301804,5,3,15
5800,3754,4665,0.0,0.009999999776482582,2.0706069469451904,0.15294384956359863,0.15294384956359863,0.0015294384211301804,5,3,15
5801,2429,4665,0.0,0.009999999776482582,1.2801320552825928,0.04001886397600174,0.04001886397600174,0.0004001886409241706,5,2,10
5802,2429,3287,0.0,0.009999999776482582,4.960546016693115,0.5657922625541687,0.5657922625541687,0.005657922476530075,5,5,25
5803,2430,3891,0.0,0.009999999776482582,1.1718873977661133,0.02455534227192402,0.02455534227192402,0.0002455534122418612,5,2,10
5804,2430,3287,0.0,0.009999999776482582,4.960546016693115,0.5657922625541687,0.5657922625541687,0.005657922476530075,5,5,25
5805,3188,4222,0.0,0.009999999776482582,2.884145736694336,0.26916366815567017,0.26916366815567017,0.002691636560484767,5,3,15
5806,3353,4222,0.0,0.009999999776482582,1.9447453022003174,0.13496361672878265,0.13496361672878265,0.0013496361207216978,5,2,10
5807,3353,3367,0.0,0.009999999776482582,7.011823654174805,0.8588319420814514,0.8588319420814514,0.008588319644331932,5,8,40
5808,3832,3861,0.0,0.009999999776482582,2.6969387531280518,0.24241982400417328,0.24241982400417328,0.00242419820278883,5,3,15
5809,3526,4309,0.4999999701976776,0.5049999952316284,2.368058681488037,0.19543695449829102,0.19543695449829102,0.09869565814733505,5,3,15
5810,3618,4309,0.0,0.009999999776482582,1.8000739812850952,0.11429627984762192,0.11429627984762192,0.0011429627193138003,5,2,10
5811,3618,3857,0.0,0.009999999776482582,1.8000739812850952,0.11429627984762192,0.11429627984762192,0.0011429627193138003,5,2,10
5812,3154,3857,0.0,0.009999999776482582,1.5453425645828247,0.07790607959032059,0.07790607959032059,0.0007790607633069158,5,2,10
5813,3122,3154,0.0,0.009999999776482582,3.4159231185913086,0.34513187408447266,0.34513187408447266,0.0034513187129050493,5,4,20
5814,3526,4224,0.4999999701976776,0.5049999952316284,2.368058681488037,0.19543695449829102,0.19543695449829102,0.09869565814733505,5,3,15
5815,2431,4224,0.0,0.009999999776482582,2.082770586013794,0.1546815186738968,0.1546815186738968,0.0015468151541426778,5,3,15
5816,2431,3335,0.0,0.009999999776482582,7.126559734344482,0.8752228021621704,0.8752228021621704,0.008752227760851383,5,8,40
5817,3407,4224,0.0,0.009999999776482582,2.0200741291046143,0.14572487771511078,0.14572487771511078,0.001457248697988689,5,3,15
5818,2432,3122,0.0,0.009999999776482582,3.4159231185913086,0.34513187408447266,0.34513187408447266,0.0034513187129050493,5,4,20
5819,2432,3154,0.0,0.009999999776482582,1.5109879970550537,0.0729982852935791,0.0729982852935791,0.0007299828575924039,5,2,10
5820,3817,3860,0.0,0.009999999776482582,1.232804298400879,0.033257756382226944,0.033257756382226944,0.000332577561493963,5,2,10
5821,3122,3840,0.0,0.009999999776482582,3.4159231185913086,0.34513187408447266,0.34513187408447266,0.0034513187129050493,5,4,20
5822,3154,3817,0.0,0.009999999776482582,1.4012093544006348,0.05731562152504921,0.05731562152504921,0.0005731562268920243,5,2,10
5823,2433,4225,0.0,0.009999999776482582,1.3468637466430664,0.049551963806152344,0.049551963806152344,0.0004955196054652333,5,2,10
5824,2433,3618,0.0,0.009999999776482582,1.8000739812850952,0.11429627984762192,0.11429627984762192,0.0011429627193138003,5,2,10
5825,3407,3840,0.4999999701976776,0.5049999952316284,2.0200741291046143,0.14572487771511078,0.14572487771511078,0.07359106093645096,5,3,15
5826,3840,4079,0.0,0.009999999776482582,2.0025558471679688,0.14322225749492645,0.14322225749492645,0.0014322225470095873,5,3,15
5827,3407,4079,0.0,0.009999999776482582,2.0200741291046143,0.14572487771511078,0.14572487771511078,0.001457248697988689,5,3,15
5828,3154,3796,0.0,0.009999999776482582,1.6903471946716309,0.09862102568149567,0.09862102568149567,0.0009862101869657636,5,2,10
5829,3526,3796,0.0,0.009999999776482582,2.368058681488037,0.19543695449829102,0.19543695449829102,0.00195436947979033,5,3,15
5830,2434,3526,0.0,0.009999999776482582,2.368058681488037,0.19543695449829102,0.19543695449829102,0.00195436947979033,5,3,15
5831,2434,4309,0.0,0.009999999776482582,1.3765532970428467,0.05379332974553108,0.05379332974553108,0.0005379332578741014,5,2,10
5832,3284,4309,0.0,0.009999999776482582,2.438967704772949,0.20556680858135223,0.20556680858135223,0.0020556680392473936,5,3,15
5833,4079,4309,0.0,0.009999999776482582,1.6088249683380127,0.08697499334812164,0.08697499334812164,0.0008697499288246036,5,2,10
5834,3055,3743,0.4999999701976776,0.5049999952316284,3.7707786560058594,0.3958255350589752,0.3958255350589752,0.19989189505577087,5,4,20
5835,2435,3055,0.0,0.009999999776482582,1.1676307916641235,0.023947255685925484,0.023947255685925484,0.00023947254521772265,5,2,10
5836,2435,3743,0.0,0.009999999776482582,3.7707786560058594,0.3958255350589752,0.3958255350589752,0.003958255052566528,5,4,20
5837,2436,3055,0.0,0.009999999776482582,1.2619174718856812,0.03741678223013878,0.03741678223013878,0.00037416780833154917,5,2,10
5838,2436,4666,0.0,0.009999999776482582,1.3303276300430298,0.047189660370349884,0.047189660370349884,0.00047189657925628126,5,2,10
5839,2437,4666,0.0,0.009999999776482582,1.7125294208526611,0.1017899140715599,0.1017899140715599,0.0010178991360589862,5,2,10
5840,2437,2438,0.0,0.009999999776482582,1.7125294208526611,0.1017899140715599,0.1017899140715599,0.0010178991360589862,5,2,10
5841,2438,4666,0.0,0.009999999776482582,1.3303276300430298,0.047189660370349884,0.047189660370349884,0.00047189657925628126,5,2,10
5842,2439,4667,0.0,0.009999999776482582,1.6863718032836914,0.09805311262607574,0.09805311262607574,0.0009805310983210802,5,2,10
5843,2439,2440,0.0,0.009999999776482582,1.5484154224395752,0.07834506034851074,0.07834506034851074,0.0007834506104700267,5,2,10
5844,2440,2441,0.0,0.009999999776482582,1.5484154224395752,0.07834506034851074,0.07834506034851074,0.0007834506104700267,5,2,10
5845,2441,2442,0.0,0.009999999776482582,2.9594533443450928,0.27992191910743713,0.27992191910743713,0.0027992192190140486,5,3,15
5846,2442,3583,0.0,0.009999999776482582,2.9594533443450928,0.27992191910743713,0.27992191910743713,0.0027992192190140486,5,3,15
5847,2443,3583,0.0,0.009999999776482582,2.282576084136963,0.18322515487670898,0.18322515487670898,0.0018322515534237027,5,3,15
5848,2443,2444,0.0,0.009999999776482582,1.4289060831069946,0.06127229705452919,0.06127229705452919,0.0006127229426056147,5,2,10
5849,2444,3982,0.0,0.009999999776482582,1.1214563846588135,0.01735091209411621,0.01735091209411621,0.0001735091209411621,5,2,10
5850,2445,3982,0.0,0.009999999776482582,1.1214563846588135,0.01735091209411621,0.01735091209411621,0.0001735091209411621,5,2,10
5851,2445,4667,0.0,0.009999999776482582,1.6863718032836914,0.09805311262607574,0.09805311262607574,0.0009805310983210802,5,2,10
5852,3490,3836,0.0,0.009999999776482582,1.9492111206054688,0.13560159504413605,0.13560159504413605,0.0013560159131884575,5,2,10
5853,2446,3490,0.0,0.009999999776482582,1.7256269454956055,0.10366099327802658,0.10366099327802658,0.0010366098722442985,5,2,10
5854,2446,3169,0.0,0.009999999776482582,2.132175922393799,0.16173942387104034,0.16173942387104034,0.0016173941548913717,5,3,15
5855,3410,4668,0.0,0.009999999776482582,7.004092216491699,0.8577274680137634,0.8577274680137634,0.008577274158596992,5,8,40
5856,3178,4668,0.4999999701976776,0.5049999952316284,1.3726404905319214,0.05323435738682747,0.05323435738682747,0.026883350685238838,5,2,10
5857,3178,3510,0.0,0.009999999776482582,2.4032769203186035,0.20046813786029816,0.20046813786029816,0.0020046813879162073,5,3,15
5858,3178,3410,0.0,0.009999999776482582,7.004092216491699,0.8577274680137634,0.8577274680137634,0.008577274158596992,5,8,40
5859,3249,4668,0.0,0.009999999776482582,2.2989110946655273,0.1855587214231491,0.1855587214231491,0.0018555871210992336,5,3,15
5860,2447,2448,0.0,0.009999999776482582,1.2888741493225098,0.04126773402094841,0.04126773402094841,0.0004126773274037987,5,2,10
5861,2448,4669,0.0,0.009999999776482582,1.855262041091919,0.12218029052019119,0.12218029052019119,0.001221802900545299,5,2,10
5862,2449,4669,0.0,0.009999999776482582,1.855262041091919,0.12218029052019119,0.12218029052019119,0.001221802900545299,5,2,10
5863,2449,3056,0.0,0.009999999776482582,1.2695757150650024,0.03851081803441048,0.03851081803441048,0.000385108171030879,5,2,10
5864,2450,3056,0.0,0.009999999776482582,1.165306806564331,0.023615257814526558,0.023615257814526558,0.00023615256941411644,5,2,10
5865,2450,2451,0.0,0.009999999776482582,1.174733281135559,0.02496189810335636,0.02496189810335636,0.00024961898452602327,5,2,10
5866,2452,4670,0.0,0.009999999776482582,1.3690288066864014,0.052718400955200195,0.052718400955200195,0.0005271839909255505,5,2,10
5867,2452,4669,0.0,0.009999999776482582,1.855262041091919,0.12218029052019119,0.12218029052019119,0.001221802900545299,5,2,10
5868,4053,4669,0.0,0.009999999776482582,1.855262041091919,0.12218029052019119,0.12218029052019119,0.001221802900545299,5,2,10
5869,3056,4053,0.0,0.009999999776482582,1.7693555355072021,0.10990793257951736,0.10990793257951736,0.0010990792652592063,5,2,10
5870,2453,3056,0.0,0.009999999776482582,1.2362010478973389,0.033743005245923996,0.033743005245923996,0.0003374300431460142,5,2,10
5871,2453,4053,0.0,0.009999999776482582,1.7693555355072021,0.10990793257951736,0.10990793257951736,0.0010990792652592063,5,2,10
5872,2454,4669,0.0,0.009999999776482582,1.855262041091919,0.12218029052019119,0.12218029052019119,0.001221802900545299,5,2,10
5873,2454,2455,0.0,0.009999999776482582,1.2244083881378174,0.032058339565992355,0.032058339565992355,0.0003205833781976253,5,2,10
5874,2455,4669,0.0,0.009999999776482582,1.855262041091919,0.12218029052019119,0.12218029052019119,0.001221802900545299,5,2,10
5875,2456,4669,0.0,0.009999999776482582,2.8495383262634277,0.2642197608947754,0.2642197608947754,0.002642197534441948,5,3,15
5876,2456,2457,0.0,0.009999999776482582,2.8495383262634277,0.2642197608947754,0.2642197608947754,0.002642197534441948,5,3,15
5877,2457,2458,0.0,0.009999999776482582,4.325052261352539,0.47500747442245483,0.47500747442245483,0.004750074818730354,5,5,25
5878,2458,4670,0.0,0.009999999776482582,4.325052261352539,0.47500747442245483,0.47500747442245483,0.004750074818730354,5,5,25
5879,2459,4670,0.0,0.009999999776482582,1.3690288066864014,0.052718400955200195,0.052718400955200195,0.0005271839909255505,5,2,10
5880,2459,2460,0.0,0.009999999776482582,1.247263789176941,0.03532340005040169,0.03532340005040169,0.00035323400516062975,5,2,10
5881,2460,4052,0.0,0.009999999776482582,1.5430188179016113,0.07757411897182465,0.07757411897182465,0.0007757411804050207,5,2,10
5882,4052,4670,0.0,0.009999999776482582,1.5430188179016113,0.07757411897182465,0.07757411897182465,0.0007757411804050207,5,2,10
5883,3583,4162,0.4999999701976776,0.5049999952316284,2.8172388076782227,0.2596055567264557,0.2596055567264557,0.13110080361366272,5,3,15
5884,3324,4162,0.0,0.009999999776482582,2.8172388076782227,0.2596055567264557,0.2596055567264557,0.0025960556231439114,5,3,15
5885,3977,4162,0.0,0.009999999776482582,3.275662660598755,0.32509467005729675,0.32509467005729675,0.0032509465236216784,5,4,20
5886,4162,4671,0.0,0.009999999776482582,2.8172388076782227,0.2596055567264557,0.2596055567264557,0.0025960556231439114,5,3,15
5887,3583,4671,1.0,1.0,2.282576084136963,0.18322515487670898,0.18322515487670898,0.18322515487670898,5,3,15
5888,3324,4671,0.4999999701976776,0.5049999952316284,2.2907724380493164,0.18439605832099915,0.18439605832099915,0.09312000870704651,5,3,15
5889,2461,3324,0.0,0.009999999776482582,2.2907724380493164,0.18439605832099915,0.18439605832099915,0.001843960490077734,5,3,15
5890,2461,3583,0.0,0.009999999776482582,2.282576084136963,0.18322515487670898,0.18322515487670898,0.0018322515534237027,5,3,15
5891,3583,3977,0.0,0.009999999776482582,3.275662660598755,0.32509467005729675,0.32509467005729675,0.0032509465236216784,5,4,20
5892,3257,3503,0.0,0.009999999776482582,4.883973598480225,0.5548533797264099,0.5548533797264099,0.005548533517867327,5,5,25
5893,2462,3257,0.0,0.009999999776482582,2.6947274208068848,0.2421039193868637,0.2421039193868637,0.002421039156615734,5,3,15
5894,2462,3503,0.0,0.009999999776482582,4.883973598480225,0.5548533797264099,0.5548533797264099,0.005548533517867327,5,5,25
5895,2463,3057,0.0,0.009999999776482582,1.5759624242782593,0.08228034526109695,0.08228034526109695,0.0008228034130297601,5,2,10
5896,2463,2464,0.0,0.009999999776482582,1.5759624242782593,0.08228034526109695,0.08228034526109695,0.0008228034130297601,5,2,10
5897,2464,4229,0.0,0.009999999776482582,1.2318381071090698,0.03311973065137863,0.03311973065137863,0.0003311973123345524,5,2,10
5898,3058,3389,0.0,0.009999999776482582,2.9030518531799316,0.27186456322669983,0.27186456322669983,0.002718645613640547,5,3,15
5899,2465,3058,0.0,0.009999999776482582,2.9030518531799316,0.27186456322669983,0.27186456322669983,0.002718645613640547,5,3,15
5900,2465,2466,0.0,0.009999999776482582,1.3716070652008057,0.05308672413229942,0.05308672413229942,0.0005308672552928329,5,2,10
5901,2466,3058,0.0,0.009999999776482582,2.9030518531799316,0.27186456322669983,0.27186456322669983,0.002718645613640547,5,3,15
5902,2467,3389,0.0,0.009999999776482582,1.335439682006836,0.04791995510458946,0.04791995510458946,0.00047919954522512853,5,2,10
5903,2467,2468,0.0,0.009999999776482582,1.7017802000045776,0.10025431215763092,0.10025431215763092,0.0010025431402027607,5,2,10
5904,2468,3086,0.0,0.009999999776482582,6.56357479095459,0.7947964072227478,0.7947964072227478,0.007947963662445545,5,7,35
5905,2469,3195,0.0,0.009999999776482582,5.761999130249023,0.6802855730056763,0.6802855730056763,0.006802855525165796,5,6,30
5906,2469,3057,0.0,0.009999999776482582,1.4189096689224243,0.0598442368209362,0.0598442368209362,0.0005984423332847655,5,2,10
5907,3057,3195,0.0,0.009999999776482582,5.761999130249023,0.6802855730056763,0.6802855730056763,0.006802855525165796,5,6,30
5908,2470,3389,0.0,0.009999999776482582,1.4833009243011475,0.06904298812150955,0.06904298812150955,0.0006904298788867891,5,2,10
5909,2470,2471,0.0,0.009999999776482582,1.4833009243011475,0.06904298812150955,0.06904298812150955,0.0006904298788867891,5,2,10
5910,2471,2472,0.0,0.009999999776482582,1.2239235639572144,0.03198907896876335,0.03198907896876335,0.0003198907943442464,5,2,10
5911,2472,3389,0.0,0.009999999776482582,1.2239235639572144,0.03198907896876335,0.03198907896876335,0.0003198907943442464,5,2,10
5912,3196,3719,0.0,0.009999999776482582,3.0453996658325195,0.2921999394893646,0.2921999394893646,0.0029219994321465492,5,4,20
5913,3719,3797,0.0,0.009999999776482582,2.0313265323638916,0.1473323553800583,0.1473323553800583,0.0014733235584571958,5,3,15
5914,3833,4094,0.0,0.009999999776482582,2.730595111846924,0.24722787737846375,0.24722787737846375,0.0024722786620259285,5,3,15
5915,2473,3575,0.0,0.009999999776482582,2.9164175987243652,0.2737739384174347,0.2737739384174347,0.0027377393562346697,5,3,15
5916,2473,3797,0.0,0.009999999776482582,2.9164175987243652,0.2737739384174347,0.2737739384174347,0.0027377393562346697,5,3,15
5917,3779,4094,0.0,0.009999999776482582,1.8921561241149902,0.1274508684873581,0.1274508684873581,0.0012745086569339037,5,2,10
5918,3779,3834,0.0,0.009999999776482582,1.8921561241149902,0.1274508684873581,0.1274508684873581,0.0012745086569339037,5,2,10
5919,2474,3834,0.0,0.009999999776482582,2.046152114868164,0.14945030212402344,0.14945030212402344,0.00149450299795717,5,3,15
5920,2474,3720,0.0,0.009999999776482582,3.1008358001708984,0.30011940002441406,0.30011940002441406,0.003001193981617689,5,4,20
5921,2475,3779,0.0,0.009999999776482582,1.8921561241149902,0.1274508684873581,0.1274508684873581,0.0012745086569339037,5,2,10
5922,2475,2476,0.0,0.009999999776482582,1.5133991241455078,0.07334273308515549,0.07334273308515549,0.0007334272959269583,5,2,10
5923,2476,3798,0.0,0.009999999776482582,1.792001724243164,0.11314310133457184,0.11314310133457184,0.0011314309667795897,5,2,10
5924,2477,3720,0.0,0.009999999776482582,3.1008358001708984,0.30011940002441406,0.30011940002441406,0.003001193981617689,5,4,20
5925,2477,2478,0.0,0.009999999776482582,3.6532349586486816,0.37903356552124023,0.37903356552124023,0.0037903354968875647,5,4,20
5926,2478,3808,0.0,0.009999999776482582,3.6532349586486816,0.37903356552124023,0.37903356552124023,0.0037903354968875647,5,4,20
5927,2479,3720,0.0,0.009999999776482582,3.1008358001708984,0.30011940002441406,0.30011940002441406,0.003001193981617689,5,4,20
5928,2479,3834,0.0,0.009999999776482582,1.3912110328674316,0.055887289345264435,0.055887289345264435,0.0005588728818111122,5,2,10
5929,2480,3834,0.0,0.009999999776482582,1.6635692119598389,0.0947955995798111,0.0947955995798111,0.000947955995798111,5,2,10
5930,2480,3798,0.0,0.009999999776482582,1.792001724243164,0.11314310133457184,0.11314310133457184,0.0011314309667795897,5,2,10
5931,3834,4094,0.0,0.009999999776482582,1.4418631792068481,0.06312330812215805,0.06312330812215805,0.0006312330951914191,5,2,10
5932,3798,3834,0.0,0.009999999776482582,1.792001724243164,0.11314310133457184,0.11314310133457184,0.0011314309667795897,5,2,10
5933,2481,3335,0.0,0.009999999776482582,7.126559734344482,0.8752228021621704,0.8752228021621704,0.008752227760851383,5,8,40
5934,2481,2482,0.0,0.009999999776482582,1.1313813924789429,0.01876877062022686,0.01876877062022686,0.0001876877067843452,5,2,10
5935,2482,3909,0.0,0.009999999776482582,1.1313813924789429,0.01876877062022686,0.01876877062022686,0.0001876877067843452,5,2,10
5936,2483,3909,0.0,0.009999999776482582,1.0927212238311768,0.013245888985693455,0.013245888985693455,0.0001324588811257854,5,2,10
5937,2483,2484,0.0,0.009999999776482582,1.0116400718688965,0.0016628673765808344,0.0016628673765808344,1.662867362028919e-05,5,2,10
5938,2484,2485,0.0,0.009999999776482582,1.0116400718688965,0.0016628673765808344,0.0016628673765808344,1.662867362028919e-05,5,2,10
5939,2486,2487,0.0,0.009999999776482582,1.2585314512252808,0.036933064460754395,0.036933064460754395,0.0003693306352943182,5,2,10
5940,2487,2488,0.0,0.009999999776482582,1.4164196252822876,0.05948851630091667,0.05948851630091667,0.0005948851467110217,5,2,10
5941,2488,3336,0.0,0.009999999776482582,5.006368637084961,0.5723384022712708,0.5723384022712708,0.005723383743315935,5,6,30
5942,2489,3775,0.0,0.009999999776482582,1.5911118984222412,0.084444560110569,0.084444560110569,0.0008444456034339964,5,2,10
5943,3775,4672,0.4999999701976776,0.5049999952316284,1.620105504989624,0.08858650177717209,0.08858650177717209,0.04473618417978287,5,2,10
5944,4231,4672,0.4999999701976776,0.5049999952316284,2.1050221920013428,0.15786030888557434,0.15786030888557434,0.07971945405006409,5,3,15
5945,3775,4231,0.4999999701976776,0.5049999952316284,2.1050221920013428,0.15786030888557434,0.15786030888557434,0.07971945405006409,5,3,15
5946,2490,3775,0.0,0.009999999776482582,2.7502222061157227,0.2500317394733429,0.2500317394733429,0.0025003172922879457,5,3,15
5947,2490,3796,0.0,0.009999999776482582,2.7502222061157227,0.2500317394733429,0.2500317394733429,0.0025003172922879457,5,3,15
5948,3796,4231,0.0,0.009999999776482582,2.1050221920013428,0.15786030888557434,0.15786030888557434,0.0015786030562594533,5,3,15
5949,3735,3796,0.0,0.009999999776482582,1.9762400388717651,0.13946285843849182,0.13946285843849182,0.0013946285471320152,5,2,10
5950,3796,4230,0.0,0.009999999776482582,1.7319633960723877,0.10456620156764984,0.10456620156764984,0.0010456619784235954,5,2,10
5951,2491,4230,0.0,0.009999999776482582,1.7319633960723877,0.10456620156764984,0.10456620156764984,0.0010456619784235954,5,2,10
5952,2491,2492,0.0,0.009999999776482582,1.0700453519821167,0.010006478987634182,0.010006478987634182,0.00010006478987634182,5,2,10
5953,2492,3775,0.0,0.009999999776482582,1.5570547580718994,0.07957924902439117,0.07957924902439117,0.000795792497228831,5,2,10
5954,2493,3775,0.0,0.009999999776482582,1.5570547580718994,0.07957924902439117,0.07957924902439117,0.000795792497228831,5,2,10
5955,2493,3247,0.0,0.009999999776482582,3.75626802444458,0.3937525749206543,0.3937525749206543,0.003937525674700737,5,4,20
5956,3556,4204,0.0,0.009999999776482582,2.859646797180176,0.26566383242607117,0.26566383242607117,0.0026566381566226482,5,3,15
5957,3179,4213,1.0,1.0,2.181743621826172,0.16882051527500153,0.16882051527500153,0.16882051527500153,5,3,15
5958,3179,3368,1.0,1.0,1.6679896116256714,0.09542708843946457,0.09542708843946457,0.09542708843946457,5,2,10
5959,4010,4213,0.4999999701976776,0.5049999952316284,2.181743621826172,0.16882051527500153,0.16882051527500153,0.08525435626506805,5,3,15
5960,3368,4010,1.0,1.0,1.6679896116256714,0.09542708843946457,0.09542708843946457,0.09542708843946457,5,2,10
5961,2494,4132,0.0,0.009999999776482582,6.181303024291992,0.7401861548423767,0.7401861548423767,0.007401861250400543,5,7,35
5962,2494,4010,0.0,0.009999999776482582,1.9541172981262207,0.13630247116088867,0.13630247116088867,0.001363024697639048,5,2,10
5963,3317,3557,0.0,0.009999999776482582,3.6960854530334473,0.38515505194664,0.38515505194664,0.0038515503983944654,5,4,20
5964,3317,3368,0.0,0.009999999776482582,1.8914680480957031,0.12735258042812347,0.12735258042812347,0.0012735257623717189,5,2,10
5965,3352,4010,0.0,0.009999999776482582,2.2036378383636475,0.17194826900959015,0.17194826900959015,0.001719482708722353,5,3,15
5966,3352,3368,0.0,0.009999999776482582,2.2036378383636475,0.17194826900959015,0.17194826900959015,0.001719482708722353,5,3,15
5967,3317,4010,0.0,0.009999999776482582,1.8914680480957031,0.12735258042812347,0.12735258042812347,0.0012735257623717189,5,2,10
5968,3317,4232,0.0,0.009999999776482582,1.9922608137130737,0.14175154268741608,0.14175154268741608,0.0014175154501572251,5,2,10
5969,4132,4232,0.0,0.009999999776482582,6.181303024291992,0.7401861548423767,0.7401861548423767,0.007401861250400543,5,7,35
5970,2495,4673,0.0,0.009999999776482582,1.0567768812179565,0.008110983297228813,0.008110983297228813,8.110982889775187e-05,5,2,10
5971,2495,2496,0.0,0.009999999776482582,1.0567768812179565,0.008110983297228813,0.008110983297228813,8.110982889775187e-05,5,2,10
5972,2496,2497,0.0,0.009999999776482582,1.0231279134750366,0.0033039876725524664,0.0033039876725524664,3.3039876143448055e-05,5,2,10
5973,2497,4673,0.0,0.009999999776482582,1.0166194438934326,0.002374206203967333,0.002374206203967333,2.374206087552011e-05,5,2,10
5974,2498,4673,0.0,0.009999999776482582,1.0263546705245972,0.0037649529986083508,0.0037649529986083508,3.764952998608351e-05,5,2,10
5975,2498,2499,0.0,0.009999999776482582,1.0899165868759155,0.012845226563513279,0.012845226563513279,0.00012845225865021348,5,2,10
5976,2499,4673,0.0,0.009999999776482582,1.0899165868759155,0.012845226563513279,0.012845226563513279,0.00012845225865021348,5,2,10
5977,4233,4673,0.0,0.009999999776482582,1.0880402326583862,0.012577176094055176,0.012577176094055176,0.00012577175220940262,5,2,10
5978,3886,4233,0.0,0.009999999776482582,1.3586387634277344,0.051234107464551926,0.051234107464551926,0.0005123410373926163,5,2,10
5979,2500,3886,0.0,0.009999999776482582,1.3586387634277344,0.051234107464551926,0.051234107464551926,0.0005123410373926163,5,2,10
5980,2500,4673,0.0,0.009999999776482582,1.0490071773529053,0.007001025136560202,0.007001025136560202,7.001024641795084e-05,5,2,10
5981,2501,4341,0.0,0.009999999776482582,1.8546266555786133,0.12208952009677887,0.12208952009677887,0.0012208952102810144,5,2,10
5982,2501,2502,0.0,0.009999999776482582,1.596403956413269,0.08520056307315826,0.08520056307315826,0.0008520056144334376,5,2,10
5983,2502,4341,0.0,0.009999999776482582,1.8546266555786133,0.12208952009677887,0.12208952009677887,0.0012208952102810144,5,2,10
5984,2503,4341,0.0,0.009999999776482582,1.8546266555786133,0.12208952009677887,0.12208952009677887,0.0012208952102810144,5,2,10
5985,2503,2504,0.0,0.009999999776482582,1.1344950199127197,0.01921357400715351,0.01921357400715351,0.0001921357325045392,5,2,10
5986,2504,4341,0.0,0.009999999776482582,1.8546266555786133,0.12208952009677887,0.12208952009677887,0.0012208952102810144,5,2,10
5987,3649,4675,0.0,0.009999999776482582,4.902396202087402,0.5574851632118225,0.5574851632118225,0.005574851296842098,5,5,25
5988,4674,4675,0.0,0.009999999776482582,1.1857984066009521,0.026542630046606064,0.026542630046606064,0.00026542629348114133,5,2,10
5989,3649,4674,0.0,0.009999999776482582,4.902396202087402,0.5574851632118225,0.5574851632118225,0.005574851296842098,5,5,25
5990,2505,3196,0.0,0.009999999776482582,3.0453996658325195,0.2921999394893646,0.2921999394893646,0.0029219994321465492,5,4,20
5991,2505,3777,0.0,0.009999999776482582,2.2588891983032227,0.1798413097858429,0.1798413097858429,0.0017984131118282676,5,3,15
5992,3720,3777,0.0,0.009999999776482582,3.1008358001708984,0.30011940002441406,0.30011940002441406,0.003001193981617689,5,4,20
5993,4676,4678,0.0,0.009999999776482582,1.5292940139770508,0.07561343163251877,0.07561343163251877,0.0007561342790722847,5,2,10
5994,4677,4678,0.0,0.009999999776482582,1.5292940139770508,0.07561343163251877,0.07561343163251877,0.0007561342790722847,5,2,10
5995,4676,4677,0.0,0.009999999776482582,1.179046869277954,0.025578124448657036,0.025578124448657036,0.00025578122586011887,5,2,10
5996,3603,4301,0.0,0.009999999776482582,1.6510406732559204,0.09300581365823746,0.09300581365823746,0.0009300581295974553,5,2,10
5997,2506,4301,0.0,0.009999999776482582,1.260683536529541,0.03724050521850586,0.03724050521850586,0.0003724050475284457,5,2,10
5998,2507,3432,0.0,0.009999999776482582,2.335797071456909,0.19082815945148468,0.19082815945148468,0.001908281585201621,5,3,15
5999,2507,2508,0.0,0.009999999776482582,1.326640248298645,0.046662893146276474,0.046662893146276474,0.00046662893146276474,5,2,10
6000,2508,3432,0.0,0.009999999776482582,2.335797071456909,0.19082815945148468,0.19082815945148468,0.001908281585201621,5,3,15
6001,4235,4414,0.0,0.009999999776482582,2.984646797180176,0.28352096676826477,0.28352096676826477,0.0028352097142487764,5,3,15
6002,2509,4235,0.0,0.009999999776482582,2.2754626274108887,0.18220894038677216,0.18220894038677216,0.001822089310735464,5,3,15
6003,2509,3799,0.0,0.009999999776482582,5.445672035217285,0.63509601354599,0.63509601354599,0.006350960116833448,5,6,30
6004,3799,3872,0.0,0.009999999776482582,5.445672035217285,0.63509601354599,0.63509601354599,0.006350960116833448,5,6,30
6005,2510,3872,0.0,0.009999999776482582,4.161803245544434,0.45168617367744446,0.45168617367744446,0.004516861867159605,5,5,25
6006,2510,3156,0.0,0.009999999776482582,4.161803245544434,0.45168617367744446,0.45168617367744446,0.004516861867159605,5,5,25
6007,3983,4679,0.0,0.009999999776482582,1.5915809869766235,0.08451157063245773,0.08451157063245773,0.0008451156900264323,5,2,10
6008,3872,4679,0.0,0.009999999776482582,2.014842987060547,0.14497756958007812,0.14497756958007812,0.0014497756492346525,5,3,15
6009,3872,4414,0.0,0.009999999776482582,2.984646797180176,0.28352096676826477,0.28352096676826477,0.0028352097142487764,5,3,15
6010,3872,4235,0.0,0.009999999776482582,2.2754626274108887,0.18220894038677216,0.18220894038677216,0.001822089310735464,5,3,15
6011,4235,4679,0.0,0.009999999776482582,2.2754626274108887,0.18220894038677216,0.18220894038677216,0.001822089310735464,5,3,15
6012,3799,4235,0.0,0.009999999776482582,5.445672035217285,0.63509601354599,0.63509601354599,0.006350960116833448,5,6,30
6013,2511,3430,0.0,0.009999999776482582,2.9076242446899414,0.27251774072647095,0.27251774072647095,0.0027251774445176125,5,3,15
6014,2511,2512,0.0,0.009999999776482582,1.1091171503067017,0.015588164329528809,0.015588164329528809,0.0001558816438773647,5,2,10
6015,2512,3430,0.0,0.009999999776482582,2.9076242446899414,0.27251774072647095,0.27251774072647095,0.0027251774445176125,5,3,15
6016,2513,3259,0.0,0.009999999776482582,2.469684600830078,0.20995494723320007,0.20995494723320007,0.0020995493978261948,5,3,15
6017,2513,2514,0.0,0.009999999776482582,2.469684600830078,0.20995494723320007,0.20995494723320007,0.0020995493978261948,5,3,15
6018,2514,3685,0.0,0.009999999776482582,2.1724259853363037,0.1674894243478775,0.1674894243478775,0.001674894243478775,5,3,15
6019,3685,4099,0.0,0.009999999776482582,2.1724259853363037,0.1674894243478775,0.1674894243478775,0.001674894243478775,5,3,15
6020,3298,3627,0.0,0.009999999776482582,3.016408681869507,0.2880583703517914,0.2880583703517914,0.0028805837500840425,5,4,20
6021,2515,3627,0.0,0.009999999776482582,1.9858193397521973,0.1408313363790512,0.1408313363790512,0.0014083132846280932,5,2,10
6022,2515,3120,0.0,0.009999999776482582,5.087865829467773,0.5839808583259583,0.5839808583259583,0.005839808378368616,5,6,30
6023,2516,3515,0.0,0.009999999776482582,1.2995699644088745,0.042795710265636444,0.042795710265636444,0.000427957100328058,5,2,10
6024,2516,2517,0.0,0.009999999776482582,1.147482991218567,0.02106899954378605,0.02106899954378605,0.00021068999194540083,5,2,10
6025,2517,3515,0.0,0.009999999776482582,1.2995699644088745,0.042795710265636444,0.042795710265636444,0.000427957100328058,5,2,10
6026,2518,3247,0.0,0.009999999776482582,3.75626802444458,0.3937525749206543,0.3937525749206543,0.003937525674700737,5,4,20
6027,2518,2519,0.0,0.009999999776482582,1.1830518245697021,0.026150260120630264,0.026150260120630264,0.00026150260237045586,5,2,10
6028,2519,3247,0.0,0.009999999776482582,3.75626802444458,0.3937525749206543,0.3937525749206543,0.003937525674700737,5,4,20
6029,2520,3175,0.0,0.009999999776482582,1.1713865995407104,0.024483799934387207,0.024483799934387207,0.0002448379818815738,5,2,10
6030,2520,3059,0.0,0.009999999776482582,1.8156386613845825,0.11651980876922607,0.11651980876922607,0.0011651980457827449,5,2,10
6031,3059,4109,0.0,0.009999999776482582,2.375056028366089,0.1964365690946579,0.1964365690946579,0.0019643655978143215,5,3,15
6032,4109,4238,0.0,0.009999999776482582,2.448608875274658,0.20694412291049957,0.20694412291049957,0.0020694411359727383,5,3,15
6033,3059,4238,0.0,0.009999999776482582,2.448608875274658,0.20694412291049957,0.20694412291049957,0.0020694411359727383,5,3,15
6034,3059,3346,0.0,0.009999999776482582,1.8156386613845825,0.11651980876922607,0.11651980876922607,0.0011651980457827449,5,2,10
6035,2521,3346,0.0,0.009999999776482582,2.6773014068603516,0.23961448669433594,0.23961448669433594,0.0023961449041962624,5,3,15
6036,2521,2522,0.0,0.009999999776482582,2.9029836654663086,0.27185481786727905,0.27185481786727905,0.002718548057600856,5,3,15
6037,2522,2523,0.0,0.009999999776482582,2.9029836654663086,0.27185481786727905,0.27185481786727905,0.002718548057600856,5,3,15
6038,2523,4164,0.0,0.009999999776482582,2.1785831451416016,0.16836902499198914,0.16836902499198914,0.0016836902359500527,5,3,15
6039,2524,3496,0.0,0.009999999776482582,2.0021135807037354,0.14315907657146454,0.14315907657146454,0.0014315907610580325,5,3,15
6040,2524,3427,0.0,0.009999999776482582,1.9787297248840332,0.13981853425502777,0.13981853425502777,0.0013981852680444717,5,2,10
6041,3469,4114,0.0,0.009999999776482582,1.599860668182373,0.08569438010454178,0.08569438010454178,0.0008569437777623534,5,2,10
6042,3060,4114,0.0,0.009999999776482582,1.599860668182373,0.08569438010454178,0.08569438010454178,0.0008569437777623534,5,2,10
6043,2525,3060,0.0,0.009999999776482582,1.3045049905776978,0.043500714004039764,0.043500714004039764,0.0004350071249064058,5,2,10
6044,2525,4114,0.0,0.009999999776482582,1.599860668182373,0.08569438010454178,0.08569438010454178,0.0008569437777623534,5,2,10
6045,4114,4234,0.0,0.009999999776482582,1.599860668182373,0.08569438010454178,0.08569438010454178,0.0008569437777623534,5,2,10
6046,2526,4234,0.0,0.009999999776482582,1.1816707849502563,0.02595296874642372,0.02595296874642372,0.00025952968280762434,5,2,10
6047,2526,4018,0.0,0.009999999776482582,2.1932852268218994,0.17046931385993958,0.17046931385993958,0.0017046930734068155,5,3,15
6048,2527,4239,0.0,0.009999999776482582,1.6973015069961548,0.09961450099945068,0.09961450099945068,0.0009961449541151524,5,2,10
6049,2527,2528,0.0,0.009999999776482582,1.6973015069961548,0.09961450099945068,0.09961450099945068,0.0009961449541151524,5,2,10
6050,2528,4239,0.0,0.009999999776482582,1.5621240139007568,0.08030343055725098,0.08030343055725098,0.0008030342869460583,5,2,10
6051,2529,2530,0.0,0.009999999776482582,2.027632713317871,0.14680467545986176,0.14680467545986176,0.0014680466847494245,5,3,15
6052,2530,2531,0.0,0.009999999776482582,2.027632713317871,0.14680467545986176,0.14680467545986176,0.0014680466847494245,5,3,15
6053,2531,3416,0.0,0.009999999776482582,4.594700336456299,0.5135286450386047,0.5135286450386047,0.005135286133736372,5,5,25
6054,2532,4132,0.0,0.009999999776482582,6.181303024291992,0.7401861548423767,0.7401861548423767,0.007401861250400543,5,7,35
6055,2532,3933,0.0,0.009999999776482582,1.8623143434524536,0.12318776547908783,0.12318776547908783,0.0012318775989115238,5,2,10
6056,3826,3933,0.0,0.009999999776482582,2.511367082595825,0.21590958535671234,0.21590958535671234,0.002159095834940672,5,3,15
6057,3137,3794,0.0,0.009999999776482582,3.078333616256714,0.2969048023223877,0.2969048023223877,0.002969047985970974,5,4,20
6058,2533,3794,0.0,0.009999999776482582,3.7590980529785156,0.39415687322616577,0.39415687322616577,0.003941568545997143,5,4,20
6059,2533,3501,0.0,0.009999999776482582,3.7590980529785156,0.39415687322616577,0.39415687322616577,0.003941568545997143,5,4,20
6060,2534,3501,0.0,0.009999999776482582,1.9547531604766846,0.13639330863952637,0.13639330863952637,0.0013639330863952637,5,2,10
6061,2534,2535,0.0,0.009999999776482582,2.575985908508301,0.22514083981513977,0.22514083981513977,0.0022514082957059145,5,3,15
6062,2535,2536,0.0,0.009999999776482582,2.575985908508301,0.22514083981513977,0.22514083981513977,0.0022514082957059145,5,3,15
6063,2536,3137,0.0,0.009999999776482582,3.078333616256714,0.2969048023223877,0.2969048023223877,0.002969047985970974,5,4,20
6064,3957,4150,0.0,0.009999999776482582,3.4869589805603027,0.3552798628807068,0.3552798628807068,0.0035527986474335194,5,4,20
6065,3933,3961,0.0,0.009999999776482582,2.1175050735473633,0.15964357554912567,0.15964357554912567,0.001596435671672225,5,3,15
6066,2537,3933,0.0,0.009999999776482582,2.026613235473633,0.1466590315103531,0.1466590315103531,0.0014665903290733695,5,3,15
6067,2537,3897,0.0,0.009999999776482582,2.026613235473633,0.1466590315103531,0.1466590315103531,0.0014665903290733695,5,3,15
6068,3427,4210,0.0,0.009999999776482582,1.992948293685913,0.14184975624084473,0.14184975624084473,0.0014184975298121572,5,2,10
6069,3855,4210,0.0,0.009999999776482582,1.992948293685913,0.14184975624084473,0.14184975624084473,0.0014184975298121572,5,2,10
6070,2538,3427,0.0,0.009999999776482582,1.8449053764343262,0.12070076912641525,0.12070076912641525,0.001207007677294314,5,2,10
6071,2538,3924,0.0,0.009999999776482582,1.9983717203140259,0.14262452721595764,0.14262452721595764,0.0014262452023103833,5,2,10
6072,2539,3357,0.0,0.009999999776482582,3.5557708740234375,0.3651101291179657,0.3651101291179657,0.003651101142168045,5,4,20
6073,2539,2540,0.0,0.009999999776482582,1.5918991565704346,0.08455701917409897,0.08455701917409897,0.0008455701754428446,5,2,10
6074,2540,2541,0.0,0.009999999776482582,1.0676343441009521,0.009662048891186714,0.009662048891186714,9.662048978498206e-05,5,2,10
6075,2541,3649,0.0,0.009999999776482582,4.902396202087402,0.5574851632118225,0.5574851632118225,0.005574851296842098,5,5,25
6076,4680,4681,0.0,0.009999999776482582,1.621384620666504,0.08876923471689224,0.08876923471689224,0.0008876923238858581,5,2,10
6077,4242,4681,0.0,0.009999999776482582,1.1769065856933594,0.025272369384765625,0.025272369384765625,0.00025272369384765625,5,2,10
6078,4242,4243,0.0,0.009999999776482582,1.79306161403656,0.11329451948404312,0.11329451948404312,0.0011329451808705926,5,2,10
6079,2542,2543,0.0,0.009999999776482582,1.0159101486206055,0.0022728783078491688,0.0022728783078491688,2.272878191433847e-05,5,2,10
6080,2543,4024,0.0,0.009999999776482582,1.0159101486206055,0.0022728783078491688,0.0022728783078491688,2.272878191433847e-05,5,2,10
6081,3263,4024,0.0,0.009999999776482582,1.2862355709075928,0.04089079424738884,0.04089079424738884,0.00040890794480219483,5,2,10
6082,2544,3828,0.0,0.009999999776482582,2.358599901199341,0.19408570230007172,0.19408570230007172,0.0019408570369705558,5,3,15
6083,2544,2545,0.0,0.009999999776482582,1.1722649335861206,0.02460927702486515,0.02460927702486515,0.0002460927644278854,5,2,10
6084,147,2545,0.0,0.009999999776482582,2.076228141784668,0.15374687314033508,0.15374687314033508,0.0015374687500298023,5,3,15
6085,2546,3567,0.0,0.009999999776482582,1.9910378456115723,0.1415768414735794,0.1415768414735794,0.0014157684054225683,5,2,10
6086,2546,4194,0.0,0.009999999776482582,2.24996280670166,0.178566113114357,0.178566113114357,0.001785661093890667,5,3,15
6087,2547,3203,0.0,0.009999999776482582,1.2130861282348633,0.03044087626039982,0.03044087626039982,0.0003044087497983128,5,2,10
6088,2547,2548,0.0,0.009999999776482582,1.1522130966186523,0.021744728088378906,0.021744728088378906,0.00021744727564509958,5,2,10
6089,2548,3644,0.0,0.009999999776482582,2.896044969558716,0.2708635628223419,0.2708635628223419,0.002708635525777936,5,3,15
6090,2549,3985,0.0,0.009999999776482582,1.9515475034713745,0.13593535125255585,0.13593535125255585,0.0013593534240499139,5,2,10
6091,2549,4244,0.0,0.009999999776482582,2.0493524074554443,0.14990748465061188,0.14990748465061188,0.0014990748604759574,5,3,15
6092,3985,4244,0.0,0.009999999776482582,2.0493524074554443,0.14990748465061188,0.14990748465061188,0.0014990748604759574,5,3,15
6093,2550,3100,0.0,0.009999999776482582,6.839209079742432,0.8341727256774902,0.8341727256774902,0.00834172684699297,5,7,35
6094,2550,2551,0.0,0.009999999776482582,1.907872200012207,0.12969602644443512,0.12969602644443512,0.0012969602830708027,5,2,10
6095,2551,2552,0.0,0.009999999776482582,3.09747314453125,0.2996390163898468,0.2996390163898468,0.002996389986947179,5,4,20
6096,2552,3220,0.0,0.009999999776482582,3.692145824432373,0.3845922648906708,0.3845922648906708,0.0038459226489067078,5,4,20
6097,2553,2554,0.0,0.009999999776482582,1.229552984237671,0.032793283462524414,0.032793283462524414,0.00032793282298371196,5,2,10
6098,2554,3061,0.0,0.009999999776482582,1.1004453897476196,0.01434934139251709,0.01434934139251709,0.00014349340926855803,5,2,10
6099,2555,3061,0.0,0.009999999776482582,1.1002012491226196,0.014314464293420315,0.014314464293420315,0.00014314464351627976,5,2,10
6100,2555,2556,0.0,0.009999999776482582,1.1869324445724487,0.026704635471105576,0.026704635471105576,0.0002670463582035154,5,2,10
6101,2556,3061,0.0,0.009999999776482582,1.1869324445724487,0.026704635471105576,0.026704635471105576,0.0002670463582035154,5,2,10
6102,2557,3062,0.0,0.009999999776482582,1.2681686878204346,0.03830981254577637,0.03830981254577637,0.0003830981149803847,5,2,10
6103,2557,2558,0.0,0.009999999776482582,1.322587251663208,0.04608389362692833,0.04608389362692833,0.00046083892812021077,5,2,10
6104,2558,3062,0.0,0.009999999776482582,1.322587251663208,0.04608389362692833,0.04608389362692833,0.00046083892812021077,5,2,10
6105,2559,3100,0.0,0.009999999776482582,6.839209079742432,0.8341727256774902,0.8341727256774902,0.00834172684699297,5,7,35
6106,2559,2560,0.0,0.009999999776482582,1.2654651403427124,0.03792359307408333,0.03792359307408333,0.0003792359202634543,5,2,10
6107,2560,2561,0.0,0.009999999776482582,1.2905843257904053,0.04151204600930214,0.04151204600930214,0.0004151204484514892,5,2,10
6108,2562,3770,0.0,0.009999999776482582,1.4138104915618896,0.05911578610539436,0.05911578610539436,0.0005911578191444278,5,2,10
6109,2562,2563,0.0,0.009999999776482582,1.343549132347107,0.04907844588160515,0.04907844588160515,0.0004907844704575837,5,2,10
6110,2563,3770,0.0,0.009999999776482582,1.4138104915618896,0.05911578610539436,0.05911578610539436,0.0005911578191444278,5,2,10
6111,2564,3181,0.0,0.009999999776482582,2.0928993225097656,0.15612848103046417,0.15612848103046417,0.001561284763738513,5,3,15
6112,2564,2565,0.0,0.009999999776482582,1.4911527633666992,0.07016468048095703,0.07016468048095703,0.0007016467861831188,5,2,10
6113,2565,2566,0.0,0.009999999776482582,1.3952057361602783,0.05645796284079552,0.05645796284079552,0.0005645796190947294,5,2,10
6114,3226,4245,0.0,0.009999999776482582,2.0732526779174805,0.15332181751728058,0.15332181751728058,0.0015332181937992573,5,3,15
6115,2567,4245,0.0,0.009999999776482582,2.0732526779174805,0.15332181751728058,0.15332181751728058,0.0015332181937992573,5,3,15
6116,2568,4245,0.0,0.009999999776482582,2.0732526779174805,0.15332181751728058,0.15332181751728058,0.0015332181937992573,5,3,15
6117,2568,2569,0.0,0.009999999776482582,1.7770966291427612,0.11101380735635757,0.11101380735635757,0.0011101380223408341,5,2,10
6118,2569,3467,0.0,0.009999999776482582,2.869222640991211,0.26703181862831116,0.26703181862831116,0.0026703181210905313,5,3,15
6119,3063,3123,0.0,0.009999999776482582,3.417282819747925,0.34532612562179565,0.34532612562179565,0.0034532612189650536,5,4,20
6120,2570,3063,0.0,0.009999999776482582,2.3271217346191406,0.18958881497383118,0.18958881497383118,0.0018958881264552474,5,3,15
6121,2571,3417,0.0,0.009999999776482582,1.8309732675552368,0.1187104657292366,0.1187104657292366,0.0011871046153828502,5,2,10
6122,2571,3118,0.0,0.009999999776482582,1.3571116924285889,0.051015954464673996,0.051015954464673996,0.0005101595306769013,5,2,10
6123,3118,3375,0.4999999701976776,0.5049999952316284,1.0033999681472778,0.0004857097228523344,0.0004857097228523344,0.0002452834160067141,5,2,10
6124,2572,3188,0.0,0.009999999776482582,2.884145736694336,0.26916366815567017,0.26916366815567017,0.002691636560484767,5,3,15
6125,2572,3787,0.0,0.009999999776482582,1.2724686861038208,0.03892409801483154,0.03892409801483154,0.0003892409731633961,5,2,10
6126,2573,3787,0.0,0.009999999776482582,1.2724686861038208,0.03892409801483154,0.03892409801483154,0.0003892409731633961,5,2,10
6127,2574,3123,0.0,0.009999999776482582,3.417282819747925,0.34532612562179565,0.34532612562179565,0.0034532612189650536,5,4,20
6128,2574,4113,0.0,0.009999999776482582,1.190294861793518,0.027184979990124702,0.027184979990124702,0.000271849799901247,5,2,10
6129,3644,4113,0.0,0.009999999776482582,2.896044969558716,0.2708635628223419,0.2708635628223419,0.002708635525777936,5,3,15
6130,2575,2576,0.0,0.009999999776482582,3.180321216583252,0.311474472284317,0.311474472284317,0.0031147445552051067,5,4,20
6131,2576,2577,0.0,0.009999999776482582,1.5185552835464478,0.07407932728528976,0.07407932728528976,0.000740793242584914,5,2,10
6132,2577,2578,0.0,0.009999999776482582,1.5185552835464478,0.07407932728528976,0.07407932728528976,0.000740793242584914,5,2,10
6133,2578,2579,0.0,0.009999999776482582,1.7862874269485474,0.11232677847146988,0.11232677847146988,0.0011232678079977632,5,2,10
6134,2579,2580,0.0,0.009999999776482582,1.7862874269485474,0.11232677847146988,0.11232677847146988,0.0011232678079977632,5,2,10
6135,3375,3978,0.0,0.009999999776482582,1.007405400276184,0.0010579143417999148,0.0010579143417999148,1.0579143236100208e-05,5,2,10
6136,3978,4247,0.0,0.009999999776482582,1.007405400276184,0.0010579143417999148,0.0010579143417999148,1.0579143236100208e-05,5,2,10
6137,3813,3814,0.0,0.009999999776482582,1.9125677347183228,0.13036681711673737,0.13036681711673737,0.0013036681339144707,5,2,10
6138,2581,3813,0.0,0.009999999776482582,1.842795491218567,0.1203993558883667,0.1203993558883667,0.0012039935681968927,5,2,10
6139,2581,3064,0.0,0.009999999776482582,1.5889365673065186,0.08413379639387131,0.08413379639387131,0.0008413379546254873,5,2,10
6140,3064,3813,0.0,0.009999999776482582,1.842795491218567,0.1203993558883667,0.1203993558883667,0.0012039935681968927,5,2,10
6141,3064,3065,0.0,0.009999999776482582,1.5867592096328735,0.08382274210453033,0.08382274210453033,0.0008382273954339325,5,2,10
6142,2582,3205,0.0,0.009999999776482582,1.6037623882293701,0.08625177294015884,0.08625177294015884,0.0008625176851637661,5,2,10
6143,2582,2583,0.0,0.009999999776482582,1.2230314016342163,0.03186162933707237,0.03186162933707237,0.0003186162794008851,5,2,10
6144,2583,2584,0.0,0.009999999776482582,1.47455632686615,0.06779376417398453,0.06779376417398453,0.0006779376417398453,5,2,10
6145,2584,3878,0.0,0.009999999776482582,3.259284019470215,0.3227548599243164,0.3227548599243164,0.0032275484409183264,5,4,20
6146,3102,4149,0.0,0.009999999776482582,1.8542988300323486,0.1220426931977272,0.1220426931977272,0.0012204268714413047,5,2,10
6147,2585,4149,0.0,0.009999999776482582,1.8542988300323486,0.1220426931977272,0.1220426931977272,0.0012204268714413047,5,2,10
6148,2585,3182,0.0,0.009999999776482582,2.9116992950439453,0.2730998992919922,0.2730998992919922,0.00273099890910089,5,3,15
6149,3128,3291,0.0,0.009999999776482582,1.8352457284927368,0.1193208172917366,0.1193208172917366,0.0011932081542909145,5,2,10
6150,2586,3291,0.0,0.009999999776482582,1.8352457284927368,0.1193208172917366,0.1193208172917366,0.0011932081542909145,5,2,10
6151,2586,3128,0.0,0.009999999776482582,1.8325238227844238,0.11893197149038315,0.11893197149038315,0.0011893196497112513,5,2,10
6152,2587,3336,0.0,0.009999999776482582,5.006368637084961,0.5723384022712708,0.5723384022712708,0.005723383743315935,5,6,30
6153,2587,2588,0.0,0.009999999776482582,1.8462084531784058,0.1208869218826294,0.1208869218826294,0.0012088691582903266,5,2,10
6154,2588,3231,0.0,0.009999999776482582,3.2500813007354736,0.321440190076828,0.321440190076828,0.0032144018914550543,5,4,20
6155,2589,2590,0.0,0.009999999776482582,2.3367724418640137,0.19096748530864716,0.19096748530864716,0.0019096748437732458,5,3,15
6156,2590,2591,0.0,0.009999999776482582,2.3076629638671875,0.1868089884519577,0.1868089884519577,0.0018680898938328028,5,3,15
6157,2591,2592,0.0,0.009999999776482582,2.351623773574829,0.19308911263942719,0.19308911263942719,0.0019308910705149174,5,3,15
6158,2593,3336,0.0,0.009999999776482582,5.006368637084961,0.5723384022712708,0.5723384022712708,0.005723383743315935,5,6,30
6159,2593,2594,0.0,0.009999999776482582,2.3420019149780273,0.1917145550251007,0.1917145550251007,0.0019171455642208457,5,3,15
6160,2594,2595,0.0,0.009999999776482582,1.50679349899292,0.0723990723490715,0.0723990723490715,0.0007239907281473279,5,2,10
6161,2596,3182,0.0,0.009999999776482582,2.9116992950439453,0.2730998992919922,0.2730998992919922,0.00273099890910089,5,3,15
6162,2596,3359,0.0,0.009999999776482582,2.267211437225342,0.18103019893169403,0.18103019893169403,0.0018103019101545215,5,3,15
6163,3336,3359,0.0,0.009999999776482582,5.006368637084961,0.5723384022712708,0.5723384022712708,0.005723383743315935,5,6,30
6164,3225,4169,0.0,0.009999999776482582,6.652153015136719,0.8074504137039185,0.8074504137039185,0.0080745043233037,5,7,35
6165,2597,4169,0.0,0.009999999776482582,2.1203861236572266,0.16005516052246094,0.16005516052246094,0.0016005515353754163,5,3,15
6166,2597,3171,0.0,0.009999999776482582,4.0310516357421875,0.4330073893070221,0.4330073893070221,0.004330073948949575,5,5,25
6167,3225,4682,0.0,0.009999999776482582,6.652153015136719,0.8074504137039185,0.8074504137039185,0.0080745043233037,5,7,35
6168,2598,4682,0.0,0.009999999776482582,1.488908052444458,0.06984400749206543,0.06984400749206543,0.000698440067935735,5,2,10
6169,2598,2599,0.0,0.009999999776482582,1.488908052444458,0.06984400749206543,0.06984400749206543,0.000698440067935735,5,2,10
6170,2599,2600,0.0,0.009999999776482582,1.2139742374420166,0.030567748472094536,0.030567748472094536,0.0003056774730794132,5,2,10
6171,2600,3225,0.0,0.009999999776482582,6.652153015136719,0.8074504137039185,0.8074504137039185,0.0080745043233037,5,7,35
6172,3171,3552,0.0,0.009999999776482582,4.0310516357421875,0.4330073893070221,0.4330073893070221,0.004330073948949575,5,5,25
6173,3552,4682,0.0,0.009999999776482582,1.6077680587768555,0.08682400733232498,0.08682400733232498,0.0008682400803081691,5,2,10
6174,3066,4682,0.0,0.009999999776482582,2.19112229347229,0.17016032338142395,0.17016032338142395,0.001701603177934885,5,3,15
6175,2601,4682,0.0,0.009999999776482582,1.3734126091003418,0.05334465950727463,0.05334465950727463,0.0005334466113708913,5,2,10
6176,2601,2602,0.0,0.009999999776482582,1.3734126091003418,0.05334465950727463,0.05334465950727463,0.0005334466113708913,5,2,10
6177,2602,2603,0.0,0.009999999776482582,1.1492809057235718,0.021325843408703804,0.021325843408703804,0.00021325843408703804,5,2,10
6178,2603,3552,0.0,0.009999999776482582,1.6077680587768555,0.08682400733232498,0.08682400733232498,0.0008682400803081691,5,2,10
6179,3552,4169,0.0,0.009999999776482582,2.1203861236572266,0.16005516052246094,0.16005516052246094,0.0016005515353754163,5,3,15
6180,2604,3102,0.0,0.009999999776482582,1.5925798416137695,0.08465426415205002,0.08465426415205002,0.0008465426508337259,5,2,10
6181,2604,2605,0.0,0.009999999776482582,1.398406982421875,0.056915283203125,0.056915283203125,0.0005691528203897178,5,2,10
6182,2605,3412,0.0,0.009999999776482582,3.583928108215332,0.3691325783729553,0.3691325783729553,0.0036913256626576185,5,4,20
6183,2606,3330,0.0,0.009999999776482582,1.732964038848877,0.10470914840698242,0.10470914840698242,0.0010470914421603084,5,2,10
6184,2606,2607,0.0,0.009999999776482582,1.5628094673156738,0.08040135353803635,0.08040135353803635,0.0008040135144256055,5,2,10
6185,2607,4248,0.0,0.009999999776482582,1.8422099351882935,0.12031570822000504,0.12031570822000504,0.0012031570076942444,5,2,10
6186,4223,4250,0.0,0.009999999776482582,3.3123960494995117,0.33034229278564453,0.33034229278564453,0.003303422825410962,5,4,20
6187,3353,4250,0.0,0.009999999776482582,1.9447453022003174,0.13496361672878265,0.13496361672878265,0.0013496361207216978,5,2,10
6188,3192,3353,0.0,0.009999999776482582,1.9447453022003174,0.13496361672878265,0.13496361672878265,0.0013496361207216978,5,2,10
6189,4222,4223,0.0,0.009999999776482582,3.3123960494995117,0.33034229278564453,0.33034229278564453,0.003303422825410962,5,4,20
6190,2608,4222,0.0,0.009999999776482582,1.2483367919921875,0.0354766845703125,0.0354766845703125,0.000354766845703125,5,2,10
6191,2608,3187,0.0,0.009999999776482582,5.219306945800781,0.6027581095695496,0.6027581095695496,0.006027581170201302,5,6,30
6192,3081,3189,0.0,0.009999999776482582,1.001092553138733,0.00015607902605552226,0.00015607902605552226,1.5607902241754346e-06,5,2,10
6193,2609,3189,0.0,0.009999999776482582,1.1308178901672363,0.018688270822167397,0.018688270822167397,0.00018688270938582718,5,2,10
6194,2609,3397,0.0,0.009999999776482582,1.5530353784561157,0.07900505512952805,0.07900505512952805,0.0007900505443103611,5,2,10
6195,2610,3375,0.0,0.009999999776482582,1.0000076293945312,1.0899135531872162e-06,1.0899135531872162e-06,1.0899134927910836e-08,5,2,10
6196,2610,3404,0.0,0.009999999776482582,1.1700419187545776,0.02429170347750187,0.02429170347750187,0.00024291702720802277,5,2,10
6197,3397,3404,0.0,0.009999999776482582,1.5530353784561157,0.07900505512952805,0.07900505512952805,0.0007900505443103611,5,2,10
6198,3756,3774,0.0,0.009999999776482582,2.0290699005126953,0.1470099836587906,0.1470099836587906,0.0014700997853651643,5,3,15
6199,3725,3756,0.0,0.009999999776482582,2.0596587657928467,0.15137982368469238,0.15137982368469238,0.0015137982554733753,5,3,15
6200,2611,3208,0.0,0.009999999776482582,6.996101379394531,0.8565859198570251,0.8565859198570251,0.00856585893779993,5,7,35
6201,2611,3862,0.0,0.009999999776482582,2.020857572555542,0.14583680033683777,0.14583680033683777,0.001458367914892733,5,3,15
6202,3756,3969,0.0,0.009999999776482582,2.1697707176208496,0.16711010038852692,0.16711010038852692,0.0016711009666323662,5,3,15
6203,2612,3208,0.0,0.009999999776482582,6.996101379394531,0.8565859198570251,0.8565859198570251,0.00856585893779993,5,7,35
6204,2612,3989,0.0,0.009999999776482582,2.0060067176818848,0.1437152475118637,0.1437152475118637,0.0014371523866429925,5,3,15
6205,3873,3989,0.0,0.009999999776482582,2.0060067176818848,0.1437152475118637,0.1437152475118637,0.0014371523866429925,5,3,15
6206,3724,3862,0.0,0.009999999776482582,2.0211684703826904,0.14588120579719543,0.14588120579719543,0.0014588120393455029,5,3,15
6207,3862,3873,0.0,0.009999999776482582,2.020857572555542,0.14583680033683777,0.14583680033683777,0.001458367914892733,5,3,15
6208,3208,3784,0.0,0.009999999776482582,6.996101379394531,0.8565859198570251,0.8565859198570251,0.00856585893779993,5,7,35
6209,3756,3784,0.0,0.009999999776482582,2.074536085128784,0.15350516140460968,0.15350516140460968,0.0015350516187027097,5,3,15
6210,2613,3283,0.0,0.009999999776482582,2.49000883102417,0.2128584086894989,0.2128584086894989,0.0021285840775817633,5,3,15
6211,2613,2614,0.0,0.009999999776482582,2.3649067878723145,0.19498668611049652,0.19498668611049652,0.0019498667679727077,5,3,15
6212,2614,3283,0.0,0.009999999776482582,2.49000883102417,0.2128584086894989,0.2128584086894989,0.0021285840775817633,5,3,15
6213,4683,4684,0.0,0.009999999776482582,1.4520456790924072,0.06457795202732086,0.06457795202732086,0.0006457794806919992,5,2,10
6214,2615,4683,0.0,0.009999999776482582,1.071717619895935,0.010245374403893948,0.010245374403893948,0.00010245374141959473,5,2,10
6215,2615,2616,0.0,0.009999999776482582,1.09747314453125,0.01392473466694355,0.01392473466694355,0.00013924734957981855,5,2,10
6216,2616,2617,0.0,0.009999999776482582,1.09747314453125,0.01392473466694355,0.01392473466694355,0.00013924734957981855,5,2,10
6217,2617,3525,0.0,0.009999999776482582,2.6304359436035156,0.23291942477226257,0.23291942477226257,0.0023291942197829485,5,3,15
6218,3402,4249,1.0,1.0,2.331136703491211,0.19016239047050476,0.19016239047050476,0.19016239047050476,5,3,15
6219,3402,4343,0.4999999701976776,0.5049999952316284,2.0206985473632812,0.14581407606601715,0.14581407606601715,0.07363610714673996,5,3,15
6220,4343,4344,0.0,0.009999999776482582,2.8310093879699707,0.26157277822494507,0.26157277822494507,0.0026157277170568705,5,3,15
6221,4685,4688,0.0,0.009999999776482582,2.4501609802246094,0.20716585218906403,0.20716585218906403,0.002071658382192254,5,3,15
6222,3393,4688,0.0,0.009999999776482582,2.0473833084106445,0.14962618052959442,0.14962618052959442,0.0014962618006393313,5,3,15
6223,3393,4246,0.4999999701976776,0.5049999952316284,2.3528385162353516,0.19326265156269073,0.19326265156269073,0.097597636282444,5,3,15
6224,4685,4686,0.0,0.009999999776482582,2.4501609802246094,0.20716585218906403,0.20716585218906403,0.002071658382192254,5,3,15
6225,2618,4686,0.0,0.009999999776482582,1.562860369682312,0.08040862530469894,0.08040862530469894,0.0008040862157940865,5,2,10
6226,2618,4246,0.0,0.009999999776482582,2.3528385162353516,0.19326265156269073,0.19326265156269073,0.0019326264737173915,5,3,15
6227,3402,4254,0.0,0.009999999776482582,2.1456520557403564,0.1636645793914795,0.1636645793914795,0.001636645756661892,5,3,15
6228,4252,4254,0.0,0.009999999776482582,2.1456520557403564,0.1636645793914795,0.1636645793914795,0.001636645756661892,5,3,15
6229,4246,4687,1.0,1.0,2.3528385162353516,0.19326265156269073,0.19326265156269073,0.19326265156269073,5,3,15
6230,3393,4687,0.4999999701976776,0.5049999952316284,2.2714738845825195,0.18163911998271942,0.18163911998271942,0.09172775596380234,5,3,15
6231,3393,4685,0.0,0.009999999776482582,2.4501609802246094,0.20716585218906403,0.20716585218906403,0.002071658382192254,5,3,15
6232,4246,4688,0.4999999701976776,0.5049999952316284,2.3528385162353516,0.19326265156269073,0.19326265156269073,0.097597636282444,5,3,15
6233,4254,4688,0.0,0.009999999776482582,2.1456520557403564,0.1636645793914795,0.1636645793914795,0.001636645756661892,5,3,15
6234,4246,4254,0.4999999701976776,0.5049999952316284,2.3528385162353516,0.19326265156269073,0.19326265156269073,0.097597636282444,5,3,15
6235,4246,4253,0.4999999701976776,0.5049999952316284,2.3528385162353516,0.19326265156269073,0.19326265156269073,0.097597636282444,5,3,15
6236,3403,4253,0.0,0.009999999776482582,1.9666094779968262,0.13808706402778625,0.13808706402778625,0.001380870584398508,5,2,10
6237,3403,4343,1.0,1.0,1.9666094779968262,0.13808706402778625,0.13808706402778625,0.13808706402778625,5,2,10
6238,4254,4343,0.0,0.009999999776482582,2.1456520557403564,0.1636645793914795,0.1636645793914795,0.001636645756661892,5,3,15
6239,3402,4686,0.0,0.009999999776482582,2.0206985473632812,0.14581407606601715,0.14581407606601715,0.001458140672184527,5,3,15
6240,4251,4686,0.0,0.009999999776482582,2.065840005874634,0.1522628515958786,0.1522628515958786,0.0015226284740492702,5,3,15
6241,3400,4251,0.0,0.009999999776482582,2.2600176334381104,0.18000252544879913,0.18000252544879913,0.001800025231204927,5,3,15
6242,3402,4687,0.0,0.009999999776482582,2.2714738845825195,0.18163911998271942,0.18163911998271942,0.0018163911299780011,5,3,15
6243,3402,4252,0.0,0.009999999776482582,2.1181724071502686,0.1597389131784439,0.1597389131784439,0.0015973891131579876,5,3,15
6244,2619,2620,0.0,0.009999999776482582,1.3744585514068604,0.05349407717585564,0.05349407717585564,0.0005349407438188791,5,2,10
6245,2620,2621,0.0,0.009999999776482582,1.3594157695770264,0.051345109939575195,0.051345109939575195,0.000513451115693897,5,2,10
6246,2621,2622,0.0,0.009999999776482582,1.3594157695770264,0.051345109939575195,0.051345109939575195,0.000513451115693897,5,2,10
6247,2622,2623,0.0,0.009999999776482582,1.4381023645401,0.06258605420589447,0.06258605420589447,0.0006258605280891061,5,2,10
6248,2623,2624,0.0,0.009999999776482582,1.4381023645401,0.06258605420589447,0.06258605420589447,0.0006258605280891061,5,2,10
6249,4253,4254,0.0,0.009999999776482582,2.1456520557403564,0.1636645793914795,0.1636645793914795,0.001636645756661892,5,3,15
6250,4254,4685,0.0,0.009999999776482582,2.4501609802246094,0.20716585218906403,0.20716585218906403,0.002071658382192254,5,3,15
6251,4246,4686,0.0,0.009999999776482582,2.3528385162353516,0.19326265156269073,0.19326265156269073,0.0019326264737173915,5,3,15
6252,3393,4686,0.0,0.009999999776482582,1.9642829895019531,0.13775470852851868,0.13775470852851868,0.001377547043375671,5,2,10
6253,3403,4246,1.0,1.0,2.3528385162353516,0.19326265156269073,0.19326265156269073,0.19326265156269073,5,3,15
6254,3403,4686,0.0,0.009999999776482582,1.9666094779968262,0.13808706402778625,0.13808706402778625,0.001380870584398508,5,2,10
6255,4686,4687,0.0,0.009999999776482582,2.2714738845825195,0.18163911998271942,0.18163911998271942,0.0018163911299780011,5,3,15
6256,4249,4687,0.0,0.009999999776482582,2.331136703491211,0.19016239047050476,0.19016239047050476,0.0019016239093616605,5,3,15
6257,4343,4686,0.4999999701976776,0.5049999952316284,1.760167121887207,0.10859530419111252,0.10859530419111252,0.05484062805771828,5,2,10
6258,4252,4686,0.0,0.009999999776482582,2.1181724071502686,0.1597389131784439,0.1597389131784439,0.0015973891131579876,5,3,15
6259,4251,4688,0.0,0.009999999776482582,2.065840005874634,0.1522628515958786,0.1522628515958786,0.0015226284740492702,5,3,15
6260,4251,4253,0.4999999701976776,0.5049999952316284,2.065840005874634,0.1522628515958786,0.1522628515958786,0.07689274102449417,5,3,15
6261,4251,4252,0.0,0.009999999776482582,2.1181724071502686,0.1597389131784439,0.1597389131784439,0.0015973891131579876,5,3,15
6262,3393,4251,0.4999999701976776,0.5049999952316284,2.065840005874634,0.1522628515958786,0.1522628515958786,0.07689274102449417,5,3,15
6263,3393,3402,0.4999999701976776,0.5049999952316284,2.0206985473632812,0.14581407606601715,0.14581407606601715,0.07363610714673996,5,3,15
6264,3402,4246,1.0,1.0,2.3528385162353516,0.19326265156269073,0.19326265156269073,0.19326265156269073,5,3,15
6265,2625,3393,0.0,0.009999999776482582,1.9642829895019531,0.13775470852851868,0.13775470852851868,0.001377547043375671,5,2,10
6266,2625,4251,0.0,0.009999999776482582,2.065840005874634,0.1522628515958786,0.1522628515958786,0.0015226284740492702,5,3,15
6267,4246,4251,0.4999999701976776,0.5049999952316284,2.3528385162353516,0.19326265156269073,0.19326265156269073,0.097597636282444,5,3,15
6268,4687,4688,0.0,0.009999999776482582,2.2714738845825195,0.18163911998271942,0.18163911998271942,0.0018163911299780011,5,3,15
6269,3402,4688,0.4999999701976776,0.5049999952316284,2.0473833084106445,0.14962618052959442,0.14962618052959442,0.07556121796369553,5,3,15
6270,4344,4687,0.4999999701976776,0.5049999952316284,2.8310093879699707,0.26157277822494507,0.26157277822494507,0.13209424912929535,5,3,15
6271,3403,4687,0.0,0.009999999776482582,2.2714738845825195,0.18163911998271942,0.18163911998271942,0.0018163911299780011,5,3,15
6272,4246,4343,0.0,0.009999999776482582,2.3528385162353516,0.19326265156269073,0.19326265156269073,0.0019326264737173915,5,3,15
6273,3393,4254,0.0,0.009999999776482582,2.1456520557403564,0.1636645793914795,0.1636645793914795,0.001636645756661892,5,3,15
6274,3402,4344,0.0,0.009999999776482582,2.8310093879699707,0.26157277822494507,0.26157277822494507,0.0026157277170568705,5,3,15
6275,4343,4687,0.0,0.009999999776482582,2.2714738845825195,0.18163911998271942,0.18163911998271942,0.0018163911299780011,5,3,15
6276,4252,4343,0.0,0.009999999776482582,2.1181724071502686,0.1597389131784439,0.1597389131784439,0.0015973891131579876,5,3,15
6277,3393,4252,0.0,0.009999999776482582,2.1181724071502686,0.1597389131784439,0.1597389131784439,0.0015973891131579876,5,3,15
6278,2626,3188,0.0,0.009999999776482582,2.884145736694336,0.26916366815567017,0.26916366815567017,0.002691636560484767,5,3,15
6279,2626,3118,0.0,0.009999999776482582,1.0554670095443726,0.007923858240246773,0.007923858240246773,7.923858356662095e-05,5,2,10
6280,2627,3090,0.0,0.009999999776482582,3.4312098026275635,0.3473156988620758,0.3473156988620758,0.0034731568302959204,5,4,20
6281,2627,2628,0.0,0.009999999776482582,1.2022202014923096,0.028888599947094917,0.028888599947094917,0.0002888859889935702,5,2,10
6282,2628,3090,0.0,0.009999999776482582,3.4312098026275635,0.3473156988620758,0.3473156988620758,0.0034731568302959204,5,4,20
6283,2629,2630,0.0,0.009999999776482582,2.168006181716919,0.1668580323457718,0.1668580323457718,0.0016685803420841694,5,3,15
6284,2630,2631,0.0,0.009999999776482582,2.168006181716919,0.1668580323457718,0.1668580323457718,0.0016685803420841694,5,3,15
6285,2631,2632,0.0,0.009999999776482582,1.96657395362854,0.13808199763298035,0.13808199763298035,0.0013808199437335134,5,2,10
6286,2632,2633,0.0,0.009999999776482582,2.0095913410186768,0.14422734081745148,0.14422734081745148,0.0014422733802348375,5,3,15
6287,2634,3363,0.0,0.009999999776482582,2.869727373123169,0.267103910446167,0.267103910446167,0.0026710389647632837,5,3,15
6288,3363,3373,0.0,0.009999999776482582,3.6226367950439453,0.3746623992919922,0.3746623992919922,0.003746623871847987,5,4,20
6289,2635,3195,0.0,0.009999999776482582,5.761999130249023,0.6802855730056763,0.6802855730056763,0.006802855525165796,5,6,30
6290,2635,2636,0.0,0.009999999776482582,1.350046157836914,0.05000659450888634,0.05000659450888634,0.0005000659148208797,5,2,10
6291,2636,3176,0.0,0.009999999776482582,3.1530306339263916,0.3075757920742035,0.3075757920742035,0.0030757577624171972,5,4,20
6292,3363,3364,0.0,0.009999999776482582,2.5236001014709473,0.2176571637392044,0.2176571637392044,0.002176571637392044,5,3,15
6293,2637,3363,0.0,0.009999999776482582,2.5236001014709473,0.2176571637392044,0.2176571637392044,0.002176571637392044,5,3,15
6294,2637,3373,0.0,0.009999999776482582,3.6226367950439453,0.3746623992919922,0.3746623992919922,0.003746623871847987,5,4,20
6295,2638,4358,0.0,0.009999999776482582,3.9828319549560547,0.4261188507080078,0.4261188507080078,0.004261188209056854,5,4,20
6296,2638,3679,0.0,0.009999999776482582,1.3686587810516357,0.05266553908586502,0.05266553908586502,0.0005266554071567953,5,2,10
6297,3680,4017,0.0,0.009999999776482582,2.148632287979126,0.1640903204679489,0.1640903204679489,0.0016409031813964248,5,3,15
6298,3679,4258,0.0,0.009999999776482582,3.3398547172546387,0.33426496386528015,0.33426496386528015,0.0033426496665924788,5,4,20
6299,3680,4358,0.4999999701976776,0.5049999952316284,3.9828319549560547,0.4261188507080078,0.4261188507080078,0.21519002318382263,5,4,20
6300,3067,3068,0.0,0.009999999776482582,2.2142019271850586,0.17345741391181946,0.17345741391181946,0.0017345740925520658,5,3,15
6301,2639,3067,0.0,0.009999999776482582,1.6191078424453735,0.08844397962093353,0.08844397962093353,0.0008844397962093353,5,2,10
6302,2639,3068,0.0,0.009999999776482582,2.2142019271850586,0.17345741391181946,0.17345741391181946,0.0017345740925520658,5,3,15
6303,3068,4256,0.0,0.009999999776482582,2.2142019271850586,0.17345741391181946,0.17345741391181946,0.0017345740925520658,5,3,15
6304,3592,4004,0.0,0.009999999776482582,2.1594648361206055,0.16563783586025238,0.16563783586025238,0.0016563782701268792,5,3,15
6305,3981,4004,0.4999999701976776,0.5049999952316284,1.4594923257827759,0.06564176082611084,0.06564176082611084,0.03314908966422081,5,2,10
6306,3981,4400,0.0,0.009999999776482582,3.569444179534912,0.3670634627342224,0.3670634627342224,0.0036706344690173864,5,4,20
6307,2640,3592,0.0,0.009999999776482582,2.1594648361206055,0.16563783586025238,0.16563783586025238,0.0016563782701268792,5,3,15
6308,2640,2641,0.0,0.009999999776482582,1.5856003761291504,0.08365719765424728,0.08365719765424728,0.0008365719695575535,5,2,10
6309,2641,3981,0.0,0.009999999776482582,1.4594923257827759,0.06564176082611084,0.06564176082611084,0.0006564175710082054,5,2,10
6310,3592,3981,0.4999999701976776,0.5049999952316284,2.1594648361206055,0.16563783586025238,0.16563783586025238,0.08364710956811905,5,3,15
6311,2642,2643,0.0,0.009999999776482582,1.0967172384262085,0.01381674874573946,0.01381674874573946,0.0001381674810545519,5,2,10
6312,2643,2644,0.0,0.009999999776482582,1.3226354122161865,0.04609077423810959,0.04609077423810959,0.0004609077295754105,5,2,10
6313,2644,2645,0.0,0.009999999776482582,1.3226354122161865,0.04609077423810959,0.04609077423810959,0.0004609077295754105,5,2,10
6314,2645,2646,0.0,0.009999999776482582,1.4915467500686646,0.0702209621667862,0.0702209621667862,0.0007022095960564911,5,2,10
6315,2646,2647,0.0,0.009999999776482582,1.4915467500686646,0.0702209621667862,0.0702209621667862,0.0007022095960564911,5,2,10
6316,2647,3361,0.0,0.009999999776482582,1.7027188539505005,0.10038840770721436,0.10038840770721436,0.0010038840118795633,5,2,10
6317,2648,3169,0.0,0.009999999776482582,2.132175922393799,0.16173942387104034,0.16173942387104034,0.0016173941548913717,5,3,15
6318,2648,2649,0.0,0.009999999776482582,1.81988525390625,0.11712646484375,0.11712646484375,0.0011712645646184683,5,2,10
6319,2649,2650,0.0,0.009999999776482582,1.5915720462799072,0.08451028913259506,0.08451028913259506,0.0008451028843410313,5,2,10
6320,2651,4258,0.0,0.009999999776482582,3.3398547172546387,0.33426496386528015,0.33426496386528015,0.0033426496665924788,5,4,20
6321,2651,3680,0.0,0.009999999776482582,1.617067575454712,0.08815251290798187,0.08815251290798187,0.0008815251057967544,5,2,10
6322,2652,4017,0.0,0.009999999776482582,2.148632287979126,0.1640903204679489,0.1640903204679489,0.0016409031813964248,5,3,15
6323,2652,3679,0.0,0.009999999776482582,1.2147976160049438,0.03068537451326847,0.03068537451326847,0.0003068537334911525,5,2,10
6324,2653,3364,0.0,0.009999999776482582,2.228006362915039,0.17542947828769684,0.17542947828769684,0.0017542947316542268,5,3,15
6325,2653,2654,0.0,0.009999999776482582,2.4264750480651855,0.20378215610980988,0.20378215610980988,0.0020378215704113245,5,3,15
6326,2654,3369,0.0,0.009999999776482582,2.4264750480651855,0.20378215610980988,0.20378215610980988,0.0020378215704113245,5,3,15
6327,2655,3590,0.0,0.009999999776482582,2.6847891807556152,0.2406841665506363,0.2406841665506363,0.0024068416096270084,5,3,15
6328,2655,2656,0.0,0.009999999776482582,2.090653419494629,0.15580762922763824,0.15580762922763824,0.0015580762410536408,5,3,15
6329,2656,3069,0.0,0.009999999776482582,2.0163068771362305,0.14518669247627258,0.14518669247627258,0.0014518669340759516,5,3,15
6330,3069,3129,0.0,0.009999999776482582,3.229459285736084,0.31849417090415955,0.31849417090415955,0.0031849415972828865,5,4,20
6331,3098,3188,0.0,0.009999999776482582,2.884145736694336,0.26916366815567017,0.26916366815567017,0.002691636560484767,5,3,15
6332,2657,3098,0.0,0.009999999776482582,1.7038896083831787,0.1005556583404541,0.1005556583404541,0.001005556550808251,5,2,10
6333,2657,3188,0.0,0.009999999776482582,2.884145736694336,0.26916366815567017,0.26916366815567017,0.002691636560484767,5,3,15
6334,2658,4315,0.0,0.009999999776482582,1.427925944328308,0.0611322782933712,0.0611322782933712,0.0006113227573223412,5,2,10
6335,3070,4315,0.4999999701976776,0.5049999952316284,1.2710881233215332,0.03872687369585037,0.03872687369585037,0.01955707184970379,5,2,10
6336,2659,4259,0.0,0.009999999776482582,1.4597415924072266,0.06567736715078354,0.06567736715078354,0.000656773685477674,5,2,10
6337,2659,2660,0.0,0.009999999776482582,1.5167012214660645,0.07381445914506912,0.07381445914506912,0.0007381445611827075,5,2,10
6338,2660,4259,0.0,0.009999999776482582,1.5167012214660645,0.07381445914506912,0.07381445914506912,0.0007381445611827075,5,2,10
6339,4260,4261,0.0,0.009999999776482582,1.5264179706573486,0.0752025693655014,0.0752025693655014,0.0007520256913267076,5,2,10
6340,2661,4261,0.0,0.009999999776482582,1.2582180500030518,0.03688829392194748,0.03688829392194748,0.00036888293107040226,5,2,10
6341,2661,2662,0.0,0.009999999776482582,1.2098619937896729,0.029980285093188286,0.029980285093188286,0.000299802835797891,5,2,10
6342,2662,4259,0.0,0.009999999776482582,1.4281251430511475,0.06116073578596115,0.06116073578596115,0.0006116073345765471,5,2,10
6343,2663,3467,0.0,0.009999999776482582,2.869222640991211,0.26703181862831116,0.26703181862831116,0.0026703181210905313,5,3,15
6344,2663,2664,0.0,0.009999999776482582,1.590307354927063,0.08432962000370026,0.08432962000370026,0.0008432961767539382,5,2,10
6345,2664,3467,0.0,0.009999999776482582,2.869222640991211,0.26703181862831116,0.26703181862831116,0.0026703181210905313,5,3,15
6346,2665,3373,0.0,0.009999999776482582,3.6226367950439453,0.3746623992919922,0.3746623992919922,0.003746623871847987,5,4,20
6347,2665,2666,0.0,0.009999999776482582,1.60927414894104,0.08703916519880295,0.08703916519880295,0.0008703916100785136,5,2,10
6348,2666,3373,0.0,0.009999999776482582,3.6226367950439453,0.3746623992919922,0.3746623992919922,0.003746623871847987,5,4,20
6349,2667,3373,0.0,0.009999999776482582,3.6226367950439453,0.3746623992919922,0.3746623992919922,0.003746623871847987,5,4,20
6350,2667,3546,0.0,0.009999999776482582,2.5748138427734375,0.2249734103679657,0.2249734103679657,0.0022497340105473995,5,3,15
6351,3546,3980,0.0,0.009999999776482582,2.5748138427734375,0.2249734103679657,0.2249734103679657,0.0022497340105473995,5,3,15
6352,2668,3987,0.0,0.009999999776482582,2.1167409420013428,0.15953442454338074,0.15953442454338074,0.0015953441616147757,5,3,15
6353,2668,2669,0.0,0.009999999776482582,1.810970664024353,0.115852952003479,0.115852952003479,0.0011585295433178544,5,2,10
6354,2669,3971,0.0,0.009999999776482582,1.810970664024353,0.115852952003479,0.115852952003479,0.0011585295433178544,5,2,10
6355,2670,3971,0.0,0.009999999776482582,1.7004096508026123,0.10005851835012436,0.10005851835012436,0.0010005851509049535,5,2,10
6356,3418,3971,0.0,0.009999999776482582,3.565641164779663,0.3665201663970947,0.3665201663970947,0.003665201598778367,5,4,20
6357,3364,3546,0.0,0.009999999776482582,2.5748138427734375,0.2249734103679657,0.2249734103679657,0.0022497340105473995,5,3,15
6358,3365,3546,0.0,0.009999999776482582,2.5748138427734375,0.2249734103679657,0.2249734103679657,0.0022497340105473995,5,3,15
6359,3365,3373,0.0,0.009999999776482582,3.6226367950439453,0.3746623992919922,0.3746623992919922,0.003746623871847987,5,4,20
6360,2671,2672,0.0,0.009999999776482582,1.2831637859344482,0.04045196995139122,0.04045196995139122,0.000404519698349759,5,2,10
6361,2672,2673,0.0,0.009999999776482582,1.2814280986785889,0.040204014629125595,0.040204014629125595,0.00040204013930633664,5,2,10
6362,2673,4077,0.0,0.009999999776482582,1.915587067604065,0.13079814612865448,0.13079814612865448,0.0013079814380034804,5,2,10
6363,2674,3980,0.0,0.009999999776482582,2.466488838195801,0.20949840545654297,0.20949840545654297,0.0020949840545654297,5,3,15
6364,2674,3365,0.0,0.009999999776482582,1.8861496448516846,0.12659280002117157,0.12659280002117157,0.001265927916392684,5,2,10
6365,3365,3549,0.0,0.009999999776482582,2.5140204429626465,0.21628864109516144,0.21628864109516144,0.002162886317819357,5,3,15
6366,2675,3250,0.0,0.009999999776482582,6.943184852600098,0.8490263819694519,0.8490263819694519,0.008490263484418392,5,7,35
6367,2675,2676,0.0,0.009999999776482582,1.5605294704437256,0.08007563650608063,0.08007563650608063,0.0008007563301362097,5,2,10
6368,2676,3250,0.0,0.009999999776482582,6.943184852600098,0.8490263819694519,0.8490263819694519,0.008490263484418392,5,7,35
6369,2677,3150,0.0,0.009999999776482582,2.647937297821045,0.2354196161031723,0.2354196161031723,0.0023541960399597883,5,3,15
6370,2677,2678,0.0,0.009999999776482582,1.8789048194885254,0.1255578249692917,0.1255578249692917,0.001255578245036304,5,2,10
6371,2678,3150,0.0,0.009999999776482582,2.647937297821045,0.2354196161031723,0.2354196161031723,0.0023541960399597883,5,3,15
6372,2679,2680,0.0,0.009999999776482582,1.0781997442245483,0.011171392165124416,0.011171392165124416,0.00011171391815878451,5,2,10
6373,2680,2681,0.0,0.009999999776482582,1.0781997442245483,0.011171392165124416,0.011171392165124416,0.00011171391815878451,5,2,10
6374,2681,2682,0.0,0.009999999776482582,1.0465497970581055,0.006649971008300781,0.006649971008300781,6.649970600847155e-05,5,2,10
6375,3371,3980,0.0,0.009999999776482582,2.466488838195801,0.20949840545654297,0.20949840545654297,0.0020949840545654297,5,3,15
6376,2683,3371,0.0,0.009999999776482582,1.6553986072540283,0.09362836927175522,0.09362836927175522,0.0009362836717627943,5,2,10
6377,2683,3605,0.0,0.009999999776482582,1.158012866973877,0.022573266178369522,0.022573266178369522,0.00022573265596292913,5,2,10
6378,2684,4267,0.0,0.009999999776482582,1.5570520162582397,0.07957886159420013,0.07957886159420013,0.0007957885973155499,5,2,10
6379,2685,4267,0.0,0.009999999776482582,1.1565531492233276,0.02236473560333252,0.02236473560333252,0.00022364735195878893,5,2,10
6380,2685,4288,0.0,0.009999999776482582,1.2595134973526,0.03707335516810417,0.03707335516810417,0.0003707335563376546,5,2,10
6381,4288,4290,0.0,0.009999999776482582,1.2595134973526,0.03707335516810417,0.03707335516810417,0.0003707335563376546,5,2,10
6382,4267,4290,0.0,0.009999999776482582,1.2115675210952759,0.03022393211722374,0.03022393211722374,0.0003022393211722374,5,2,10
6383,2686,3198,0.0,0.009999999776482582,6.814609527587891,0.830658495426178,0.830658495426178,0.008306584320962429,5,7,35
6384,2686,2687,0.0,0.009999999776482582,1.4532777070999146,0.064753957092762,0.064753957092762,0.0006475395639427006,5,2,10
6385,2687,4268,0.0,0.009999999776482582,1.4532777070999146,0.064753957092762,0.064753957092762,0.0006475395639427006,5,2,10
6386,2688,3099,0.0,0.009999999776482582,3.735480308532715,0.39078289270401,0.39078289270401,0.0039078290574252605,5,4,20
6387,2688,2689,0.0,0.009999999776482582,1.8406672477722168,0.12009532004594803,0.12009532004594803,0.0012009531492367387,5,2,10
6388,2689,3112,0.0,0.009999999776482582,3.870565414428711,0.41008076071739197,0.41008076071739197,0.004100807476788759,5,4,20
6389,3367,4026,0.0,0.009999999776482582,7.011823654174805,0.8588319420814514,0.8588319420814514,0.008588319644331932,5,8,40
6390,3118,4026,0.4999999701976776,0.5049999952316284,1.7262979745864868,0.1037568524479866,0.1037568524479866,0.05239721015095711,5,2,10
6391,3118,3417,0.4999999701976776,0.5049999952316284,1.8309732675552368,0.1187104657292366,0.1187104657292366,0.05994878336787224,5,2,10
6392,2690,3188,0.0,0.009999999776482582,2.884145736694336,0.26916366815567017,0.26916366815567017,0.002691636560484767,5,3,15
6393,2690,4026,0.0,0.009999999776482582,1.7262979745864868,0.1037568524479866,0.1037568524479866,0.0010375685524195433,5,2,10
6394,3417,4026,0.0,0.009999999776482582,1.8309732675552368,0.1187104657292366,0.1187104657292366,0.0011871046153828502,5,2,10
6395,2691,3375,0.0,0.009999999776482582,1.0000066757202148,9.5367431640625e-07,9.5367431640625e-07,9.53674295089968e-09,5,2,10
6396,2691,2692,0.0,0.009999999776482582,1.0000066757202148,9.5367431640625e-07,9.5367431640625e-07,9.53674295089968e-09,5,2,10
6397,2692,3375,0.0,0.009999999776482582,1.0000056028366089,8.004052460819366e-07,8.004052460819366e-07,8.00405253187364e-09,5,2,10
6398,2693,3071,0.0,0.009999999776482582,1.5374252796173096,0.07677503675222397,0.07677503675222397,0.000767750374507159,5,2,10
6399,2694,3071,0.0,0.009999999776482582,1.8071565628051758,0.11530808359384537,0.11530808359384537,0.0011530808405950665,5,2,10
6400,2694,3626,0.0,0.009999999776482582,1.8071565628051758,0.11530808359384537,0.11530808359384537,0.0011530808405950665,5,2,10
6401,2695,3448,0.0,0.009999999776482582,6.803559303283691,0.8290799260139465,0.8290799260139465,0.008290799334645271,5,7,35
6402,2695,4028,0.0,0.009999999776482582,1.7223528623580933,0.1031932681798935,0.1031932681798935,0.0010319326538592577,5,2,10
6403,3448,4270,0.4999999701976776,0.5049999952316284,6.803559303283691,0.8290799260139465,0.8290799260139465,0.41868534684181213,5,7,35
6404,2696,3448,0.0,0.009999999776482582,6.803559303283691,0.8290799260139465,0.8290799260139465,0.008290799334645271,5,7,35
6405,2696,4028,0.0,0.009999999776482582,1.7223528623580933,0.1031932681798935,0.1031932681798935,0.0010319326538592577,5,2,10
6406,2697,3674,0.0,0.009999999776482582,2.214744806289673,0.17353497445583344,0.17353497445583344,0.0017353496514260769,5,3,15
6407,3092,3674,0.0,0.009999999776482582,2.5829873085021973,0.2261410504579544,0.2261410504579544,0.002261410467326641,5,3,15
6408,3107,3218,0.0,0.009999999776482582,2.5049400329589844,0.21499143540859222,0.21499143540859222,0.0021499143913388252,5,3,15
6409,2698,3218,0.0,0.009999999776482582,2.5049400329589844,0.21499143540859222,0.21499143540859222,0.0021499143913388252,5,3,15
6410,2698,2699,0.0,0.009999999776482582,3.6090707778930664,0.37272438406944275,0.37272438406944275,0.00372724374756217,5,4,20
6411,2699,2700,0.0,0.009999999776482582,3.6090707778930664,0.37272438406944275,0.37272438406944275,0.00372724374756217,5,4,20
6412,2700,3607,0.0,0.009999999776482582,1.9333977699279785,0.13334253430366516,0.13334253430366516,0.0013334252871572971,5,2,10
6413,2701,3219,0.0,0.009999999776482582,2.2061078548431396,0.17230112850666046,0.17230112850666046,0.0017230112571269274,5,3,15
6414,2701,2702,0.0,0.009999999776482582,1.3318854570388794,0.04741220921278,0.04741220921278,0.00047412209096364677,5,2,10
6415,2702,3218,0.0,0.009999999776482582,2.5049400329589844,0.21499143540859222,0.21499143540859222,0.0021499143913388252,5,3,15
6416,2703,4272,0.0,0.009999999776482582,2.270146369934082,0.18144948780536652,0.18144948780536652,0.0018144948408007622,5,3,15
6417,2703,2704,0.0,0.009999999776482582,2.270146369934082,0.18144948780536652,0.18144948780536652,0.0018144948408007622,5,3,15
6418,2704,3349,0.0,0.009999999776482582,2.207235813140869,0.17246225476264954,0.17246225476264954,0.001724622561596334,5,3,15
6419,2705,3472,0.0,0.009999999776482582,3.912785530090332,0.4161122143268585,0.4161122143268585,0.004161122255027294,5,4,20
6420,2705,2706,0.0,0.009999999776482582,2.7845215797424316,0.25493165850639343,0.25493165850639343,0.0025493165012449026,5,3,15
6421,2706,3472,0.0,0.009999999776482582,3.912785530090332,0.4161122143268585,0.4161122143268585,0.004161122255027294,5,4,20
6422,3072,4689,0.0,0.009999999776482582,1.6314879655838013,0.09021256864070892,0.09021256864070892,0.0009021256701089442,5,2,10
6423,3349,4273,0.0,0.009999999776482582,2.207235813140869,0.17246225476264954,0.17246225476264954,0.001724622561596334,5,3,15
6424,2707,4273,0.0,0.009999999776482582,2.3978052139282227,0.1996864527463913,0.1996864527463913,0.001996864564716816,5,3,15
6425,2707,3349,0.0,0.009999999776482582,2.3978052139282227,0.1996864527463913,0.1996864527463913,0.001996864564716816,5,3,15
6426,3678,3680,0.0,0.009999999776482582,2.6883292198181152,0.2411898821592331,0.2411898821592331,0.0024118986912071705,5,3,15
6427,2708,3680,0.0,0.009999999776482582,1.9313706159591675,0.13305294513702393,0.13305294513702393,0.0013305294560268521,5,2,10
6428,2708,4258,0.0,0.009999999776482582,3.3398547172546387,0.33426496386528015,0.33426496386528015,0.0033426496665924788,5,4,20
6429,2709,4358,0.0,0.009999999776482582,3.9828319549560547,0.4261188507080078,0.4261188507080078,0.004261188209056854,5,4,20
6430,2709,2710,0.0,0.009999999776482582,1.350281834602356,0.050040263682603836,0.050040263682603836,0.0005004026461392641,5,2,10
6431,2710,3678,0.0,0.009999999776482582,2.6883292198181152,0.2411898821592331,0.2411898821592331,0.0024118986912071705,5,3,15
6432,2711,3678,0.0,0.009999999776482582,3.2245073318481445,0.3177867531776428,0.3177867531776428,0.003177867503836751,5,4,20
6433,2711,2712,0.0,0.009999999776482582,3.2245073318481445,0.3177867531776428,0.3177867531776428,0.003177867503836751,5,4,20
6434,2712,4358,0.0,0.009999999776482582,3.9828319549560547,0.4261188507080078,0.4261188507080078,0.004261188209056854,5,4,20
6435,2713,2714,0.0,0.009999999776482582,1.000000238418579,3.4059798537100505e-08,3.4059798537100505e-08,3.4059796649721363e-10,5,2,10
6436,2714,2715,0.0,0.009999999776482582,1.0114165544509888,0.0016309364000335336,0.0016309364000335336,1.630936276342254e-05,5,2,10
6437,2715,3426,0.0,0.009999999776482582,1.2671842575073242,0.03816917911171913,0.03816917911171913,0.0003816917887888849,5,2,10
6438,2716,2717,0.0,0.009999999776482582,1.2884913682937622,0.041213054209947586,0.041213054209947586,0.0004121305246371776,5,2,10
6439,2717,2718,0.0,0.009999999776482582,1.3555386066436768,0.05079123005270958,0.05079123005270958,0.0005079123075120151,5,2,10
6440,2718,2719,0.0,0.009999999776482582,1.3555386066436768,0.05079123005270958,0.05079123005270958,0.0005079123075120151,5,2,10
6441,2720,3471,0.0,0.009999999776482582,1.7876043319702148,0.1125149056315422,0.1125149056315422,0.0011251490795984864,5,2,10
6442,2720,4275,0.0,0.009999999776482582,1.93416428565979,0.13345204293727875,0.13345204293727875,0.0013345204060897231,5,2,10
6443,3471,4275,0.0,0.009999999776482582,1.93416428565979,0.13345204293727875,0.13345204293727875,0.0013345204060897231,5,2,10
6444,2721,4690,0.0,0.009999999776482582,1.169880986213684,0.02426871284842491,0.02426871284842491,0.0002426871214993298,5,2,10
6445,2722,4690,0.0,0.009999999776482582,1.1787365674972534,0.02553379535675049,0.02553379535675049,0.00025533794541843235,5,2,10
6446,2722,4013,0.0,0.009999999776482582,1.451087236404419,0.06444103270769119,0.06444103270769119,0.0006444103200919926,5,2,10
6447,2723,4013,0.0,0.009999999776482582,1.9453359842300415,0.1350480020046234,0.1350480020046234,0.0013504800153896213,5,2,10
6448,2723,4690,0.0,0.009999999776482582,1.9453359842300415,0.1350480020046234,0.1350480020046234,0.0013504800153896213,5,2,10
6449,2724,4690,0.0,0.009999999776482582,1.160854697227478,0.022979242727160454,0.022979242727160454,0.00022979242203291506,5,2,10
6450,2725,4690,0.0,0.009999999776482582,1.4819462299346924,0.06884945929050446,0.06884945929050446,0.0006884945905767381,5,2,10
6451,2725,2726,0.0,0.009999999776482582,1.4819462299346924,0.06884945929050446,0.06884945929050446,0.0006884945905767381,5,2,10
6452,2726,2727,0.0,0.009999999776482582,1.07875394821167,0.011250563897192478,0.011250563897192478,0.00011250563693465665,5,2,10
6453,2727,2728,0.0,0.009999999776482582,1.7591513395309448,0.10845018923282623,0.10845018923282623,0.0010845018550753593,5,2,10
6454,2728,4013,0.0,0.009999999776482582,1.7591513395309448,0.10845018923282623,0.10845018923282623,0.0010845018550753593,5,2,10
6455,2729,4013,0.0,0.009999999776482582,1.5931382179260254,0.08473403006792068,0.08473403006792068,0.0008473402704112232,5,2,10
6456,2729,2730,0.0,0.009999999776482582,2.1535837650299072,0.16479767858982086,0.16479767858982086,0.0016479766927659512,5,3,15
6457,2730,3157,0.0,0.009999999776482582,2.1535837650299072,0.16479767858982086,0.16479767858982086,0.0016479766927659512,5,3,15
6458,2731,3441,0.0,0.009999999776482582,3.104973793029785,0.300710529088974,0.300710529088974,0.0030071053188294172,5,4,20
6459,2731,2732,0.0,0.009999999776482582,1.283637285232544,0.04051961377263069,0.04051961377263069,0.0004051961295772344,5,2,10
6460,2732,3441,0.0,0.009999999776482582,3.104973793029785,0.300710529088974,0.300710529088974,0.0030071053188294172,5,4,20
6461,2733,3219,0.0,0.009999999776482582,2.587578296661377,0.22679689526557922,0.22679689526557922,0.0022679688408970833,5,3,15
6462,2733,2734,0.0,0.009999999776482582,2.587578296661377,0.22679689526557922,0.22679689526557922,0.0022679688408970833,5,3,15
6463,2734,3219,0.0,0.009999999776482582,2.2061078548431396,0.17230112850666046,0.17230112850666046,0.0017230112571269274,5,3,15
6464,2735,4277,0.0,0.009999999776482582,1.9211812019348145,0.13159731030464172,0.13159731030464172,0.0013159731170162559,5,2,10
6465,2735,2736,0.0,0.009999999776482582,1.9211812019348145,0.13159731030464172,0.13159731030464172,0.0013159731170162559,5,2,10
6466,2736,2737,0.0,0.009999999776482582,1.3932875394821167,0.05618393421173096,0.05618393421173096,0.0005618393188342452,5,2,10
6467,3073,3827,0.0,0.009999999776482582,1.5857577323913574,0.0836796760559082,0.0836796760559082,0.0008367967675440013,5,2,10
6468,2738,4346,0.0,0.009999999776482582,2.369734525680542,0.19567635655403137,0.19567635655403137,0.001956763444468379,5,3,15
6469,2738,2739,0.0,0.009999999776482582,1.545356035232544,0.0779080018401146,0.0779080018401146,0.0007790800300426781,5,2,10
6470,2739,4278,0.0,0.009999999776482582,2.002980947494507,0.14328299462795258,0.14328299462795258,0.0014328298857435584,5,3,15
6471,2740,4278,0.0,0.009999999776482582,2.002980947494507,0.14328299462795258,0.14328299462795258,0.0014328298857435584,5,3,15
6472,2740,2741,0.0,0.009999999776482582,2.038426637649536,0.1483466625213623,0.1483466625213623,0.001483466592617333,5,3,15
6473,2741,4278,0.0,0.009999999776482582,2.038426637649536,0.1483466625213623,0.1483466625213623,0.001483466592617333,5,3,15
6474,2742,4278,0.0,0.009999999776482582,2.2634329795837402,0.1804904192686081,0.1804904192686081,0.0018049041973426938,5,3,15
6475,2742,2743,0.0,0.009999999776482582,2.2634329795837402,0.1804904192686081,0.1804904192686081,0.0018049041973426938,5,3,15
6476,2743,2744,0.0,0.009999999776482582,1.2357088327407837,0.03367269039154053,0.03367269039154053,0.00033672689460217953,5,2,10
6477,2744,4032,0.0,0.009999999776482582,1.2357088327407837,0.03367269039154053,0.03367269039154053,0.00033672689460217953,5,2,10
6478,3074,4032,0.0,0.009999999776482582,1.7728323936462402,0.11040462553501129,0.11040462553501129,0.0011040462413802743,5,2,10
6479,2745,3074,0.0,0.009999999776482582,1.7728323936462402,0.11040462553501129,0.11040462553501129,0.0011040462413802743,5,2,10
6480,2745,2746,0.0,0.009999999776482582,1.6099767684936523,0.0871395394206047,0.0871395394206047,0.0008713954011909664,5,2,10
6481,2746,2747,0.0,0.009999999776482582,1.6099767684936523,0.0871395394206047,0.0871395394206047,0.0008713954011909664,5,2,10
6482,2747,2748,0.0,0.009999999776482582,1.2119243144989014,0.030274901539087296,0.030274901539087296,0.0003027490165550262,5,2,10
6483,2748,3074,0.0,0.009999999776482582,1.7728323936462402,0.11040462553501129,0.11040462553501129,0.0011040462413802743,5,2,10
6484,3074,4278,0.0,0.009999999776482582,2.002980947494507,0.14328299462795258,0.14328299462795258,0.0014328298857435584,5,3,15
6485,4032,4278,0.0,0.009999999776482582,2.002980947494507,0.14328299462795258,0.14328299462795258,0.0014328298857435584,5,3,15
6486,2749,4691,0.0,0.009999999776482582,2.6450858116149902,0.2350122630596161,0.2350122630596161,0.002350122667849064,5,3,15
6487,2749,4279,0.0,0.009999999776482582,2.2416868209838867,0.17738382518291473,0.17738382518291473,0.0017738381866365671,5,3,15
6488,3840,4279,0.0,0.009999999776482582,2.2416868209838867,0.17738382518291473,0.17738382518291473,0.0017738381866365671,5,3,15
6489,3765,4279,0.0,0.009999999776482582,3.1496989727020264,0.307099848985672,0.307099848985672,0.0030709984712302685,5,4,20
6490,2750,4692,0.0,0.009999999776482582,1.0750846862792969,0.01072638388723135,0.01072638388723135,0.00010726383334258571,5,2,10
6491,2750,2751,0.0,0.009999999776482582,1.1235682964324951,0.017652614042162895,0.017652614042162895,0.00017652614042162895,5,2,10
6492,2751,4692,0.0,0.009999999776482582,1.1235682964324951,0.017652614042162895,0.017652614042162895,0.00017652614042162895,5,2,10
6493,2752,4692,0.0,0.009999999776482582,1.0302246809005737,0.004317811690270901,0.004317811690270901,4.3178115447517484e-05,5,2,10
6494,2752,3880,0.0,0.009999999776482582,1.1227753162384033,0.017539331689476967,0.017539331689476967,0.00017539331747684628,5,2,10
6495,3880,4692,0.0,0.009999999776482582,1.1227753162384033,0.017539331689476967,0.017539331689476967,0.00017539331747684628,5,2,10
6496,3075,3076,0.0,0.009999999776482582,1.9021456241607666,0.12887795269489288,0.12887795269489288,0.0012887795455753803,5,2,10
6497,2753,3076,0.0,0.009999999776482582,1.9021456241607666,0.12887795269489288,0.12887795269489288,0.0012887795455753803,5,2,10
6498,2753,2754,0.0,0.009999999776482582,2.6369545459747314,0.2338506430387497,0.2338506430387497,0.002338506281375885,5,3,15
6499,2754,2755,0.0,0.009999999776482582,2.6369545459747314,0.2338506430387497,0.2338506430387497,0.002338506281375885,5,3,15
6500,2755,3075,0.0,0.009999999776482582,1.6410349607467651,0.09157641977071762,0.09157641977071762,0.0009157641907222569,5,2,10
6501,2756,3075,0.0,0.009999999776482582,1.6410349607467651,0.09157641977071762,0.09157641977071762,0.0009157641907222569,5,2,10
6502,2756,2757,0.0,0.009999999776482582,1.6034636497497559,0.08620909601449966,0.08620909601449966,0.0008620909648016095,5,2,10
6503,2757,3076,0.0,0.009999999776482582,1.9021456241607666,0.12887795269489288,0.12887795269489288,0.0012887795455753803,5,2,10
6504,2758,3076,0.0,0.009999999776482582,2.0390241146087646,0.14843201637268066,0.14843201637268066,0.001484320149756968,5,3,15
6505,2758,2759,0.0,0.009999999776482582,2.0390241146087646,0.14843201637268066,0.14843201637268066,0.001484320149756968,5,3,15
6506,2759,2760,0.0,0.009999999776482582,1.580780029296875,0.0829685777425766,0.0829685777425766,0.0008296857704408467,5,2,10
6507,2760,2761,0.0,0.009999999776482582,1.580780029296875,0.0829685777425766,0.0829685777425766,0.0008296857704408467,5,2,10
6508,2761,2762,0.0,0.009999999776482582,1.1843324899673462,0.026333212852478027,0.026333212852478027,0.00026333212736062706,5,2,10
6509,2763,4346,0.0,0.009999999776482582,2.369734525680542,0.19567635655403137,0.19567635655403137,0.001956763444468379,5,3,15
6510,2763,4693,0.0,0.009999999776482582,1.0978271961212158,0.013975313864648342,0.013975313864648342,0.0001397531304974109,5,2,10
6511,2764,4693,0.0,0.009999999776482582,1.2429327964782715,0.03470468521118164,0.03470468521118164,0.0003470468509476632,5,2,10
6512,2764,2765,0.0,0.009999999776482582,1.2429327964782715,0.03470468521118164,0.03470468521118164,0.0003470468509476632,5,2,10
6513,2765,4346,0.0,0.009999999776482582,2.369734525680542,0.19567635655403137,0.19567635655403137,0.001956763444468379,5,3,15
6514,4346,4693,0.0,0.009999999776482582,2.369734525680542,0.19567635655403137,0.19567635655403137,0.001956763444468379,5,3,15
6515,3077,4693,0.0,0.009999999776482582,1.0707870721817017,0.010112439282238483,0.010112439282238483,0.00010112438758369535,5,2,10
6516,3077,4280,0.0,0.009999999776482582,1.0895347595214844,0.012790679931640625,0.012790679931640625,0.00012790679465979338,5,2,10
6517,2766,2767,0.0,0.009999999776482582,2.3972506523132324,0.1996072381734848,0.1996072381734848,0.001996072242036462,5,3,15
6518,2767,2768,0.0,0.009999999776482582,2.225043535232544,0.1750062257051468,0.1750062257051468,0.001750062219798565,5,3,15
6519,2768,2769,0.0,0.009999999776482582,1.3872408866882324,0.055320125073194504,0.055320125073194504,0.0005532012437470257,5,2,10
6520,2769,2770,0.0,0.009999999776482582,1.4258838891983032,0.06084055453538895,0.06084055453538895,0.00060840550577268,5,2,10
6521,2770,2771,0.0,0.009999999776482582,1.4258838891983032,0.06084055453538895,0.06084055453538895,0.00060840550577268,5,2,10
6522,2771,2772,0.0,0.009999999776482582,1.4243686199188232,0.06062408909201622,0.06062408909201622,0.00060624087927863,5,2,10
6523,2772,2773,0.0,0.009999999776482582,1.4243686199188232,0.06062408909201622,0.06062408909201622,0.00060624087927863,5,2,10
6524,2773,2774,0.0,0.009999999776482582,1.4966092109680176,0.0709441751241684,0.0709441751241684,0.0007094417233020067,5,2,10
6525,2774,2775,0.0,0.009999999776482582,1.5020371675491333,0.07171959429979324,0.07171959429979324,0.0007171959150582552,5,2,10
6526,2775,2776,0.0,0.009999999776482582,4.185886383056641,0.4551266133785248,0.4551266133785248,0.004551265854388475,5,5,25
6527,2776,2777,0.0,0.009999999776482582,4.185886383056641,0.4551266133785248,0.4551266133785248,0.004551265854388475,5,5,25
6528,2777,2778,0.0,0.009999999776482582,2.020092010498047,0.14572742581367493,0.14572742581367493,0.001457274192944169,5,3,15
6529,2778,2779,0.0,0.009999999776482582,2.095053195953369,0.15643617510795593,0.15643617510795593,0.0015643617371097207,5,3,15
6530,3078,4694,0.0,0.009999999776482582,1.478763222694397,0.0683947429060936,0.0683947429060936,0.000683947408106178,5,2,10
6531,2780,3078,0.0,0.009999999776482582,1.478763222694397,0.0683947429060936,0.0683947429060936,0.000683947408106178,5,2,10
6532,2780,2781,0.0,0.009999999776482582,1.196202278137207,0.02802889607846737,0.02802889607846737,0.0002802889503072947,5,2,10
6533,2781,2782,0.0,0.009999999776482582,1.2001286745071411,0.02858981117606163,0.02858981117606163,0.00028589810244739056,5,2,10
6534,2782,2783,0.0,0.009999999776482582,1.2001286745071411,0.02858981117606163,0.02858981117606163,0.00028589810244739056,5,2,10
6535,2783,2784,0.0,0.009999999776482582,1.2469847202301025,0.03528353199362755,0.03528353199362755,0.00035283531178720295,5,2,10
6536,2784,2785,0.0,0.009999999776482582,1.2469847202301025,0.03528353199362755,0.03528353199362755,0.00035283531178720295,5,2,10
6537,2785,2786,0.0,0.009999999776482582,1.0462453365325928,0.0066064768470823765,0.0066064768470823765,6.606476381421089e-05,5,2,10
6538,2786,4694,0.0,0.009999999776482582,1.1116527318954468,0.015950391069054604,0.015950391069054604,0.00015950390661600977,5,2,10
6539,2787,4694,0.0,0.009999999776482582,1.4759085178375244,0.06798692792654037,0.06798692792654037,0.0006798692629672587,5,2,10
6540,2787,2788,0.0,0.009999999776482582,1.4759085178375244,0.06798692792654037,0.06798692792654037,0.0006798692629672587,5,2,10
6541,2788,4694,0.0,0.009999999776482582,1.1806668043136597,0.02580954320728779,0.02580954320728779,0.00025809541693888605,5,2,10
6542,3514,4282,1.0,1.0,5.630652904510498,0.661521852016449,0.661521852016449,0.661521852016449,5,6,30
6543,4281,4282,0.0,0.009999999776482582,1.9323536157608032,0.13319337368011475,0.13319337368011475,0.0013319336576387286,5,2,10
6544,3514,4281,0.0,0.009999999776482582,5.630652904510498,0.661521852016449,0.661521852016449,0.006615218240767717,5,6,30
6545,2789,4282,0.0,0.009999999776482582,1.8276222944259644,0.11823175847530365,0.11823175847530365,0.0011823175009340048,5,2,10
6546,4282,4695,1.0,1.0,1.7720613479614258,0.11029447615146637,0.11029447615146637,0.11029447615146637,5,2,10
6547,3514,4695,1.0,1.0,5.630652904510498,0.661521852016449,0.661521852016449,0.661521852016449,5,6,30
6548,2790,2791,0.0,0.009999999776482582,1.2559562921524048,0.036565184593200684,0.036565184593200684,0.0003656518238130957,5,2,10
6549,2791,3079,0.0,0.009999999776482582,1.2559562921524048,0.036565184593200684,0.036565184593200684,0.0003656518238130957,5,2,10
6550,3079,3952,0.4999999701976776,0.5049999952316284,1.8352863788604736,0.1193266287446022,0.1193266287446022,0.060259945690631866,5,2,10
6551,2792,3952,0.0,0.009999999776482582,1.8352863788604736,0.1193266287446022,0.1193266287446022,0.0011932662455365062,5,2,10
6552,2793,3419,0.0,0.009999999776482582,1.2419508695602417,0.03456440940499306,0.03456440940499306,0.0003456440754234791,5,2,10
6553,2793,2794,0.0,0.009999999776482582,1.0817089080810547,0.011672700755298138,0.011672700755298138,0.00011672700202325359,5,2,10
6554,2794,2795,0.0,0.009999999776482582,7.241605758666992,0.8916579484939575,0.8916579484939575,0.008916579186916351,5,8,40
6555,2795,2796,0.0,0.009999999776482582,7.241605758666992,0.8916579484939575,0.8916579484939575,0.008916579186916351,5,8,40
6556,2796,3593,0.0,0.009999999776482582,2.110529661178589,0.1586470901966095,0.1586470901966095,0.0015864708693698049,5,3,15
6557,2797,3593,0.0,0.009999999776482582,2.110529661178589,0.1586470901966095,0.1586470901966095,0.0015864708693698049,5,3,15
6558,2798,3593,0.0,0.009999999776482582,2.110529661178589,0.1586470901966095,0.1586470901966095,0.0015864708693698049,5,3,15
6559,2798,2799,0.0,0.009999999776482582,1.865110993385315,0.12358728796243668,0.12358728796243668,0.0012358728563413024,5,2,10
6560,2799,3134,0.0,0.009999999776482582,2.31124210357666,0.1873203068971634,0.1873203068971634,0.0018732029711827636,5,3,15
6561,2800,3238,0.0,0.009999999776482582,4.588430881500244,0.5126329660415649,0.5126329660415649,0.005126329604536295,5,5,25
6562,2800,2801,0.0,0.009999999776482582,1.8924989700317383,0.12749984860420227,0.12749984860420227,0.0012749984161928296,5,2,10
6563,2801,3238,0.0,0.009999999776482582,4.588430881500244,0.5126329660415649,0.5126329660415649,0.005126329604536295,5,5,25
6564,3246,4166,0.0,0.009999999776482582,1.6294312477111816,0.08991874754428864,0.08991874754428864,0.0008991874638013542,5,2,10
6565,3246,4542,0.0,0.009999999776482582,2.1473217010498047,0.1639031022787094,0.1639031022787094,0.001639030990190804,5,3,15
6566,2802,4542,0.0,0.009999999776482582,2.1473217010498047,0.1639031022787094,0.1639031022787094,0.001639030990190804,5,3,15
6567,2802,4166,0.0,0.009999999776482582,1.6294312477111816,0.08991874754428864,0.08991874754428864,0.0008991874638013542,5,2,10
6568,3080,4542,0.0,0.009999999776482582,2.1473217010498047,0.1639031022787094,0.1639031022787094,0.001639030990190804,5,3,15
6569,2803,3080,0.0,0.009999999776482582,1.316011905670166,0.04514455795288086,0.04514455795288086,0.0004514455795288086,5,2,10
6570,2803,4542,0.0,0.009999999776482582,2.1473217010498047,0.1639031022787094,0.1639031022787094,0.001639030990190804,5,3,15
6571,2804,4542,0.0,0.009999999776482582,2.1473217010498047,0.1639031022787094,0.1639031022787094,0.001639030990190804,5,3,15
6572,2804,2805,0.0,0.009999999776482582,1.2936023473739624,0.04194319248199463,0.04194319248199463,0.0004194319189991802,5,2,10
6573,2805,4542,0.0,0.009999999776482582,2.1473217010498047,0.1639031022787094,0.1639031022787094,0.001639030990190804,5,3,15
6574,3191,3855,0.0,0.009999999776482582,3.7095437049865723,0.387077659368515,0.387077659368515,0.0038707766216248274,5,4,20
6575,2806,3855,0.0,0.009999999776482582,2.1660232543945312,0.16657474637031555,0.16657474637031555,0.001665747375227511,5,3,15
6576,2806,3377,0.0,0.009999999776482582,2.1660232543945312,0.16657474637031555,0.16657474637031555,0.001665747375227511,5,3,15
6577,3211,3262,0.0,0.009999999776482582,1.3166389465332031,0.045234136283397675,0.045234136283397675,0.0004523413663264364,5,2,10
6578,3262,4287,0.0,0.009999999776482582,1.3166389465332031,0.045234136283397675,0.045234136283397675,0.0004523413663264364,5,2,10
6579,3553,4136,0.0,0.009999999776482582,5.665593147277832,0.6665133237838745,0.6665133237838745,0.006665132939815521,5,6,30
6580,2807,3553,0.0,0.009999999776482582,2.3297150135040283,0.18995928764343262,0.18995928764343262,0.001899592811241746,5,3,15
6581,2807,3335,0.0,0.009999999776482582,7.126559734344482,0.8752228021621704,0.8752228021621704,0.008752227760851383,5,8,40
6582,3377,4163,0.4999999701976776,0.5049999952316284,1.3446415662765503,0.04923450946807861,0.04923450946807861,0.024863427504897118,5,2,10
6583,3377,4624,0.0,0.009999999776482582,1.2095990180969238,0.029942717403173447,0.029942717403173447,0.0002994271635543555,5,2,10
6584,2808,4624,0.0,0.009999999776482582,1.2095990180969238,0.029942717403173447,0.029942717403173447,0.0002994271635543555,5,2,10
6585,2808,2809,0.0,0.009999999776482582,2.886190414428711,0.26945576071739197,0.26945576071739197,0.0026945576537400484,5,3,15
6586,2809,4152,0.0,0.009999999776482582,2.886190414428711,0.26945576071739197,0.26945576071739197,0.0026945576537400484,5,3,15
6587,2810,3188,0.0,0.009999999776482582,2.884145736694336,0.26916366815567017,0.26916366815567017,0.002691636560484767,5,3,15
6588,2810,2811,0.0,0.009999999776482582,1.4643982648849487,0.06634260714054108,0.06634260714054108,0.0006634260644204915,5,2,10
6589,2811,3367,0.0,0.009999999776482582,7.011823654174805,0.8588319420814514,0.8588319420814514,0.008588319644331932,5,8,40
6590,2812,3477,0.0,0.009999999776482582,4.504144668579102,0.5005921125411987,0.5005921125411987,0.005005921237170696,5,5,25
6591,2812,2813,0.0,0.009999999776482582,2.367131233215332,0.19530446827411652,0.19530446827411652,0.0019530446734279394,5,3,15
6592,2813,3477,0.0,0.009999999776482582,4.504144668579102,0.5005921125411987,0.5005921125411987,0.005005921237170696,5,5,25
6593,2814,3850,0.0,0.009999999776482582,1.585747480392456,0.08367820829153061,0.08367820829153061,0.0008367820410057902,5,2,10
6594,2814,4292,0.0,0.009999999776482582,1.585747480392456,0.08367820829153061,0.08367820829153061,0.0008367820410057902,5,2,10
6595,3878,4292,0.0,0.009999999776482582,3.259284019470215,0.3227548599243164,0.3227548599243164,0.0032275484409183264,5,4,20
6596,2815,2816,0.0,0.009999999776482582,1.1775615215301514,0.025365931913256645,0.025365931913256645,0.0002536593237891793,5,2,10
6597,2816,2817,0.0,0.009999999776482582,1.5846052169799805,0.08351503312587738,0.08351503312587738,0.000835150305647403,5,2,10
6598,2817,2818,0.0,0.009999999776482582,1.6744167804718018,0.09634525328874588,0.09634525328874588,0.0009634525049477816,5,2,10
6599,2818,4347,0.0,0.009999999776482582,2.891364097595215,0.2701948583126068,0.2701948583126068,0.002701948629692197,5,3,15
6600,2819,4146,0.0,0.009999999776482582,5.02755880355835,0.5753655433654785,0.5753655433654785,0.005753655452281237,5,6,30
6601,2820,4146,0.0,0.009999999776482582,2.1683342456817627,0.16690489649772644,0.16690489649772644,0.0016690489137545228,5,3,15
6602,2820,3308,0.0,0.009999999776482582,6.258337497711182,0.7511910796165466,0.7511910796165466,0.007511910516768694,5,7,35
